2	32	7.709999084472656250e-01
4	33	7.573853731155395508e-01
3	32	7.208361625671386719e-01
5	32	7.041471600532531738e-01
3	33	6.825085282325744629e-01
2	33	6.538689136505126953e-01
3	31	6.435228586196899414e-01
5	30	6.093965768814086914e-01
4	32	5.911787748336791992e-01
1	33	5.708656311035156250e-01
6	31	5.673267841339111328e-01
4	31	5.596588850021362305e-01
3	34	5.414401888847351074e-01
6	30	5.350977778434753418e-01
7	30	5.227657556533813477e-01
5	31	5.171505212783813477e-01
6	29	5.139777064323425293e-01
4	30	5.099772810935974121e-01
2	31	4.917528033256530762e-01
1	34	4.778813123703002930e-01
1	32	4.279075860977172852e-01
3	30	4.025970399379730225e-01
2	34	3.888409435749053955e-01
5	29	3.126220703125000000e-01
4	29	1.680338084697723389e-01
1	28	1.640751659870147705e-01
1	29	1.293358206748962402e-01
2	28	1.281992793083190918e-01
2	27	1.271668970584869385e-01
3	27	1.014885902404785156e-01
5	28	9.786278009414672852e-02
1	27	7.238695025444030762e-02
3	26	7.040956616401672363e-02
4	27	6.194990873336791992e-02
