13	42	7.161252200603485107e-02
13	43	7.092264294624328613e-02
14	41	7.036864757537841797e-02
14	44	6.553426384925842285e-02
12	43	6.397531926631927490e-02
11	44	6.201756000518798828e-02
14	42	6.123700737953186035e-02
12	44	6.049802899360656738e-02
13	44	5.911403894424438477e-02
11	40	5.871231853961944580e-02
6	33	5.858662724494934082e-02
7	31	5.823180079460144043e-02
6	34	5.803008377552032471e-02
15	40	5.797758698463439941e-02
15	41	5.745443701744079590e-02
14	43	5.719380080699920654e-02
11	41	5.685842037200927734e-02
10	40	5.683566629886627197e-02
8	37	5.646944046020507812e-02
9	38	5.621409416198730469e-02
9	39	5.614165961742401123e-02
9	37	5.594167113304138184e-02
6	32	5.563808977603912354e-02
8	38	5.563677847385406494e-02
11	43	5.552841722965240479e-02
9	40	5.528895556926727295e-02
7	32	5.513757467269897461e-02
13	41	5.477266013622283936e-02
7	37	5.468918383121490479e-02
10	41	5.462908744812011719e-02
15	44	5.458678305149078369e-02
12	42	5.452929437160491943e-02
6	35	5.412991344928741455e-02
15	43	5.411420762538909912e-02
7	33	5.382844805717468262e-02
10	44	5.367884039878845215e-02
8	36	5.350825190544128418e-02
8	39	5.327890813350677490e-02
10	39	5.327612161636352539e-02
6	36	5.316540598869323730e-02
5	35	5.309627950191497803e-02
7	38	5.306105315685272217e-02
5	34	5.296878516674041748e-02
16	40	5.294209718704223633e-02
