4	112	9.303691387176513672e-01
2	112	9.293119907379150391e-01
2	111	9.233633279800415039e-01
3	112	9.073578119277954102e-01
1	112	8.995006084442138672e-01
3	111	8.924382328987121582e-01
2	113	8.866273164749145508e-01
5	111	8.732960224151611328e-01
3	113	8.718566894531250000e-01
4	111	8.707178831100463867e-01
6	108	8.671676516532897949e-01
6	109	8.497195243835449219e-01
6	110	8.491910099983215332e-01
6	107	8.398777842521667480e-01
5	109	8.289740681648254395e-01
7	109	8.241688013076782227e-01
7	107	8.199926614761352539e-01
3	110	8.160201311111450195e-01
4	110	8.136755228042602539e-01
5	110	8.063517212867736816e-01
5	108	8.050755262374877930e-01
4	109	8.048013448715209961e-01
7	108	8.021294474601745605e-01
2	110	7.902836799621582031e-01
1	111	7.890689969062805176e-01
1	113	7.848077416419982910e-01
7	106	7.739848494529724121e-01
4	108	7.710304260253906250e-01
3	109	7.577342391014099121e-01
5	107	7.574433684349060059e-01
6	106	7.504608631134033203e-01
8	108	6.934953927993774414e-01
8	106	6.382431983947753906e-01
2	114	6.341404318809509277e-01
8	107	6.333920955657958984e-01
7	105	5.992963314056396484e-01
1	114	5.883790254592895508e-01
8	105	5.243344306945800781e-01
9	107	4.552401602268218994e-01
9	106	4.283587336540222168e-01
9	105	3.846966028213500977e-01
8	104	3.237072229385375977e-01
1	107	3.182061910629272461e-01
2	106	2.972472906112670898e-01
10	106	2.856827378273010254e-01
3	105	2.787891626358032227e-01
9	104	2.664188742637634277e-01
4	104	2.616304159164428711e-01
10	105	2.344217896461486816e-01
1	108	2.317824512720108032e-01
3	106	2.212706953287124634e-01
4	105	2.190246433019638062e-01
2	107	2.146547138690948486e-01
5	104	1.956276595592498779e-01
10	104	1.933680176734924316e-01
1	106	1.783098280429840088e-01
2	105	1.723258197307586670e-01
5	103	1.650919020175933838e-01
9	103	1.622549295425415039e-01
11	105	1.465206444263458252e-01
6	103	1.409180462360382080e-01
10	103	1.376960128545761108e-01
3	104	1.327793449163436890e-01
65	91	1.306793391704559326e-01
68	92	1.303977519273757935e-01
64	92	1.274175494909286499e-01
8	103	1.250953823328018188e-01
63	93	1.239080578088760376e-01
62	94	1.238175928592681885e-01
66	90	1.227020323276519775e-01
8	35	1.185437291860580444e-01
7	104	1.184939742088317871e-01
61	95	1.153706908226013184e-01
67	91	1.150323003530502319e-01
11	103	1.145947277545928955e-01
7	35	1.136413067579269409e-01
11	104	1.128458231687545776e-01
11	106	1.118240058422088623e-01
7	36	1.108856797218322754e-01
10	102	1.107119619846343994e-01
8	36	1.103840023279190063e-01
9	35	1.095070093870162964e-01
65	95	1.088546812534332275e-01
67	92	1.080392152070999146e-01
9	102	1.053286492824554443e-01
11	36	1.045697927474975586e-01
9	36	1.043943166732788086e-01
10	36	1.037105917930603027e-01
6	105	1.024198234081268311e-01
64	96	1.020152270793914795e-01
66	91	9.994819760322570801e-02
11	35	9.954769909381866455e-02
67	93	9.924852848052978516e-02
9	58	9.873765707015991211e-02
10	35	9.861692786216735840e-02
10	37	9.845301508903503418e-02
9	37	9.827214479446411133e-02
11	102	9.812861680984497070e-02
10	58	9.712868928909301758e-02
9	59	9.700779616832733154e-02
8	34	9.636303782463073730e-02
66	93	9.603407979011535645e-02
65	94	9.561873972415924072e-02
7	37	9.532870352268218994e-02
9	57	9.435886144638061523e-02
4	103	9.416764974594116211e-02
10	59	9.409679472446441650e-02
64	95	9.403344988822937012e-02
61	96	9.371608495712280273e-02
12	36	9.353153407573699951e-02
10	107	9.307482838630676270e-02
10	57	9.297217428684234619e-02
66	94	9.284889698028564453e-02
60	96	9.181185066699981689e-02
