#======================================================================
# PARAMETERS USED FOR THIS COMPUTATION: 
#	Sequence type: RNA
#	Total number of sequences in alignment data: 3
#	Length of sequences in alignment data: 44
#	Value of sequence identity: 0.8
#	lambda_h: 8.6
#	lambda_J: 8.6
#	Number of gradient decent iterations: 500
# The First and Second columns represent sites and the
# Third column is PLMDCA Frobenius norm, average product corrected (APC) DCA score
#======================================================================
1       7              0.03503565195908239                
7       14             0.035035651765802464               
4       6              0.0350356470211408                 
4       16             0.03503564694382883                
1       6              0.035035646479957036               
1       16             0.03503564640264506                
1       4              0.03503564601608521                
4       14             0.035035645822805286               
2       6              0.03503564570683736                
2       16             0.03503564562952538                
6       7              0.03503564551355744                
7       16             0.03503564543624546                
1       14             0.035035645281621494               
2       4              0.03503564524296553                
4       7              0.0350356450496856                 
1       2              0.03503564470178172                
2       14             0.03503564450850179                
2       7              0.035035643735382066               
6       16             0.03503563995712004                
6       14             0.03503563883609652                
14      16             0.03503563875878454                
1       17             0.015782748426162077               
14      17             0.015782748288707224               
7       17             0.015782747738887815               
6       17             0.015782745415637                  
16      17             0.015782745360655062               
4       17             0.01578274508574536                
2       17             0.01578274415105237                
6       23             0.012761148014898572               
7       23             0.012761146187141716               
4       23             0.012761143859547838               
1       23             0.012761143357810662               
14      23             0.012761143178618813               
2       23             0.012761142641043263               
16      23             0.012761140492641234               
17      23             0.009926505848775365               
8       9              0.0016640695515818746              
8       10             0.0016640695515818746              
8       11             0.0016640695515818746              
8       13             0.0016640695515818746              
8       15             0.0016640695515818746              
8       18             0.0016640695515818746              
8       19             0.0016640695515818746              
8       20             0.0016640695515818746              
8       21             0.0016640695515818746              
8       26             0.0016640695515818746              
8       27             0.0016640695515818746              
8       29             0.0016640695515818746              
8       34             0.0016640695515818746              
8       35             0.0016640695515818746              
8       37             0.0016640695515818746              
8       40             0.0016640695515818746              
8       41             0.0016640695515818746              
8       42             0.0016640695515818746              
8       43             0.0016640695515818746              
8       44             0.0016640695515818746              
9       10             0.0016640695515818746              
9       11             0.0016640695515818746              
9       13             0.0016640695515818746              
9       15             0.0016640695515818746              
9       18             0.0016640695515818746              
9       19             0.0016640695515818746              
9       20             0.0016640695515818746              
9       21             0.0016640695515818746              
9       26             0.0016640695515818746              
9       27             0.0016640695515818746              
9       29             0.0016640695515818746              
9       34             0.0016640695515818746              
9       35             0.0016640695515818746              
9       37             0.0016640695515818746              
9       40             0.0016640695515818746              
9       41             0.0016640695515818746              
9       42             0.0016640695515818746              
9       43             0.0016640695515818746              
9       44             0.0016640695515818746              
10      11             0.0016640695515818746              
10      13             0.0016640695515818746              
10      15             0.0016640695515818746              
10      18             0.0016640695515818746              
10      19             0.0016640695515818746              
10      20             0.0016640695515818746              
10      21             0.0016640695515818746              
10      26             0.0016640695515818746              
10      27             0.0016640695515818746              
10      29             0.0016640695515818746              
10      34             0.0016640695515818746              
10      35             0.0016640695515818746              
10      37             0.0016640695515818746              
10      40             0.0016640695515818746              
10      41             0.0016640695515818746              
10      42             0.0016640695515818746              
10      43             0.0016640695515818746              
10      44             0.0016640695515818746              
11      13             0.0016640695515818746              
11      15             0.0016640695515818746              
11      18             0.0016640695515818746              
11      19             0.0016640695515818746              
11      20             0.0016640695515818746              
11      21             0.0016640695515818746              
11      26             0.0016640695515818746              
11      27             0.0016640695515818746              
11      29             0.0016640695515818746              
11      34             0.0016640695515818746              
11      35             0.0016640695515818746              
11      37             0.0016640695515818746              
11      40             0.0016640695515818746              
11      41             0.0016640695515818746              
11      42             0.0016640695515818746              
11      43             0.0016640695515818746              
11      44             0.0016640695515818746              
13      15             0.0016640695515818746              
13      18             0.0016640695515818746              
13      19             0.0016640695515818746              
13      20             0.0016640695515818746              
13      21             0.0016640695515818746              
13      26             0.0016640695515818746              
13      27             0.0016640695515818746              
13      29             0.0016640695515818746              
13      34             0.0016640695515818746              
13      35             0.0016640695515818746              
13      37             0.0016640695515818746              
13      40             0.0016640695515818746              
13      41             0.0016640695515818746              
13      42             0.0016640695515818746              
13      43             0.0016640695515818746              
13      44             0.0016640695515818746              
15      18             0.0016640695515818746              
15      19             0.0016640695515818746              
15      20             0.0016640695515818746              
15      21             0.0016640695515818746              
15      26             0.0016640695515818746              
15      27             0.0016640695515818746              
15      29             0.0016640695515818746              
15      34             0.0016640695515818746              
15      35             0.0016640695515818746              
15      37             0.0016640695515818746              
15      40             0.0016640695515818746              
15      41             0.0016640695515818746              
15      42             0.0016640695515818746              
15      43             0.0016640695515818746              
15      44             0.0016640695515818746              
18      19             0.0016640695515818746              
18      20             0.0016640695515818746              
18      21             0.0016640695515818746              
18      26             0.0016640695515818746              
18      27             0.0016640695515818746              
18      29             0.0016640695515818746              
18      34             0.0016640695515818746              
18      35             0.0016640695515818746              
18      37             0.0016640695515818746              
18      40             0.0016640695515818746              
18      41             0.0016640695515818746              
18      42             0.0016640695515818746              
18      43             0.0016640695515818746              
18      44             0.0016640695515818746              
19      20             0.0016640695515818746              
19      21             0.0016640695515818746              
19      26             0.0016640695515818746              
19      27             0.0016640695515818746              
19      29             0.0016640695515818746              
19      34             0.0016640695515818746              
19      35             0.0016640695515818746              
19      37             0.0016640695515818746              
19      40             0.0016640695515818746              
19      41             0.0016640695515818746              
19      42             0.0016640695515818746              
19      43             0.0016640695515818746              
19      44             0.0016640695515818746              
20      21             0.0016640695515818746              
20      26             0.0016640695515818746              
20      27             0.0016640695515818746              
20      29             0.0016640695515818746              
20      34             0.0016640695515818746              
20      35             0.0016640695515818746              
20      37             0.0016640695515818746              
20      40             0.0016640695515818746              
20      41             0.0016640695515818746              
20      42             0.0016640695515818746              
20      43             0.0016640695515818746              
20      44             0.0016640695515818746              
21      26             0.0016640695515818746              
21      27             0.0016640695515818746              
21      29             0.0016640695515818746              
21      34             0.0016640695515818746              
21      35             0.0016640695515818746              
21      37             0.0016640695515818746              
21      40             0.0016640695515818746              
21      41             0.0016640695515818746              
21      42             0.0016640695515818746              
21      43             0.0016640695515818746              
21      44             0.0016640695515818746              
26      27             0.0016640695515818746              
26      29             0.0016640695515818746              
26      34             0.0016640695515818746              
26      35             0.0016640695515818746              
26      37             0.0016640695515818746              
26      40             0.0016640695515818746              
26      41             0.0016640695515818746              
26      42             0.0016640695515818746              
26      43             0.0016640695515818746              
26      44             0.0016640695515818746              
27      29             0.0016640695515818746              
27      34             0.0016640695515818746              
27      35             0.0016640695515818746              
27      37             0.0016640695515818746              
27      40             0.0016640695515818746              
27      41             0.0016640695515818746              
27      42             0.0016640695515818746              
27      43             0.0016640695515818746              
27      44             0.0016640695515818746              
29      34             0.0016640695515818746              
29      35             0.0016640695515818746              
29      37             0.0016640695515818746              
29      40             0.0016640695515818746              
29      41             0.0016640695515818746              
29      42             0.0016640695515818746              
29      43             0.0016640695515818746              
29      44             0.0016640695515818746              
34      35             0.0016640695515818746              
34      37             0.0016640695515818746              
34      40             0.0016640695515818746              
34      41             0.0016640695515818746              
34      42             0.0016640695515818746              
34      43             0.0016640695515818746              
34      44             0.0016640695515818746              
35      37             0.0016640695515818746              
35      40             0.0016640695515818746              
35      41             0.0016640695515818746              
35      42             0.0016640695515818746              
35      43             0.0016640695515818746              
35      44             0.0016640695515818746              
37      40             0.0016640695515818746              
37      41             0.0016640695515818746              
37      42             0.0016640695515818746              
37      43             0.0016640695515818746              
37      44             0.0016640695515818746              
40      41             0.0016640695515818746              
40      42             0.0016640695515818746              
40      43             0.0016640695515818746              
40      44             0.0016640695515818746              
41      42             0.0016640695515818746              
41      43             0.0016640695515818746              
41      44             0.0016640695515818746              
42      43             0.0016640695515818746              
42      44             0.0016640695515818746              
43      44             0.0016640695515818746              
8       24             0.001664069416835487               
9       24             0.001664069416835487               
10      24             0.001664069416835487               
11      24             0.001664069416835487               
13      24             0.001664069416835487               
15      24             0.001664069416835487               
18      24             0.001664069416835487               
19      24             0.001664069416835487               
20      24             0.001664069416835487               
21      24             0.001664069416835487               
24      26             0.001664069416835487               
24      27             0.001664069416835487               
24      29             0.001664069416835487               
24      34             0.001664069416835487               
24      35             0.001664069416835487               
24      37             0.001664069416835487               
24      40             0.001664069416835487               
24      41             0.001664069416835487               
24      42             0.001664069416835487               
24      43             0.001664069416835487               
24      44             0.001664069416835487               
8       12             0.0016640693719200267              
8       22             0.0016640693719200267              
8       25             0.0016640693719200267              
8       33             0.0016640693719200267              
8       36             0.0016640693719200267              
9       12             0.0016640693719200267              
9       22             0.0016640693719200267              
9       25             0.0016640693719200267              
9       33             0.0016640693719200267              
9       36             0.0016640693719200267              
10      12             0.0016640693719200267              
10      22             0.0016640693719200267              
10      25             0.0016640693719200267              
10      33             0.0016640693719200267              
10      36             0.0016640693719200267              
11      12             0.0016640693719200267              
11      22             0.0016640693719200267              
11      25             0.0016640693719200267              
11      33             0.0016640693719200267              
11      36             0.0016640693719200267              
13      22             0.0016640693719200267              
13      25             0.0016640693719200267              
13      33             0.0016640693719200267              
13      36             0.0016640693719200267              
15      22             0.0016640693719200267              
15      25             0.0016640693719200267              
15      33             0.0016640693719200267              
15      36             0.0016640693719200267              
18      22             0.0016640693719200267              
18      25             0.0016640693719200267              
18      33             0.0016640693719200267              
18      36             0.0016640693719200267              
19      22             0.0016640693719200267              
19      25             0.0016640693719200267              
19      33             0.0016640693719200267              
19      36             0.0016640693719200267              
20      22             0.0016640693719200267              
20      25             0.0016640693719200267              
20      33             0.0016640693719200267              
20      36             0.0016640693719200267              
21      22             0.0016640693719200267              
21      25             0.0016640693719200267              
21      33             0.0016640693719200267              
21      36             0.0016640693719200267              
26      33             0.0016640693719200267              
26      36             0.0016640693719200267              
27      33             0.0016640693719200267              
27      36             0.0016640693719200267              
29      33             0.0016640693719200267              
29      36             0.0016640693719200267              
34      36             0.0016640693719200267              
35      36             0.0016640693719200267              
12      13             0.0016640693719200197              
12      15             0.0016640693719200197              
12      18             0.0016640693719200197              
12      19             0.0016640693719200197              
12      20             0.0016640693719200197              
12      21             0.0016640693719200197              
12      26             0.0016640693719200197              
12      27             0.0016640693719200197              
12      29             0.0016640693719200197              
12      34             0.0016640693719200197              
12      35             0.0016640693719200197              
12      37             0.0016640693719200197              
12      40             0.0016640693719200197              
12      41             0.0016640693719200197              
12      42             0.0016640693719200197              
12      43             0.0016640693719200197              
12      44             0.0016640693719200197              
22      26             0.0016640693719200197              
22      27             0.0016640693719200197              
22      29             0.0016640693719200197              
22      34             0.0016640693719200197              
22      35             0.0016640693719200197              
22      37             0.0016640693719200197              
22      40             0.0016640693719200197              
22      41             0.0016640693719200197              
22      42             0.0016640693719200197              
22      43             0.0016640693719200197              
22      44             0.0016640693719200197              
25      26             0.0016640693719200197              
25      27             0.0016640693719200197              
25      29             0.0016640693719200197              
25      34             0.0016640693719200197              
25      35             0.0016640693719200197              
25      37             0.0016640693719200197              
25      40             0.0016640693719200197              
25      41             0.0016640693719200197              
25      42             0.0016640693719200197              
25      43             0.0016640693719200197              
25      44             0.0016640693719200197              
33      34             0.0016640693719200197              
33      35             0.0016640693719200197              
33      37             0.0016640693719200197              
33      40             0.0016640693719200197              
33      41             0.0016640693719200197              
33      42             0.0016640693719200197              
33      43             0.0016640693719200197              
33      44             0.0016640693719200197              
36      37             0.0016640693719200197              
36      40             0.0016640693719200197              
36      41             0.0016640693719200197              
36      42             0.0016640693719200197              
36      43             0.0016640693719200197              
36      44             0.0016640693719200197              
3       8              0.0016640693270045595              
3       9              0.0016640693270045595              
3       10             0.0016640693270045595              
3       11             0.0016640693270045595              
3       13             0.0016640693270045595              
3       15             0.0016640693270045595              
3       18             0.0016640693270045595              
3       19             0.0016640693270045595              
3       20             0.0016640693270045595              
3       21             0.0016640693270045595              
3       26             0.0016640693270045595              
3       27             0.0016640693270045595              
3       29             0.0016640693270045595              
3       34             0.0016640693270045595              
3       35             0.0016640693270045595              
3       37             0.0016640693270045595              
3       40             0.0016640693270045595              
3       41             0.0016640693270045595              
3       42             0.0016640693270045595              
3       43             0.0016640693270045595              
3       44             0.0016640693270045595              
5       8              0.0016640693270045595              
5       9              0.0016640693270045595              
5       10             0.0016640693270045595              
5       11             0.0016640693270045595              
5       13             0.0016640693270045595              
5       15             0.0016640693270045595              
5       18             0.0016640693270045595              
5       19             0.0016640693270045595              
5       20             0.0016640693270045595              
5       21             0.0016640693270045595              
5       26             0.0016640693270045595              
5       27             0.0016640693270045595              
5       29             0.0016640693270045595              
5       34             0.0016640693270045595              
5       35             0.0016640693270045595              
5       37             0.0016640693270045595              
5       40             0.0016640693270045595              
5       41             0.0016640693270045595              
5       42             0.0016640693270045595              
5       43             0.0016640693270045595              
5       44             0.0016640693270045595              
8       28             0.001664069237173632               
8       30             0.001664069237173632               
8       31             0.001664069237173632               
8       32             0.001664069237173632               
8       38             0.001664069237173632               
8       39             0.001664069237173632               
9       28             0.001664069237173632               
9       30             0.001664069237173632               
9       31             0.001664069237173632               
9       32             0.001664069237173632               
9       38             0.001664069237173632               
9       39             0.001664069237173632               
10      28             0.001664069237173632               
10      30             0.001664069237173632               
10      31             0.001664069237173632               
10      32             0.001664069237173632               
10      38             0.001664069237173632               
10      39             0.001664069237173632               
11      28             0.001664069237173632               
11      30             0.001664069237173632               
11      31             0.001664069237173632               
11      32             0.001664069237173632               
11      38             0.001664069237173632               
11      39             0.001664069237173632               
12      24             0.001664069237173632               
13      28             0.001664069237173632               
13      30             0.001664069237173632               
13      31             0.001664069237173632               
13      32             0.001664069237173632               
13      38             0.001664069237173632               
13      39             0.001664069237173632               
15      28             0.001664069237173632               
15      30             0.001664069237173632               
15      31             0.001664069237173632               
15      32             0.001664069237173632               
15      38             0.001664069237173632               
15      39             0.001664069237173632               
18      28             0.001664069237173632               
18      30             0.001664069237173632               
18      31             0.001664069237173632               
18      32             0.001664069237173632               
18      38             0.001664069237173632               
18      39             0.001664069237173632               
19      28             0.001664069237173632               
19      30             0.001664069237173632               
19      31             0.001664069237173632               
19      32             0.001664069237173632               
19      38             0.001664069237173632               
19      39             0.001664069237173632               
20      28             0.001664069237173632               
20      30             0.001664069237173632               
20      31             0.001664069237173632               
20      32             0.001664069237173632               
20      38             0.001664069237173632               
20      39             0.001664069237173632               
21      28             0.001664069237173632               
21      30             0.001664069237173632               
21      31             0.001664069237173632               
21      32             0.001664069237173632               
21      38             0.001664069237173632               
21      39             0.001664069237173632               
22      24             0.001664069237173632               
24      25             0.001664069237173632               
24      33             0.001664069237173632               
24      36             0.001664069237173632               
26      28             0.001664069237173632               
26      30             0.001664069237173632               
26      31             0.001664069237173632               
26      32             0.001664069237173632               
26      38             0.001664069237173632               
26      39             0.001664069237173632               
27      28             0.001664069237173632               
27      30             0.001664069237173632               
27      31             0.001664069237173632               
27      32             0.001664069237173632               
27      38             0.001664069237173632               
27      39             0.001664069237173632               
28      29             0.001664069237173632               
28      34             0.001664069237173632               
28      35             0.001664069237173632               
28      37             0.001664069237173632               
28      40             0.001664069237173632               
28      41             0.001664069237173632               
28      42             0.001664069237173632               
28      43             0.001664069237173632               
28      44             0.001664069237173632               
29      30             0.001664069237173632               
29      31             0.001664069237173632               
29      32             0.001664069237173632               
29      38             0.001664069237173632               
29      39             0.001664069237173632               
30      34             0.001664069237173632               
30      35             0.001664069237173632               
30      37             0.001664069237173632               
30      40             0.001664069237173632               
30      41             0.001664069237173632               
30      42             0.001664069237173632               
30      43             0.001664069237173632               
30      44             0.001664069237173632               
31      34             0.001664069237173632               
31      35             0.001664069237173632               
31      37             0.001664069237173632               
31      40             0.001664069237173632               
31      41             0.001664069237173632               
31      42             0.001664069237173632               
31      43             0.001664069237173632               
31      44             0.001664069237173632               
32      34             0.001664069237173632               
32      35             0.001664069237173632               
32      37             0.001664069237173632               
32      40             0.001664069237173632               
32      41             0.001664069237173632               
32      42             0.001664069237173632               
32      43             0.001664069237173632               
32      44             0.001664069237173632               
34      38             0.001664069237173632               
34      39             0.001664069237173632               
35      38             0.001664069237173632               
35      39             0.001664069237173632               
37      38             0.001664069237173632               
37      39             0.001664069237173632               
38      40             0.001664069237173632               
38      41             0.001664069237173632               
38      42             0.001664069237173632               
38      43             0.001664069237173632               
38      44             0.001664069237173632               
39      40             0.001664069237173632               
39      41             0.001664069237173632               
39      42             0.001664069237173632               
39      43             0.001664069237173632               
39      44             0.001664069237173632               
12      22             0.0016640691922581718              
12      25             0.0016640691922581718              
12      33             0.0016640691922581718              
12      36             0.0016640691922581718              
22      25             0.0016640691922581718              
22      33             0.0016640691922581718              
22      36             0.0016640691922581718              
25      33             0.0016640691922581718              
25      36             0.0016640691922581718              
33      36             0.0016640691922581718              
3       24             0.001664069192258165               
5       24             0.001664069192258165               
3       12             0.0016640691473427047              
3       22             0.0016640691473427047              
3       25             0.0016640691473427047              
3       33             0.0016640691473427047              
3       36             0.0016640691473427047              
5       12             0.0016640691473427047              
5       22             0.0016640691473427047              
5       25             0.0016640691473427047              
5       33             0.0016640691473427047              
5       36             0.0016640691473427047              
3       5              0.0016640691024272444              
24      28             0.0016640691024272444              
24      30             0.0016640691024272444              
24      31             0.0016640691024272444              
24      32             0.0016640691024272444              
24      38             0.0016640691024272444              
24      39             0.0016640691024272444              
12      28             0.0016640690575117772              
12      30             0.0016640690575117772              
12      31             0.0016640690575117772              
12      32             0.0016640690575117772              
12      38             0.0016640690575117772              
12      39             0.0016640690575117772              
22      28             0.0016640690575117772              
22      30             0.0016640690575117772              
22      31             0.0016640690575117772              
22      32             0.0016640690575117772              
22      38             0.0016640690575117772              
22      39             0.0016640690575117772              
25      28             0.0016640690575117772              
25      30             0.0016640690575117772              
25      31             0.0016640690575117772              
25      32             0.0016640690575117772              
25      38             0.0016640690575117772              
25      39             0.0016640690575117772              
28      33             0.0016640690575117772              
28      36             0.0016640690575117772              
30      33             0.0016640690575117772              
30      36             0.0016640690575117772              
31      33             0.0016640690575117772              
31      36             0.0016640690575117772              
32      33             0.0016640690575117772              
32      36             0.0016640690575117772              
33      38             0.0016640690575117772              
33      39             0.0016640690575117772              
36      38             0.0016640690575117772              
36      39             0.0016640690575117772              
3       28             0.001664069012596317               
3       30             0.001664069012596317               
3       31             0.001664069012596317               
3       32             0.001664069012596317               
3       38             0.001664069012596317               
3       39             0.001664069012596317               
5       28             0.001664069012596317               
5       30             0.001664069012596317               
5       31             0.001664069012596317               
5       32             0.001664069012596317               
5       38             0.001664069012596317               
5       39             0.001664069012596317               
28      30             0.0016640689227653896              
28      31             0.0016640689227653896              
28      32             0.0016640689227653896              
28      38             0.0016640689227653896              
28      39             0.0016640689227653896              
30      31             0.0016640689227653896              
30      32             0.0016640689227653896              
30      38             0.0016640689227653896              
30      39             0.0016640689227653896              
31      32             0.0016640689227653896              
31      38             0.0016640689227653896              
31      39             0.0016640689227653896              
32      38             0.0016640689227653896              
32      39             0.0016640689227653896              
38      39             0.0016640689227653896              
8       23             -0.0029885647337862115             
9       23             -0.0029885647337862115             
10      23             -0.0029885647337862115             
11      23             -0.0029885647337862115             
13      23             -0.0029885647337862115             
15      23             -0.0029885647337862115             
18      23             -0.0029885647337862115             
19      23             -0.0029885647337862115             
20      23             -0.0029885647337862115             
21      23             -0.0029885647337862115             
23      26             -0.0029885647337862115             
23      27             -0.0029885647337862115             
23      29             -0.0029885647337862115             
23      34             -0.0029885647337862115             
23      35             -0.0029885647337862115             
23      37             -0.0029885647337862115             
23      40             -0.0029885647337862115             
23      41             -0.0029885647337862115             
23      42             -0.0029885647337862115             
23      43             -0.0029885647337862115             
23      44             -0.0029885647337862115             
23      24             -0.0029885648413013194             
12      23             -0.0029885648771396933             
22      23             -0.0029885648771396933             
23      25             -0.0029885648771396933             
23      33             -0.0029885648771396933             
23      36             -0.0029885648771396933             
23      28             -0.0029885649846547943             
23      30             -0.0029885649846547943             
23      31             -0.0029885649846547943             
23      32             -0.0029885649846547943             
23      38             -0.0029885649846547943             
23      39             -0.0029885649846547943             
3       23             -0.0029885667756232095             
5       23             -0.0029885667756232095             
17      18             -0.003688066975702755              
17      19             -0.003688066975702755              
17      20             -0.003688066975702755              
17      21             -0.003688066975702755              
17      26             -0.003688066975702755              
17      27             -0.003688066975702755              
17      29             -0.003688066975702755              
17      34             -0.003688066975702755              
17      35             -0.003688066975702755              
17      37             -0.003688066975702755              
17      40             -0.003688066975702755              
17      41             -0.003688066975702755              
17      42             -0.003688066975702755              
17      43             -0.003688066975702755              
17      44             -0.003688066975702755              
8       17             -0.0036880669757027584             
9       17             -0.0036880669757027584             
10      17             -0.0036880669757027584             
11      17             -0.0036880669757027584             
13      17             -0.0036880669757027584             
15      17             -0.0036880669757027584             
17      24             -0.0036880670581756654             
12      17             -0.0036880670856666367             
17      22             -0.0036880670856666367             
17      25             -0.0036880670856666367             
17      33             -0.0036880670856666367             
17      36             -0.0036880670856666367             
3       17             -0.003688067113157608              
5       17             -0.003688067113157608              
17      28             -0.0036880671681395437             
17      30             -0.0036880671681395437             
17      31             -0.0036880671681395437             
17      32             -0.0036880671681395437             
17      38             -0.0036880671681395437             
17      39             -0.0036880671681395437             
1       3              -0.0069243171601482065             
1       5              -0.0069243171601482065             
1       28             -0.006924317237460176              
1       30             -0.006924317237460176              
1       31             -0.006924317237460176              
1       32             -0.006924317237460176              
1       38             -0.006924317237460176              
1       39             -0.006924317237460176              
3       6              -0.006924317854991292              
5       6              -0.006924317854991292              
16      24             -0.00692431786751025               
12      16             -0.0069243179061662385             
16      22             -0.0069243179061662385             
16      25             -0.0069243179061662385             
16      33             -0.0069243179061662385             
16      36             -0.0069243179061662385             
6       28             -0.006924317932303255              
6       30             -0.006924317932303255              
6       31             -0.006924317932303255              
6       32             -0.006924317932303255              
6       38             -0.006924317932303255              
6       39             -0.006924317932303255              
3       16             -0.00692431794482222               
5       16             -0.00692431794482222               
2       12             -0.006924318019801513              
2       22             -0.006924318019801513              
2       25             -0.006924318019801513              
2       33             -0.006924318019801513              
2       36             -0.006924318019801513              
16      28             -0.006924318022134189              
16      30             -0.006924318022134189              
16      31             -0.006924318022134189              
16      32             -0.006924318022134189              
16      38             -0.006924318022134189              
16      39             -0.006924318022134189              
2       3              -0.0069243180584574945             
2       5              -0.0069243180584574945             
2       28             -0.006924318135769471              
2       30             -0.006924318135769471              
2       31             -0.006924318135769471              
2       32             -0.006924318135769471              
2       38             -0.006924318135769471              
2       39             -0.006924318135769471              
4       24             -0.0069243183166648944             
4       12             -0.006924318355320876              
4       22             -0.006924318355320876              
4       25             -0.006924318355320876              
4       33             -0.006924318355320876              
4       36             -0.006924318355320876              
7       28             -0.006924318360346786              
7       30             -0.006924318360346786              
7       31             -0.006924318360346786              
7       32             -0.006924318360346786              
7       38             -0.006924318360346786              
7       39             -0.006924318360346786              
3       4              -0.006924318393976864              
4       5              -0.006924318393976864              
4       28             -0.006924318471288826              
4       30             -0.006924318471288826              
4       31             -0.006924318471288826              
4       32             -0.006924318471288826              
4       38             -0.006924318471288826              
4       39             -0.006924318471288826              
1       24             -0.006924318945481386              
1       12             -0.0069243189841373745             
1       22             -0.0069243189841373745             
1       25             -0.0069243189841373745             
1       33             -0.0069243189841373745             
1       36             -0.0069243189841373745             
8       14             -0.006924319054090758              
9       14             -0.006924319054090758              
10      14             -0.006924319054090758              
11      14             -0.006924319054090758              
13      14             -0.006924319054090758              
14      15             -0.006924319054090758              
14      18             -0.006924319054090758              
14      19             -0.006924319054090758              
14      20             -0.006924319054090758              
14      21             -0.006924319054090758              
14      26             -0.006924319054090758              
14      27             -0.006924319054090758              
14      29             -0.006924319054090758              
14      34             -0.006924319054090758              
14      35             -0.006924319054090758              
14      37             -0.006924319054090758              
14      40             -0.006924319054090758              
14      41             -0.006924319054090758              
14      42             -0.006924319054090758              
14      43             -0.006924319054090758              
14      44             -0.006924319054090758              
14      24             -0.006924319170058708              
12      14             -0.0069243192087146965             
14      22             -0.0069243192087146965             
14      25             -0.0069243192087146965             
14      33             -0.0069243192087146965             
14      36             -0.0069243192087146965             
3       14             -0.006924319247370685              
5       14             -0.006924319247370685              
14      28             -0.006924319324682647              
14      30             -0.006924319324682647              
14      31             -0.006924319324682647              
14      32             -0.006924319324682647              
14      38             -0.006924319324682647              
14      39             -0.006924319324682647              
6       8              -0.006924319524356529              
6       9              -0.006924319524356529              
6       10             -0.006924319524356529              
6       11             -0.006924319524356529              
6       13             -0.006924319524356529              
6       15             -0.006924319524356529              
6       18             -0.006924319524356529              
6       19             -0.006924319524356529              
6       20             -0.006924319524356529              
6       21             -0.006924319524356529              
6       26             -0.006924319524356529              
6       27             -0.006924319524356529              
6       29             -0.006924319524356529              
6       34             -0.006924319524356529              
6       35             -0.006924319524356529              
6       37             -0.006924319524356529              
6       40             -0.006924319524356529              
6       41             -0.006924319524356529              
6       42             -0.006924319524356529              
6       43             -0.006924319524356529              
6       44             -0.006924319524356529              
8       16             -0.006924319614187456              
9       16             -0.006924319614187456              
10      16             -0.006924319614187456              
11      16             -0.006924319614187456              
13      16             -0.006924319614187456              
15      16             -0.006924319614187456              
16      18             -0.006924319614187456              
16      19             -0.006924319614187456              
16      20             -0.006924319614187456              
16      21             -0.006924319614187456              
16      26             -0.006924319614187456              
16      27             -0.006924319614187456              
16      29             -0.006924319614187456              
16      34             -0.006924319614187456              
16      35             -0.006924319614187456              
16      37             -0.006924319614187456              
16      40             -0.006924319614187456              
16      41             -0.006924319614187456              
16      42             -0.006924319614187456              
16      43             -0.006924319614187456              
16      44             -0.006924319614187456              
6       24             -0.006924319640324472              
6       12             -0.00692431967898046               
6       22             -0.00692431967898046               
6       25             -0.00692431967898046               
6       33             -0.00692431967898046               
6       36             -0.00692431967898046               
2       8              -0.006924319727822717              
2       9              -0.006924319727822717              
2       10             -0.006924319727822717              
2       11             -0.006924319727822717              
2       13             -0.006924319727822717              
2       15             -0.006924319727822717              
2       18             -0.006924319727822717              
2       19             -0.006924319727822717              
2       20             -0.006924319727822717              
2       21             -0.006924319727822717              
2       26             -0.006924319727822717              
2       27             -0.006924319727822717              
2       29             -0.006924319727822717              
2       34             -0.006924319727822717              
2       35             -0.006924319727822717              
2       37             -0.006924319727822717              
2       40             -0.006924319727822717              
2       41             -0.006924319727822717              
2       42             -0.006924319727822717              
2       43             -0.006924319727822717              
2       44             -0.006924319727822717              
2       24             -0.0069243198437906744             
7       8              -0.006924319952400039              
7       9              -0.006924319952400039              
7       10             -0.006924319952400039              
7       11             -0.006924319952400039              
7       13             -0.006924319952400039              
7       15             -0.006924319952400039              
7       18             -0.006924319952400039              
7       19             -0.006924319952400039              
7       20             -0.006924319952400039              
7       21             -0.006924319952400039              
7       26             -0.006924319952400039              
7       27             -0.006924319952400039              
7       29             -0.006924319952400039              
7       34             -0.006924319952400039              
7       35             -0.006924319952400039              
7       37             -0.006924319952400039              
7       40             -0.006924319952400039              
7       41             -0.006924319952400039              
7       42             -0.006924319952400039              
7       43             -0.006924319952400039              
7       44             -0.006924319952400039              
4       8              -0.006924320063342093              
4       9              -0.006924320063342093              
4       10             -0.006924320063342093              
4       11             -0.006924320063342093              
4       13             -0.006924320063342093              
4       15             -0.006924320063342093              
4       18             -0.006924320063342093              
4       19             -0.006924320063342093              
4       20             -0.006924320063342093              
4       21             -0.006924320063342093              
4       26             -0.006924320063342093              
4       27             -0.006924320063342093              
4       29             -0.006924320063342093              
4       34             -0.006924320063342093              
4       35             -0.006924320063342093              
4       37             -0.006924320063342093              
4       40             -0.006924320063342093              
4       41             -0.006924320063342093              
4       42             -0.006924320063342093              
4       43             -0.006924320063342093              
4       44             -0.006924320063342093              
7       24             -0.0069243200683679965             
7       12             -0.006924320107023985              
7       22             -0.006924320107023985              
7       25             -0.006924320107023985              
7       33             -0.006924320107023985              
7       36             -0.006924320107023985              
3       7              -0.006924320145679973              
5       7              -0.006924320145679973              
1       8              -0.006924320692158585              
1       9              -0.006924320692158585              
1       10             -0.006924320692158585              
1       11             -0.006924320692158585              
1       13             -0.006924320692158585              
1       15             -0.006924320692158585              
1       18             -0.006924320692158585              
1       19             -0.006924320692158585              
1       20             -0.006924320692158585              
1       21             -0.006924320692158585              
1       26             -0.006924320692158585              
1       27             -0.006924320692158585              
1       29             -0.006924320692158585              
1       34             -0.006924320692158585              
1       35             -0.006924320692158585              
1       37             -0.006924320692158585              
1       40             -0.006924320692158585              
1       41             -0.006924320692158585              
1       42             -0.006924320692158585              
1       43             -0.006924320692158585              
1       44             -0.006924320692158585              
