#======================================================================
# PARAMETERS USED FOR THIS COMPUTATION: 
#	Sequence type: RNA
#	Total number of sequences in alignment data: 258
#	Length of sequences in alignment data: 35
#	Value of sequence identity: 0.8
#	lambda_h: 6.800000000000001
#	lambda_J: 6.800000000000001
#	Number of gradient decent iterations: 500
# The First and Second columns represent sites and the
# Third column is PLMDCA Frobenius norm, average product corrected (APC) DCA score
#======================================================================
9       23             0.7590921960702381                 
10      22             0.6378593660997401                 
2       30             0.34701808447734694                
11      21             0.3259188989227771                 
3       29             0.29838596273672424                
6       26             0.26311315191319906                
1       31             0.24292659982813725                
17      19             0.19031146165578483                
8       24             0.18406397746493877                
5       27             0.18206943664478323                
27      29             0.18086019623600033                
26      29             0.17594688966245586                
4       28             0.16399600717693028                
13      14             0.15850850423595028                
8       10             0.15403401839442513                
4       31             0.1515672686472814                 
12      20             0.14142933150615167                
3       26             0.13912833868729976                
14      15             0.1333906081046307                 
12      13             0.13066283571797288                
15      17             0.11957638813646955                
3       4              0.11940215131992798                
27      34             0.11818622566764381                
10      21             0.11211756666566608                
16      17             0.11162336885513997                
18      19             0.11126048444109685                
15      19             0.11043692172290756                
17      18             0.10684126431010933                
27      28             0.10436979436755853                
19      20             0.10409860624006294                
8       22             0.10394734947113168                
16      19             0.10316864312565334                
13      20             0.10164895439462819                
17      20             0.10050885450991989                
29      30             0.0958805030123979                 
25      31             0.09542772695805915                
7       18             0.09476045338411737                
5       6              0.09212016512302271                
4       5              0.09144177271124002                
28      32             0.0911788737841609                 
4       29             0.09109682020833468                
33      35             0.09001801671335338                
11      31             0.08936345710347285                
2       24             0.08702814479077264                
32      33             0.08696239110268793                
25      32             0.08623475456815888                
4       7              0.08567235588898142                
12      14             0.08462597277536588                
31      34             0.0842763417990573                 
21      22             0.08242874691617713                
3       6              0.08235638785417032                
34      35             0.08130827855665085                
15      34             0.08106617779183589                
7       25             0.08061885788781689                
12      15             0.08056308012520497                
15      16             0.07932391526436176                
28      29             0.0785151290307648                 
14      17             0.07764849932233243                
28      33             0.07708553019395209                
5       24             0.07688087302843011                
3       5              0.07680412142081594                
7       15             0.07311633953688801                
12      19             0.07269702788043984                
16      21             0.07169045630505883                
1       34             0.07074564162324526                
14      19             0.06986491311529944                
8       11             0.06946952191972297                
1       2              0.06910969736012765                
4       30             0.06816057589522431                
30      35             0.06732928563025105                
2       5              0.06721341747039289                
1       3              0.06640951025752714                
14      21             0.06502545687222985                
13      15             0.06442159855480427                
15      18             0.06406959069405432                
20      25             0.06385517313398639                
12      17             0.06357073612317907                
13      32             0.06246336869395604                
8       29             0.06175697462984492                
7       21             0.05923035184066219                
24      30             0.05775571599891935                
18      20             0.05760695363881424                
1       28             0.05563184275641489                
24      27             0.055283392005575                  
20      23             0.05516714388861153                
22      23             0.053133491445879255               
32      35             0.05257487040347483                
10      23             0.05206194919820237                
11      28             0.0520480582592136                 
29      35             0.0508888614933979                 
9       25             0.05082524976630104                
6       32             0.05077928015259944                
23      25             0.05048718154910159                
1       16             0.05029797985569426                
7       10             0.04960804847416034                
8       23             0.04934271210658747                
24      28             0.04908110754294864                
14      20             0.0485619380199513                 
1       30             0.047436526764095044               
4       27             0.04672858440849531                
2       13             0.04656113761200667                
4       32             0.045660918205957746               
7       31             0.04525583128719243                
27      33             0.04406823049670738                
1       25             0.04362734814637559                
13      19             0.04315903401387301                
25      29             0.04289174173477739                
33      34             0.04248613197044933                
17      34             0.04106418541491559                
10      11             0.040947198715274274               
12      35             0.040662402297677536               
13      30             0.040536967015066594               
3       27             0.039897321206819575               
31      33             0.039698318774062075               
16      18             0.039586831509490966               
1       5              0.039477444055833116               
6       24             0.038961281358532884               
26      32             0.03893618467735879                
3       22             0.038614929069678006               
2       9              0.03785920852171121                
11      24             0.03769832703450268                
2       4              0.037351540671739236               
14      32             0.03715993784298435                
7       23             0.036867352914900176               
8       31             0.03617357006454122                
25      34             0.035930908004942114               
13      17             0.035897048096947604               
16      20             0.035769909152684035               
12      18             0.03536616118570822                
10      16             0.03511711261239353                
9       31             0.0347811471616572                 
7       34             0.03459795028318412                
24      25             0.034563687685189165               
15      21             0.03438683093471978                
13      35             0.03375939271749204                
19      34             0.03329736426282312                
14      16             0.03327972987352723                
4       9              0.032979278323760464               
12      33             0.03180492417791912                
22      28             0.03131920212613179                
14      35             0.0306930178515106                 
15      20             0.03007190523656328                
6       29             0.030005426757005765               
11      14             0.029256166204924605               
30      32             0.029185939651882625               
23      33             0.02888418667081362                
9       24             0.028831176817688015               
10      28             0.028445585225843117               
15      35             0.028201113223721055               
2       11             0.027586076523597652               
16      22             0.02665733148026808                
18      24             0.026362125441972056               
10      25             0.024476380426114913               
9       33             0.024365934980802598               
4       34             0.023374382359240803               
14      30             0.022529705880736703               
25      28             0.02249548220748293                
23      30             0.022385764322189805               
1       7              0.022314968021095116               
20      35             0.022302011652186274               
5       7              0.022272048222739566               
1       24             0.022222628942549033               
7       22             0.022054672688336996               
14      18             0.021449629046219595               
12      16             0.021270198538836743               
6       19             0.020874258444199906               
6       17             0.020679718116126566               
11      22             0.02034701025879626                
13      33             0.020239618446574556               
27      35             0.02008222588981104                
7       26             0.019620096878828708               
4       6              0.019388712880982595               
7       8              0.019008125054982478               
9       20             0.018890216825815653               
3       25             0.01880692763909267                
7       17             0.01856353351664332                
3       32             0.018263693123144437               
18      25             0.017929683733665908               
26      35             0.017787651520956974               
2       3              0.017621347391812536               
9       22             0.016695311342056124               
17      35             0.016603709885731538               
14      33             0.015742275828067018               
25      27             0.01540141528337513                
9       35             0.015276426263171161               
2       25             0.01461841996454874                
28      30             0.014332030639245319               
2       35             0.013835421019421479               
21      24             0.013627411803331407               
9       30             0.013404815548632765               
15      33             0.013371941173836069               
19      35             0.012481845268213915               
8       16             0.012394797368742022               
5       11             0.01196777489485537                
20      33             0.011623658914875712               
12      21             0.011427273284808748               
13      18             0.01058008172117536                
11      16             0.010568515881810542               
1       33             0.010257375369856367               
1       4              0.010142899426303698               
7       28             0.009789191468203368               
7       19             0.00977923576964923                
5       29             0.009704756182765867               
17      25             0.008637843515166888               
2       14             0.008493667634092553               
6       12             0.008130324308184944               
5       8              0.007971145101410337               
17      26             0.007311196702802961               
18      26             0.00728295345642023                
19      25             0.006356183036089258               
16      24             0.005522016426399157               
13      28             0.005497643533137642               
5       30             0.005269088413618922               
17      33             0.00517740219594888                
24      31             0.004298663434927713               
4       11             0.003988864827694005               
31      32             0.0035087852437193923              
5       12             0.0034488082956859734              
1       23             0.0033194273466753688              
2       31             0.0029365206923576137              
11      15             0.002822591430217486               
13      21             0.002778961561998                  
8       25             0.002500575330474236               
6       7              0.0020279395550863444              
32      34             0.0019679262890693328              
18      28             0.0017997109984493609              
23      24             0.0015716381102156007              
16      34             0.0014876046971472184              
17      21             0.001486121264750201               
3       30             0.001371575368670469               
13      16             0.0007852850319711724              
2       32             0.0006724525237603585              
26      33             0.0006638216958388121              
24      26             0.00015457263339049843             
2       28             -3.7354606463063655e-05            
7       11             -0.0004219627970904194             
12      34             -0.0007064697972995332             
7       14             -0.0009176310328394277             
17      32             -0.0012473606663098852             
8       33             -0.0013704296125979787             
3       18             -0.0014534783386041528             
9       10             -0.0015234329363067178             
19      33             -0.0017011272718751719             
6       31             -0.00172343067585079               
10      18             -0.0018362746499756277             
6       22             -0.0019475649365939818             
6       28             -0.0022414086532794864             
21      35             -0.002349382655047222              
5       31             -0.002830662053912858              
12      26             -0.0028408014919509283             
6       13             -0.0028952316792963256             
11      12             -0.0029933331154367165             
6       8              -0.003331565313782564              
21      31             -0.0034468040524441856             
1       9              -0.004095394869197105              
2       29             -0.004781302331937187              
8       19             -0.004988898551294876              
14      28             -0.006112808626357824              
16      30             -0.0061340522540328235             
8       26             -0.006725439567791147              
19      21             -0.007027621636682871              
15      31             -0.00723368668034946               
14      34             -0.007459748551297066              
23      28             -0.00786110582797997               
18      34             -0.007968884493445752              
22      32             -0.008132545011582365              
13      34             -0.008314286442272278              
4       33             -0.00901617110430672               
22      31             -0.009226994441077857              
7       9              -0.009262993311687812              
12      32             -0.009607623029193602              
18      31             -0.00995238310287469               
12      27             -0.010141524342624247              
14      26             -0.010302764174027979              
5       35             -0.010322999961731888              
18      23             -0.010356252589813708              
3       16             -0.01044505640156318               
16      26             -0.010475565374284332              
6       27             -0.01063860624042462               
30      33             -0.010684964140584036              
1       22             -0.010863880841672724              
15      26             -0.011149130815122477              
18      29             -0.011202172822607603              
19      26             -0.011363247029113635              
20      21             -0.011464539127298362              
26      30             -0.011821455650806612              
9       26             -0.011862273510699184              
18      22             -0.011956623602999622              
19      32             -0.012180855728506149              
11      13             -0.012734730735255828              
8       15             -0.01274897262938246               
5       20             -0.012787207347176283              
25      30             -0.013098709382955903              
5       13             -0.01316443398375497               
3       9              -0.013268971571849475              
10      31             -0.013513233642210465              
27      31             -0.01372039304677361               
21      28             -0.013751380805286484              
9       18             -0.013989003863321942              
16      35             -0.013992411400069335              
8       17             -0.01403191601267395               
6       20             -0.014450976809170069              
21      33             -0.014467368285482715              
23      29             -0.01447402337942083               
27      32             -0.01453740395071057               
2       26             -0.014961231166879363              
13      26             -0.01507888256823707               
5       34             -0.01535117748562917               
5       33             -0.015771828144912695              
23      35             -0.015904599315743437              
20      26             -0.016213252653131796              
5       15             -0.016247456085481782              
2       23             -0.016526605471399725              
15      24             -0.016793088143903817              
21      27             -0.01745649202978508               
6       9              -0.01763071182305559               
8       21             -0.017657168654334976              
3       8              -0.017815534245020442              
23      26             -0.017949034647001677              
6       35             -0.018294669045115272              
22      25             -0.018333541559769684              
5       17             -0.018366865866524168              
26      34             -0.01843570725051527               
18      27             -0.01899541532218968               
11      35             -0.019105221030280298              
6       33             -0.019604975567793045              
7       12             -0.01978452778575783               
28      35             -0.01998159859125373               
5       14             -0.020174937778669993              
1       15             -0.02027371234908075               
3       24             -0.020291537078924615              
28      31             -0.02036468425910995               
30      31             -0.020408569412729977              
5       19             -0.02053058167365747               
5       28             -0.02066303549770382               
1       32             -0.02067425063007383               
8       12             -0.020838638648349977              
18      35             -0.020994990492675156              
2       18             -0.021160006450114094              
15      32             -0.021744538444336076              
20      34             -0.021843266299625144              
11      20             -0.021954108641528636              
5       26             -0.021955642657083232              
1       8              -0.0221199527616511                
2       8              -0.02280517144204719               
29      32             -0.023209735126899472              
8       35             -0.023343143244674555              
15      27             -0.023565788536733204              
10      34             -0.02389799427618347               
4       13             -0.024570622602900744              
27      30             -0.02472329239639559               
3       12             -0.02512005435657784               
25      33             -0.02516648911975941               
11      17             -0.025694967159552357              
8       13             -0.02572108971147785               
9       16             -0.025837669371277544              
1       19             -0.026138889402140583              
30      34             -0.026167790262433405              
16      33             -0.02624855360203228               
1       13             -0.026293995947372042              
21      23             -0.026552318556165244              
14      27             -0.026640759393600846              
22      34             -0.026804546774603255              
3       31             -0.027063576051727545              
11      23             -0.027119225900767513              
6       15             -0.027438237349594052              
9       32             -0.02744173896833879               
23      31             -0.027458096740739762              
4       23             -0.027462131710066257              
13      27             -0.027544357175081732              
8       27             -0.027667036778971865              
2       27             -0.027749175129908737              
12      24             -0.028035324623486055              
20      32             -0.028049955854746025              
2       6              -0.02823853779031063               
11      25             -0.028437909401823586              
2       12             -0.028918954198940527              
22      24             -0.029054905854767166              
7       27             -0.029214376723734198              
12      30             -0.02934424100345731               
24      32             -0.029362695237786257              
9       28             -0.029478722518702816              
7       24             -0.02952555772537213               
21      26             -0.030177435521178186              
20      27             -0.030353191650361794              
4       16             -0.03056259418103771               
3       35             -0.030657497271328812              
18      33             -0.030714841204930066              
6       14             -0.030739911154081992              
10      12             -0.030796372373735642              
9       29             -0.030987957391592463              
11      33             -0.031115619287549467              
1       11             -0.031696772095138326              
8       9              -0.0318094301549825                
10      29             -0.032172372984105746              
8       14             -0.032422870412143714              
1       6              -0.03264154893972618               
2       22             -0.03266171364870826               
11      19             -0.03274486465847101               
10      35             -0.03275751456008333               
4       20             -0.032956980931065055              
21      25             -0.033174182158647564              
29      33             -0.033309970235960634              
6       34             -0.033658375930411225              
1       20             -0.03392159374527151               
3       10             -0.03399132137469926               
16      23             -0.034044425732814965              
6       21             -0.034211280047601045              
26      27             -0.03426752090998354               
11      26             -0.034349874004565795              
18      32             -0.03437018125682326               
1       12             -0.034416003046868954              
16      31             -0.034958061397343365              
1       10             -0.03505901742404749               
4       26             -0.035510335991426445              
8       20             -0.0355325334162091                
22      30             -0.036067059918294175              
8       34             -0.03609345462715166               
12      29             -0.036152141925282266              
7       32             -0.036435350583267606              
6       10             -0.03685943775298761               
5       9              -0.03720160536089717               
25      26             -0.03729251205333703               
22      29             -0.037336202071485275              
12      22             -0.0377812382473979                
7       13             -0.03814814778498299               
3       33             -0.038487286368745016              
11      30             -0.03862962234332187               
16      32             -0.0386693439814689                
21      34             -0.03882292306465883               
1       17             -0.03894165459425125               
24      35             -0.03913224136348588               
6       18             -0.039263745502875036              
9       11             -0.03955837860261588               
10      32             -0.03983433012963655               
7       16             -0.04049678782885055               
28      34             -0.04055246543096974               
22      27             -0.040556905069328075              
5       21             -0.04056947748636475               
22      35             -0.04072717714435874               
3       34             -0.041183969078812985              
10      27             -0.042148832543487225              
18      30             -0.0422683966978695                
6       16             -0.04234549128153714               
3       21             -0.04243103842232976               
3       20             -0.04265486545350007               
11      34             -0.04272876875751819               
20      24             -0.0428278641542023                
13      24             -0.04322675687898954               
4       14             -0.04332888761117215               
2       21             -0.04347853293214307               
4       17             -0.043741133988787595              
18      21             -0.04392002814841578               
15      25             -0.044058862940395765              
21      32             -0.044427951087212786              
19      28             -0.04444165703201505               
17      27             -0.044730970048910634              
1       14             -0.04480543552744072               
29      31             -0.04528598942573858               
12      25             -0.04561026038746081               
3       13             -0.045688278810021715              
4       22             -0.045820985832704164              
2       10             -0.045875277903646455              
10      13             -0.045886647995937044              
24      33             -0.046046607585551264              
6       11             -0.04643195185617913               
17      24             -0.04684927146428866               
11      18             -0.047069701103046646              
10      26             -0.04738784731495441               
4       19             -0.048432359831963145              
2       20             -0.04862184421647084               
19      27             -0.048825795478623896              
2       33             -0.04905232302657596               
5       32             -0.049102556831822464              
1       26             -0.049125085049275374              
29      34             -0.0492535320628823                
4       25             -0.049589806443005674              
14      24             -0.049914468589518285              
20      30             -0.04994152294920001               
11      27             -0.05009951700823667               
4       18             -0.05009995951446075               
8       28             -0.05020965128753868               
19      24             -0.05047624887952046               
26      28             -0.05048234362244508               
3       15             -0.050859231061893426              
11      29             -0.051020982078660904              
16      25             -0.051287397227412046              
31      35             -0.05141015970862378               
16      27             -0.05154338150290477               
5       16             -0.05166445461663757               
10      24             -0.05183209762949184               
10      30             -0.05195124674230672               
23      34             -0.05222398685829974               
16      29             -0.0523199646581361                
8       32             -0.05270106616969952               
15      30             -0.05322206673706466               
10      20             -0.05341961497712194               
11      32             -0.05344557462953306               
13      22             -0.05384068418452562               
3       14             -0.05391827497612209               
6       25             -0.05407677477822176               
13      29             -0.05432097530563261               
5       18             -0.05548696801497627               
2       19             -0.05580238556596763               
3       19             -0.05591089888006026               
19      30             -0.05595623609866461               
2       34             -0.05615020587497371               
1       21             -0.05660025745774874               
3       17             -0.05667824256675974               
23      32             -0.05673888547713932               
24      34             -0.05705067841149182               
7       30             -0.05729585106349672               
9       34             -0.05783416205355313               
1       35             -0.05790192143614528               
21      29             -0.05813981360792744               
20      22             -0.05861809405604432               
2       16             -0.05861866829007217               
20      29             -0.058734296770464406              
8       18             -0.058777574385511316              
4       24             -0.059342217437832384              
20      31             -0.059358201934681165              
5       22             -0.05973251664767687               
16      28             -0.05976172245890432               
3       28             -0.0598704882837629                
7       20             -0.05987609309503397               
17      30             -0.059924773777409276              
10      14             -0.060150704935258564              
9       27             -0.06021375501377993               
10      33             -0.06036073685050744               
21      30             -0.061328687417498445              
23      27             -0.06152757067608708               
3       7              -0.061997895740176556              
4       8              -0.062264116031492206              
6       30             -0.062303415593142536              
19      31             -0.06264847840341684               
5       23             -0.06328067056822087               
3       11             -0.06329502004961515               
1       18             -0.06367048521967225               
2       17             -0.06372623998320845               
15      29             -0.06485979172196345               
6       23             -0.06573895106498642               
17      31             -0.06608139693148245               
2       15             -0.0665159129094167                
1       29             -0.06688817790296495               
19      23             -0.06729415470997446               
17      28             -0.06774900545552598               
4       21             -0.06801850801824808               
7       35             -0.06840493310358213               
14      22             -0.06876792960610584               
13      25             -0.06891630637479862               
12      31             -0.06898322606096768               
17      29             -0.06943930931692284               
12      23             -0.06943955462707632               
20      28             -0.06964927052258729               
10      15             -0.07008956723051844               
4       15             -0.07024387937720747               
22      33             -0.0707327549825626                
10      19             -0.07118962394102706               
5       25             -0.07136040107740022               
12      28             -0.07156215109599612               
9       21             -0.07176732285712892               
17      23             -0.07206796418192508               
5       10             -0.07232019389087788               
14      25             -0.07256697936379497               
1       27             -0.07303674702494198               
4       35             -0.07310902874086442               
14      29             -0.07392619846106982               
19      29             -0.0743413335120063                
25      35             -0.07532466348297118               
9       19             -0.07607489503544501               
4       12             -0.07709437186603088               
7       33             -0.07806179037625581               
14      31             -0.07890622114678245               
2       7              -0.07896965009432497               
15      22             -0.07902943286253135               
24      29             -0.07931487508604484               
15      23             -0.07966985653700115               
9       15             -0.08127886467854908               
19      22             -0.08242842463465189               
13      31             -0.08276980634017994               
9       17             -0.08304091025227099               
22      26             -0.08391521492593396               
7       29             -0.08443367367362054               
10      17             -0.08492236906215613               
14      23             -0.08652229149236645               
13      23             -0.08677219249620523               
9       14             -0.08734185982556869               
17      22             -0.08931158568224717               
26      31             -0.09196917336828539               
4       10             -0.09480360672215121               
9       12             -0.09500670780102814               
9       13             -0.10079862948573493               
8       30             -0.10340914545667412               
15      28             -0.11571372059215224               
3       23             -0.12136007955097389               
