#======================================================================
# PARAMETERS USED FOR THIS COMPUTATION: 
#	Sequence type: RNA
#	Total number of sequences in alignment data: 15
#	Length of sequences in alignment data: 45
#	Value of sequence identity: 0.8
#	lambda_h: 8.8
#	lambda_J: 8.8
#	Number of gradient decent iterations: 500
# The First and Second columns represent sites and the
# Third column is PLMDCA Frobenius norm, average product corrected (APC) DCA score
#======================================================================
10      23             0.047612793884388896               
7       43             0.030426397805935382               
30      35             0.02968857167620898                
15      20             0.026582042531559727               
16      28             0.026582041605286766               
16      36             0.026582041049522977               
16      20             0.02658204058638649                
15      28             0.026582036099879372               
15      36             0.026582035544115604               
18      28             0.026582035544115604               
15      18             0.026582035451488316               
20      28             0.026582035173606418               
18      36             0.02658203498835183                
20      36             0.026582034617842636               
18      20             0.026582034525215348               
15      16             0.02658203406207888                
16      18             0.026582033506315085               
6       39             0.02658203050184467                
22      39             0.026582029946080908               
28      39             0.026582029853453613               
15      39             0.026582029760826326               
6       22             0.026582029482944435               
6       28             0.026582029390317133               
36      39             0.026582029297689852               
6       15             0.026582029297689845               
18      39             0.026582029205062564               
20      39             0.026582028834553392               
6       36             0.02658202883455337                
22      28             0.026582028834553365               
6       18             0.026582028741926084               
15      22             0.026582028741926077               
6       20             0.02658202837141691                
22      36             0.026582028278789596               
18      22             0.02658202818616231                
28      36             0.026582028186162295               
16      39             0.026582027815653164               
20      22             0.026582027815653123               
6       16             0.026582027352516677               
16      22             0.02658202679675288                
6       9              0.026529819665889798               
9       18             0.026529818432712182               
9       20             0.026529818080375724               
9       16             0.026529817111450457               
9       39             0.02652981265572977                
9       22             0.026529811686804503               
9       28             0.026529811598720386               
9       15             0.026529811510636277               
9       36             0.026529811070215695               
17      45             0.0263513880192899                 
5       6              0.025389143434172527               
5       18             0.025389142282064424               
5       20             0.02538914195289068                
5       16             0.025389141047662878               
5       39             0.025389136395059117               
5       22             0.025389135489831315               
5       28             0.02538913540753787                
5       15             0.025389135325244443               
5       36             0.025389134913777256               
3       30             0.025162526330502234               
5       9              0.025052402496550552               
23      38             0.023399100976675732               
10      38             0.02339909900979905                
3       6              0.021607568624239716               
3       22             0.02160756808392983                
3       15             0.021607567903826536               
3       36             0.021607567453568295               
3       18             0.02160756736351665                
3       20             0.021607567003310055               
3       16             0.021607566012741927               
3       39             0.021607561623917367               
3       28             0.02160756054329758                
6       30             0.021402471853985305               
15      30             0.02140247117575749                
18      30             0.021402470667086636               
20      30             0.021402470327972725               
16      30             0.021402469395409483               
22      30             0.021402463894733846               
30      36             0.021402463301284508               
30      39             0.02140245737671649                
28      30             0.021402456359374773               
3       9              0.02117745913676837                
5       35             0.0210415605037009                 
9       30             0.02072186188326334                
17      38             0.020290679244777267               
3       5              0.019990685396604098               
5       30             0.019674094169299543               
35      39             0.0180592203352899                 
6       35             0.018059219904550693               
22      35             0.018059219387663646               
28      35             0.0180592193015158                 
15      35             0.018059219215367968               
18      35             0.018059218698480914               
20      35             0.01805921835388955                
16      35             0.018059217406263296               
35      36             0.018059211334048156               
9       35             0.017219520227878295               
7       26             0.015585832517778987               
26      45             0.014451679384801977               
3       38             0.014215798976946824               
21      26             0.01344190177823925                
17      26             0.013250844558492098               
35      43             0.01291480936455823                
7       21             0.012775507074428136               
10      17             0.012570812373682613               
17      23             0.012570810537296598               
3       35             0.011486433775458445               
1       45             0.010988060002283473               
7       42             0.010302377561470066               
12      44             0.009580657350195164               
19      44             0.009580657182175996               
13      19             0.009580657098166405               
24      37             0.009580656510099296               
25      37             0.009580656510099296               
37      44             0.009580656468094507               
24      34             0.009580656426089712               
25      34             0.009580656426089712               
13      37             0.009580656384084917               
34      44             0.009580656384084917               
13      34             0.009580656300075333               
8       12             0.00958065457787892                
8       19             0.009580654409859737               
11      12             0.009580654199835795               
14      19             0.009580654073821401               
11      19             0.009580654031816606               
27      37             0.009580653905802164               
31      37             0.009580653905802164               
32      37             0.009580653905802164               
29      37             0.009580653863797368               
12      40             0.009580653834928822               
12      41             0.009580653834928822               
27      34             0.009580653821792573               
31      34             0.009580653821792573               
32      34             0.009580653821792573               
29      34             0.009580653779787777               
8       37             0.0095806536957782                 
12      24             0.009580653666909661               
12      25             0.009580653666909661               
19      40             0.009580653666909654               
19      41             0.009580653666909654               
8       34             0.00958065361176861                
12      13             0.009580653540895281               
19      24             0.009580653498890493               
19      25             0.009580653498890493               
14      37             0.009580653359739864               
11      37             0.009580653317735069               
14      34             0.009580653275730266               
11      34             0.009580653233725478               
37      40             0.009580652952828173               
37      41             0.009580652952828173               
34      40             0.009580652868818582               
34      41             0.009580652868818582               
12      27             0.009580651062612577               
12      31             0.009580651062612577               
12      32             0.009580651062612577               
12      29             0.009580651020607789               
19      27             0.009580650894593395               
19      31             0.009580650894593395               
19      32             0.009580650894593395               
19      29             0.009580650852588607               
12      14             0.009580650516550285               
27      40             0.009580649508435138               
27      41             0.009580649508435138               
31      40             0.009580649508435138               
31      41             0.009580649508435138               
32      40             0.009580649508435138               
32      41             0.009580649508435138               
29      40             0.009580649466430342               
29      41             0.009580649466430342               
2       27             0.00958064942442554                
2       31             0.00958064942442554                
2       32             0.00958064942442554                
2       29             0.009580649382420744               
24      27             0.009580649340415956               
24      31             0.009580649340415956               
24      32             0.009580649340415956               
25      27             0.009580649340415956               
25      31             0.009580649340415956               
25      32             0.009580649340415956               
8       40             0.009580649298411167               
8       41             0.009580649298411167               
24      29             0.00958064929841116                
25      29             0.00958064929841116                
27      44             0.00958064929841116                
31      44             0.00958064929841116                
32      44             0.00958064929841116                
29      44             0.009580649256406365               
2       8              0.009580649214401576               
13      27             0.009580649214401563               
13      31             0.009580649214401563               
13      32             0.009580649214401563               
13      29             0.009580649172396767               
8       24             0.009580649130391992               
8       25             0.009580649130391992               
8       44             0.00958064908838719                
8       13             0.009580649004377599               
14      40             0.009580648962372824               
14      41             0.009580648962372824               
11      40             0.009580648920368029               
11      41             0.009580648920368029               
2       14             0.009580648878363227               
2       11             0.009580648836358431               
14      24             0.009580648794353643               
14      25             0.009580648794353643               
11      24             0.009580648752348847               
11      25             0.009580648752348847               
14      44             0.00958064875234884                
11      44             0.009580648710344052               
13      14             0.00958064866833925                
11      13             0.009580648626334454               
12      19             0.00958064777050635                
12      37             0.00958064705642489                
12      34             0.009580646972415306               
19      37             0.009580646888405722               
19      34             0.009580646804396138               
27      31             0.009580646736118609               
27      32             0.009580646736118609               
31      32             0.009580646736118609               
27      29             0.009580646694113813               
29      31             0.009580646694113813               
29      32             0.009580646694113813               
8       27             0.009580646526094631               
8       31             0.009580646526094631               
8       32             0.009580646526094631               
8       29             0.009580646484089836               
2       12             0.009580646300338641               
14      27             0.00958064619005626                
14      31             0.00958064619005626                
14      32             0.00958064619005626                
11      27             0.009580646148051465               
11      31             0.009580646148051465               
11      32             0.009580646148051465               
14      29             0.009580646148051465               
2       19             0.009580646132319466               
11      29             0.00958064610604667                
34      37             0.009580646090314664               
8       14             0.009580645980032283               
8       11             0.009580645938027488               
11      14             0.00958064560198911                
2       37             0.009580645418237985               
2       34             0.0095806453342284                 
40      41             0.009580644830170883               
2       40             0.009580644746161292               
2       41             0.009580644746161292               
24      40             0.009580644662151715               
24      41             0.009580644662151715               
25      40             0.009580644662151715               
25      41             0.009580644662151715               
40      44             0.00958064462014692                
41      44             0.00958064462014692                
2       24             0.009580644578142124               
2       25             0.009580644578142124               
2       44             0.009580644536137328               
13      40             0.009580644536137328               
13      41             0.009580644536137328               
24      25             0.009580644494132547               
24      44             0.009580644452127751               
25      44             0.009580644452127751               
2       13             0.009580644452127737               
13      24             0.00958064436811816                
13      25             0.00958064436811816                
13      44             0.009580644326113365               
1       27             0.00884862606554912                
1       31             0.00884862606554912                
1       32             0.00884862606554912                
1       29             0.008848626025659001               
1       8              0.008848625866098525               
1       14             0.00884862554697756                
1       11             0.00884862550708744                
1       40             0.008848621247716439               
1       41             0.008848621247716439               
1       2              0.0088486211679362                 
1       24             0.008848621088155963               
1       25             0.008848621088155963               
1       44             0.008848621048265844               
1       13             0.008848620968485599               
1       12             0.008848618998360577               
1       19             0.008848618838800094               
1       37             0.008848618160668058               
1       34             0.00884861808088782                
17      42             0.008642905166681168               
5       10             0.008559147115305019               
5       23             0.008559141639766892               
4       40             0.00828626084801088                
4       41             0.00828626084801088                
4       44             0.008286260647864377               
2       4              0.008286257042661976               
4       24             0.008286256962603378               
4       25             0.008286256962603378               
4       13             0.008286256842515466               
4       27             0.008286254480786702               
4       31             0.008286254480786702               
4       32             0.008286254480786702               
4       29             0.008286254440757396               
4       8              0.008286254280640198               
4       14             0.008286253960405783               
4       11             0.008286253920376477               
4       12             0.00828625115322413                
4       19             0.008286250993106925               
4       37             0.008286250312608802               
4       34             0.008286250232550196               
7       33             0.008055107805678925               
6       10             0.007985376221611482               
10      28             0.007985375628235439               
10      15             0.00798537554346744                
23      39             0.00798537514321624                
10      18             0.00798537503485941                
10      20             0.00798537469578739                
22      23             0.007985374210768226               
10      16             0.007985373763339333               
23      36             0.007985373617392218               
10      39             0.007985372920161209               
10      22             0.007985371987713152               
10      36             0.00798537139433711                
6       23             0.00798537099408593                
18      23             0.007985369807333914               
16      23             0.0079853685358139                 
23      28             0.007985366675419624               
15      23             0.007985366590651626               
20      23             0.007985365742971609               
21      44             0.007940166732417188               
21      31             0.00794016429480155                
21      32             0.00794016429480155                
14      21             0.007940163775309698               
11      21             0.007940163735348782               
8       21             0.007940160369706697               
21      27             0.007940156844220954               
21      29             0.007940156804260044               
21      40             0.007940155756350847               
21      41             0.007940155756350847               
2       21             0.007940155676429021               
21      24             0.007940155596507202               
21      25             0.007940155596507202               
13      21             0.007940155476624466               
12      21             0.007940149784323995               
19      21             0.00794014962448035                
21      37             0.007940148945144838               
21      34             0.00794014886522302                
12      42             0.007773167870238254               
19      42             0.0077731677079994                 
37      42             0.007773167018484267               
34      42             0.0077731669373648365              
40      42             0.00777316636952885                
41      42             0.00777316636952885                
2       42             0.007773166288409419               
24      42             0.007773166207289996               
25      42             0.007773166207289996               
42      44             0.00777316616673028                
13      42             0.00777316608561085                
27      42             0.007773163692587744               
31      42             0.007773163692587744               
32      42             0.007773163692587744               
29      42             0.007773163652028028               
8       42             0.007773163489789174               
14      42             0.0077731631653114655              
11      42             0.00777316312475175                
5       43             0.0072506001206384535              
9       23             0.007243466168984837               
9       10             0.007243464054966085               
26      33             0.0070771522596635855              
1       4              0.007071768178007497               
1       42             0.0066375050948267456              
1       21             0.006614155449239413               
21      43             0.006377533109707047               
26      43             0.006298255064703086               
10      43             0.006264673460573564               
23      43             0.006264671541569067               
38      45             0.006130261977381868               
4       21             0.006055893015812164               
4       42             0.00598673492970838                
33      45             0.005968789256212255               
33      40             0.005769520303033078               
33      41             0.005769520303033078               
2       33             0.0057695202237707105              
24      33             0.00576952014450835                
25      33             0.00576952014450835                
13      33             0.005769520025614795               
27      33             0.00576951768737495                
31      33             0.00576951768737495                
32      33             0.00576951768737495                
29      33             0.00576951764774377                
8       33             0.005769517489219035               
14      33             0.005769517172169565               
11      33             0.005769517132538378               
33      44             0.005769512654296566               
12      33             0.005769510593515985               
19      33             0.00576951043499125                
33      37             0.005769509761261123               
33      34             0.005769509681998755               
4       43             0.005705560135535047               
21      42             0.005594382212108805               
5       38             0.00558880733234788                
30      43             0.00529659758743594                
17      33             0.00485965987515561                
5       26             0.0047061461261686255              
22      38             0.0046387421580700375              
28      38             0.004638742076116843               
38      39             0.0046387393342648894              
6       38             0.004638738924498911               
36      38             0.0046387378591073725              
18      38             0.004638737777154185               
20      38             0.004638737449341401               
16      38             0.004638736547856251               
15      38             0.004638734543583052               
1       33             0.004218720113799174               
42      43             0.00421264303363604                
26      38             0.004181542958451946               
9       38             0.004019400850718148               
33      43             0.0038525677746946707              
4       33             0.003579234234952558               
5       33             0.0035331480722758657              
21      33             0.0032074236432989983              
33      42             0.003092645972785406               
7       35             0.0022960115689851096              
27      45             0.0021461076015611077              
31      45             0.0021461076015611077              
32      45             0.0021461076015611077              
29      45             0.002146107562815039               
8       45             0.0021461074078307843              
14      45             0.0021461070978622612              
11      45             0.0021461070591161993              
40      45             0.002146106433511076               
41      45             0.002146106433511076               
2       45             0.0021461063560189453              
24      45             0.0021461062785268215              
25      45             0.0021461062785268215              
44      45             0.0021461062397807526              
13      45             0.002146106162288622               
12      45             0.002146100416534874               
19      45             0.0021461002615506125              
37      45             0.0021460996028675114              
34      45             0.0021460995253753806              
2       7              0.0019618987988236566              
7       27             0.0019618963986833896              
7       31             0.0019618963986833896              
7       32             0.0019618963986833896              
7       29             0.0019618963611812007              
7       8              0.0019618962111724383              
7       14             0.0019618959111548998              
7       11             0.001961895873652704               
7       12             0.001961892810828536               
7       19             0.0019618926608197737              
7       37             0.0019618920232825146              
7       34             0.00196189194827813                
7       40             0.0019618914232474444              
7       41             0.0019618914232474444              
7       24             0.001961891273238682               
7       25             0.001961891273238682               
7       44             0.001961891235736493               
7       13             0.0019618911607321016              
30      38             0.0015075821848786336              
8       26             0.0013747984967745                 
14      26             0.0013747981980233165              
11      26             0.0013747981606794177              
26      37             0.0013747980204033075              
26      34             0.00137479794571551                
26      40             0.0013747974229009405              
26      41             0.0013747974229009405              
2       26             0.0013747973482131498              
24      26             0.0013747972735253591              
25      26             0.0013747972735253591              
26      44             0.0013747972361814603              
13      26             0.0013747971614936558              
12      26             0.0013747950793348632              
26      27             0.0013747949582036886              
26      31             0.0013747949582036886              
26      32             0.0013747949582036886              
19      26             0.0013747949299592749              
26      29             0.0013747949208597898              
17      31             0.0011772810032635098              
17      32             0.0011772810032635098              
17      29             0.0011772809639113355              
14      17             0.0011772804916852647              
11      17             0.0011772804523330904              
17      40             0.0011772798752166108              
17      41             0.0011772798752166108              
2       17             0.0011772797965122622              
17      24             0.0011772797178079206              
17      25             0.0011772797178079206              
13      17             0.0011772795997513977              
17      27             0.0011772772779732113              
8       17             0.0011772770812123468              
12      17             0.0011772738806664004              
17      19             0.0011772737232577102              
17      37             0.0011772730542707749              
17      34             0.0011772729755664263              
17      44             0.0011772685025848509              
5       45             0.0006406260027445945              
3       23             7.604653039215009e-05              
3       10             7.604436915260165e-05              
10      30             -7.079146664124708e-05             
23      30             -7.079315724810992e-05             
4       30             -0.0001728562346373988             
23      33             -0.00019704792337410515            
10      33             -0.00019704982567092522            
1       7              -0.00035073427748018304            
4       45             -0.00043177659585312556            
5       17             -0.0005543145582945774             
23      45             -0.000564165858491901              
10      45             -0.0005641677183030047             
1       17             -0.0007551120281451759             
21      45             -0.000811553250862948              
3       45             -0.0008363369852013858             
42      45             -0.0009725773879683472             
4       7              -0.0011237255767823778             
1       26             -0.0011355792809302281             
4       17             -0.0013784352069257932             
38      42             -0.0013997328670949938             
9       43             -0.0014693001394322086             
26      30             -0.0016586685104544655             
17      21             -0.0017076606322969853             
4       26             -0.0017656278354003171             
27      43             -0.001940013685315184              
31      43             -0.001940013685315184              
32      43             -0.001940013685315184              
29      43             -0.0019400137229461378             
8       43             -0.0019400138734699535             
14      43             -0.0019400141745175917             
11      43             -0.0019400142121485525             
2       43             -0.0019400150022244114             
12      43             -0.0019400172599074936             
19      43             -0.0019400174104313092             
34      43             -0.0019400181254194404             
40      43             -0.001940018652252802              
41      43             -0.001940018652252802              
24      43             -0.0019400188027766177             
25      43             -0.0019400188027766177             
13      43             -0.0019400189156694794             
37      43             -0.001940021775447831              
43      44             -0.00194002256569787               
23      26             -0.0020558121985942562             
10      26             -0.0020558139911013504             
7       30             -0.0020584913853244277             
26      42             -0.0023146812186931945             
3       17             -0.0023166749149083968             
6       43             -0.0023985706530443435             
22      43             -0.0023985711046157973             
28      43             -0.002398571179877705              
15      43             -0.002398571255139613              
36      43             -0.002398571631449159              
18      43             -0.00239857170671106               
20      43             -0.002398572007758698              
16      43             -0.002398572835639691              
39      43             -0.002398574002025096              
5       7              -0.002537811178846501              
7       17             -0.003324691516898272              
3       7              -0.0034523461127309307             
3       26             -0.0034587065735300626             
9       42             -0.0034689184580214694             
4       10             -0.003847967222337996              
4       23             -0.003847969026221837              
7       23             -0.004381321763259324              
7       10             -0.004381323563364528              
1       43             -0.004398394512505302              
7       9              -0.0045074293603194066             
9       45             -0.004745456141246711              
33      35             -0.004872856450105559              
9       17             -0.0049928996440953485             
38      40             -0.005098293884572398              
38      41             -0.005098293884572398              
12      38             -0.0050982960937285896             
19      38             -0.005098296257634978              
27      38             -0.005098296589027836              
31      38             -0.005098296589027836              
32      38             -0.005098296589027836              
29      38             -0.005098296630004433              
8       38             -0.005098296793910821              
37      38             -0.005098296954237136              
34      38             -0.00509829703619033               
14      38             -0.005098297121723605              
11      38             -0.005098297162700202              
2       38             -0.005098297691815891              
24      38             -0.005098297773769085              
25      38             -0.005098297773769085              
38      44             -0.005098297814745682              
13      38             -0.0050982978966988765             
23      42             -0.005161970141376447              
10      42             -0.005161972088242706              
10      35             -0.005464347821679615              
23      35             -0.005464349479421725              
33      38             -0.0059270461809270425             
39      45             -0.006293172784220778              
6       45             -0.006293173171681425              
22      45             -0.006293173636634203              
15      45             -0.006293173791618457              
36      45             -0.006293174179079111              
20      45             -0.006293174566539758              
16      45             -0.006293175418953183              
28      45             -0.006293177439416632              
18      45             -0.0062931779818615335             
1       38             -0.006560852860951184              
1       35             -0.006904720337771307              
7       38             -0.006945808240411841              
4       38             -0.007054631761549045              
4       35             -0.0071397913207392125             
21      35             -0.007143674226217339              
43      45             -0.007149100759066336              
21      38             -0.007295464935261786              
26      35             -0.007504733473391895              
7       45             -0.007692492672944161              
2       23             -0.007694492988139685              
23      24             -0.007694493072907677              
23      25             -0.007694493072907677              
23      44             -0.007694493115291683              
13      23             -0.007694493200059688              
10      40             -0.007694494919601752              
10      41             -0.007694494919601752              
2       10             -0.007694495004369757              
10      44             -0.007694495131521761              
23      27             -0.007694495700715717              
23      31             -0.007694495700715717              
23      32             -0.007694495700715717              
23      29             -0.007694495743099716              
8       23             -0.00769449591263572               
23      37             -0.0076944959505179725             
23      34             -0.007694496035285978              
14      23             -0.007694496251707726              
11      23             -0.007694496294091732              
23      40             -0.007694496628661979              
23      41             -0.007694496628661979              
10      12             -0.007694497076683959              
10      19             -0.0076944972462199696             
10      27             -0.007694497716945914              
10      31             -0.007694497716945914              
10      32             -0.007694497716945914              
10      29             -0.00769449775932992               
8       10             -0.007694497928865923              
10      37             -0.0076944979667480096             
10      34             -0.007694498051516015              
10      14             -0.007694498267937944              
10      11             -0.00769449831032195               
12      23             -0.007694498785744262              
10      24             -0.007694498814428054              
10      25             -0.007694498814428054              
10      13             -0.007694498941580065              
19      23             -0.007694498955280266              
6       17             -0.007730801726430772              
17      22             -0.00773080219865685               
15      17             -0.007730802356065533              
17      36             -0.007730802749587269              
17      18             -0.007730802828291611              
17      20             -0.007730803143108991              
16      17             -0.007730804008856791              
17      28             -0.007730806002651497              
17      39             -0.00773080878348964               
9       26             -0.007796978035857834              
35      42             -0.008049207958955355              
1       10             -0.008407434956175526              
1       23             -0.008407436766740072              
7       39             -0.008711902236176954              
7       22             -0.00871190306122517               
7       15             -0.00871190321123394               
7       18             -0.008711903661260241              
7       20             -0.008711903961277773              
7       16             -0.00871190478632599               
6       7              -0.008711906336489168              
7       28             -0.00871190686151986               
7       36             -0.008711907311546155              
6       26             -0.008725141848910635              
26      39             -0.00872514520076196               
26      28             -0.00872514609701551               
15      26             -0.0087251461717033                
26      36             -0.008725146545142282              
18      26             -0.008725146619830072              
20      26             -0.008725146918581263              
16      26             -0.008725147740147009              
22      26             -0.00872514974761801               
21      23             -0.00888981971954586               
10      21             -0.008889821637669625              
30      33             -0.008976364326890418              
3       33             -0.009186707478242906              
24      35             -0.00929453102840324               
25      35             -0.00929453102840324               
13      35             -0.009294531157625005              
12      35             -0.009294532987662793              
19      35             -0.009294533159958478              
27      35             -0.009294533698986321              
29      35             -0.00929453374206024               
35      37             -0.009294533892215129              
34      35             -0.009294533978362975              
14      35             -0.009294534258947294              
11      35             -0.009294534302021214              
35      40             -0.00929453458139786               
35      41             -0.00929453458139786               
2       35             -0.0092945346675457                
35      44             -0.009294534796767458              
31      35             -0.00929453742427662               
32      35             -0.00929453742427662               
8       35             -0.009294537639646223              
38      43             -0.009437983767094947              
35      38             -0.009442296812152196              
17      43             -0.009929879300818303              
1       3              -0.010073048998861502              
3       4              -0.010152944597007031              
3       43             -0.010277429114422094              
3       21             -0.010327774012080994              
1       30             -0.010483524884095867              
21      30             -0.010743062542690501              
3       42             -0.011186365854231259              
30      42             -0.011622130410251355              
3       40             -0.0118019073401405                
3       41             -0.0118019073401405                
2       3              -0.011801907430192146              
3       24             -0.011801907520243793              
3       25             -0.011801907520243793              
3       44             -0.011801907565269616              
3       13             -0.01180190765532127               
3       12             -0.011801913124765612              
3       19             -0.011801913304868905              
3       27             -0.01180191403713518               
3       31             -0.01180191403713518               
3       32             -0.01180191403713518               
3       37             -0.011801914070307916              
3       29             -0.011801914082161004              
3       34             -0.011801914160359563              
3       8              -0.011801914262264297              
3       14             -0.011801914622470891              
3       11             -0.011801914667496721              
30      40             -0.012316270603561962              
30      41             -0.012316270603561962              
24      30             -0.012316270773118913              
25      30             -0.012316270773118913              
30      44             -0.012316270815508151              
29      30             -0.012316271580995776              
8       30             -0.012316271750552728              
30      37             -0.012316271787979303              
30      34             -0.01231627187275778               
14      30             -0.012316272089666631              
2       30             -0.012316272550985594              
12      30             -0.012316272760450449              
13      30             -0.012316272762931783              
19      30             -0.0123162729300074                
27      30             -0.012316273401251687              
30      31             -0.012316273401251687              
30      32             -0.012316273401251687              
11      30             -0.012316273994701026              
33      39             -0.012414494200166618              
6       33             -0.012414494596478455              
22      33             -0.01241449507205266               
33      36             -0.01241449562688924               
18      33             -0.0124144957061516                
16      33             -0.01241449689508712               
28      33             -0.012414498876605333              
15      33             -0.012414498955867694              
20      33             -0.012414499748491375              
1       6              -0.0124513359927707                
1       22             -0.012451336471452142              
1       18             -0.01245133710969406               
1       20             -0.012451337428815011              
1       16             -0.012451338306397657              
1       39             -0.012451339319159795              
1       28             -0.012451340276522678              
1       15             -0.012451340356302916              
1       36             -0.01245134075520412               
4       6              -0.012752404782450516              
4       28             -0.012752405342860734              
4       15             -0.012752405422919333              
4       18             -0.012752405903270946              
4       20             -0.012752406223505354              
4       16             -0.012752407104149988              
4       39             -0.012752408107447794              
4       22             -0.012752408988092427              
4       36             -0.012752409548502645              
9       33             -0.012813435184159547              
6       21             -0.012822742570067318              
21      22             -0.01282274304959826               
21      28             -0.012822743129520094              
16      21             -0.012822744887800212              
21      39             -0.012822745895748493              
15      21             -0.012822746934732204              
21      36             -0.012822747334341335              
18      21             -0.012822747414263147              
20      21             -0.012822747733950451              
30      45             -0.0129315318214707                
35      45             -0.013204478951280588              
1       9              -0.013266194609330782              
39      42             -0.013474628200837495              
22      42             -0.013474629093151197              
28      42             -0.01347462917427062               
36      42             -0.01347462966098719               
6       42             -0.013474632331724926              
15      42             -0.013474632980680343              
18      42             -0.013474633467396913              
20      42             -0.013474633791874621              
16      42             -0.013474634684188323              
2       28             -0.013555145753576761              
2       16             -0.013555147601787658              
27      39             -0.013555147709535094              
31      39             -0.013555147709535094              
32      39             -0.013555147709535094              
29      39             -0.013555147755848741              
8       39             -0.013555147941103324              
14      39             -0.013555148311612503              
11      39             -0.01355514835792615               
2       39             -0.013555148470752017              
39      44             -0.013555148609692952              
22      27             -0.013555148633640608              
22      31             -0.013555148633640608              
22      32             -0.013555148633640608              
22      29             -0.013555148679954256              
8       22             -0.013555148865208845              
2       6              -0.01355514889079995               
27      36             -0.013555149221707752              
14      22             -0.013555149235718024              
29      36             -0.0135551492680214                
11      22             -0.013555149282031671              
28      40             -0.013555149386239765              
28      41             -0.013555149386239765              
2       22             -0.013555149394857469              
8       36             -0.013555149453275989              
2       15             -0.013555149562876644              
24      28             -0.013555149571494354              
25      28             -0.013555149571494354              
28      44             -0.013555149617807995              
13      22             -0.013555149626425705              
20      27             -0.013555149641755707              
15      44             -0.013555149701817579              
13      28             -0.013555149710435296              
14      36             -0.013555149823785181              
11      36             -0.013555149870098829              
36      40             -0.013555149890297283              
36      41             -0.013555149890297283              
2       36             -0.013555149982924578              
24      36             -0.013555150075551872              
25      36             -0.013555150075551872              
18      24             -0.01355515015956145               
18      25             -0.01355515015956145               
13      36             -0.013555150214492821              
14      20             -0.013555150243833136              
11      20             -0.013555150290146784              
13      18             -0.013555150298502398              
2       20             -0.013555150402972505              
14      16             -0.013555151167938657              
11      16             -0.013555151214252312              
16      40             -0.013555151234450662              
16      41             -0.013555151234450662              
12      22             -0.01355515131391552               
37      39             -0.013555151362396677              
12      28             -0.013555151397925104              
16      24             -0.013555151419705251              
16      25             -0.013555151419705251              
34      39             -0.013555151455023971              
16      44             -0.013555151466018905              
12      15             -0.013555151481934688              
19      22             -0.01355515149917011               
13      16             -0.013555151558646207              
19      28             -0.013555151583179693              
15      19             -0.01355515166718927               
6       27             -0.013555151854873354              
6       31             -0.013555151854873354              
6       32             -0.013555151854873354              
6       29             -0.013555151901187001              
12      36             -0.013555151901982601              
12      18             -0.013555151985992185              
6       8              -0.013555152086441584              
19      36             -0.013555152087237198              
39      40             -0.01355515210341502               
39      41             -0.01355515210341502               
18      19             -0.013555152171246775              
22      37             -0.013555152286502115              
24      39             -0.013555152288669603              
25      39             -0.013555152288669603              
12      20             -0.013555152322030514              
28      37             -0.013555152370511699              
22      34             -0.01355515237912941               
13      39             -0.013555152427610545              
27      28             -0.013555152442940498              
28      31             -0.013555152442940498              
28      32             -0.013555152442940498              
15      37             -0.013555152454521283              
6       14             -0.013555152456950763              
28      34             -0.013555152463138993              
28      29             -0.013555152489254145              
6       11             -0.013555152503264417              
19      20             -0.013555152507285104              
6       40             -0.013555152523462954              
6       41             -0.013555152523462954              
15      27             -0.013555152526950089              
15      31             -0.013555152526950089              
15      32             -0.013555152526950089              
15      34             -0.013555152547148577              
15      29             -0.013555152573263736              
8       28             -0.013555152674508734              
6       24             -0.013555152708717537              
6       25             -0.013555152708717537              
6       44             -0.013555152755031184              
8       15             -0.013555152758518325              
6       13             -0.013555152847658486              
36      37             -0.01355515287456921               
31      36             -0.01355515294699805               
32      36             -0.01355515294699805               
18      37             -0.013555152958578794              
34      36             -0.013555152967196511              
22      40             -0.013555153027520472              
22      41             -0.013555153027520472              
18      27             -0.013555153031007634              
18      31             -0.013555153031007634              
18      32             -0.013555153031007634              
14      28             -0.01355515304501792               
18      34             -0.013555153051206088              
18      29             -0.013555153077321289              
11      28             -0.013555153091331568              
14      15             -0.013555153129027511              
11      15             -0.013555153175341159              
15      40             -0.01355515319553964               
15      41             -0.01355515319553964               
22      24             -0.013555153212775055              
22      25             -0.013555153212775055              
12      16             -0.013555153246135931              
22      44             -0.01355515325908871               
8       18             -0.013555153262575878              
20      37             -0.013555153294617137              
20      31             -0.013555153367046005              
20      32             -0.013555153367046005              
15      24             -0.01355515338079423               
15      25             -0.01355515338079423               
20      34             -0.013555153387244431              
20      29             -0.01355515341335966               
16      19             -0.013555153431390528              
13      15             -0.013555153519735179              
8       20             -0.013555153598614242              
14      18             -0.013555153633085064              
11      18             -0.013555153679398711              
18      40             -0.013555153699597158              
18      41             -0.013555153699597158              
2       18             -0.01355515379222446               
36      44             -0.013555153847155818              
18      44             -0.013555153931165395              
20      40             -0.013555154035635508              
20      41             -0.013555154035635508              
12      39             -0.013555154115100401              
16      37             -0.013555154218722568              
20      24             -0.013555154220890098              
20      25             -0.013555154220890098              
20      44             -0.013555154267203745              
16      27             -0.013555154291151512              
16      31             -0.013555154291151512              
16      32             -0.013555154291151512              
19      39             -0.013555154300354984              
16      34             -0.01355515431134987               
16      29             -0.013555154337465167              
13      20             -0.013555154359831047              
8       16             -0.013555154522719756              
6       12             -0.013555154535148314              
6       19             -0.013555154720402904              
6       37             -0.013555155507734902              
6       34             -0.013555155600362197              
4       9              -0.013572307281065142              
9       21             -0.013624997237383252              
17      35             -0.013911095395704481              
17      30             -0.014134149991615476              
1       5              -0.014371259845159377              
2       9              -0.014408683253778365              
9       40             -0.014408685028339405              
9       41             -0.014408685028339405              
9       24             -0.01440868520450763               
9       25             -0.01440868520450763               
9       44             -0.014408685248549685              
9       12             -0.014408685261428425              
9       13             -0.014408685336633809              
9       19             -0.014408685437596658              
9       27             -0.014408686072470048              
9       31             -0.014408686072470048              
9       32             -0.014408686072470048              
9       29             -0.014408686116512102              
9       37             -0.014408686186311637              
9       34             -0.014408686274395746              
8       9              -0.014408686292680328              
9       14             -0.014408686645016794              
9       11             -0.014408686689058856              
5       21             -0.014457388885428475              
4       5              -0.014535727375696951              
5       42             -0.015526835300725995              
5       44             -0.01623904254985746               
5       12             -0.016239042684340455              
5       19             -0.016239042848927326              
5       37             -0.016239043548421532              
5       34             -0.016239043630714968              
5       40             -0.01623904420676902               
5       41             -0.01623904420676902               
2       5              -0.016239044289062456              
5       24             -0.01623904437135589               
5       25             -0.01623904437135589               
5       13             -0.016239044494796052              
5       27             -0.016239045059807264              
5       31             -0.016239045059807264              
5       32             -0.016239045059807264              
5       29             -0.01623904510095399               
5       8              -0.016239045265540854              
5       14             -0.016239045594714605              
5       11             -0.016239045635861322              
