#======================================================================
# PARAMETERS USED FOR THIS COMPUTATION: 
#	Sequence type: RNA
#	Total number of sequences in alignment data: 7
#	Length of sequences in alignment data: 36
#	Value of sequence identity: 0.8
#	lambda_h: 7.0
#	lambda_J: 7.0
#	Number of gradient decent iterations: 500
# The First and Second columns represent sites and the
# Third column is PLMDCA Frobenius norm, average product corrected (APC) DCA score
#======================================================================
13      36             0.059074847547899545               
4       30             0.05907483774813033                
13      32             0.05907483629058975                
13      30             0.059074835926204605               
4       11             0.05907483580474296                
30      32             0.0590748358047429                 
4       36             0.05907483446866414                
11      13             0.05907483398281718                
11      32             0.05907483386135548                
11      30             0.05907483349697032                
32      36             0.059074832525276635               
30      36             0.059074832160891474               
11      36             0.059074830217503954               
4       13             0.05907482333281597                
4       32             0.059074823211354266               
22      25             0.05855093001581203                
1       32             0.05210140941205374                
1       30             0.052101409097531345               
1       11             0.05210140742007856                
1       36             0.05210140626682977                
1       4              0.05210140363892593                
1       13             0.05210140206631393                
15      28             0.04936606652075627                
4       22             0.0423365352339758                 
4       25             0.04233653389789698                
13      22             0.04233653370880403                
22      32             0.04233653360712592                
22      30             0.04233653330209156                
13      25             0.04233653237272518                
25      32             0.04233653227104707                
25      30             0.042336531966012704               
11      22             0.04233653167524167                
22      36             0.04233653055678238                
11      25             0.04233653033916278                
25      36             0.04233652922070346                
1       25             0.03448172439042517                
1       22             0.03448171809309336                
17      24             0.022628843861763046               
18      27             0.022628843765467213               
17      23             0.02262884366917127                
21      24             0.022628843669171256               
17      20             0.022628843476579487               
17      26             0.022628843476579487               
21      23             0.022628843476579473               
21      26             0.022628843283987697               
20      21             0.02262884328398769                
17      27             0.02262884289880414                
21      27             0.022628842706212342               
17      19             0.02262884232102879                
19      21             0.022628842128436986               
23      24             0.02262884174325335                
20      24             0.02262884155066156                
24      26             0.02262884155066156                
20      23             0.022628841358069772               
23      26             0.022628841358069772               
20      26             0.022628841165477982               
24      27             0.022628840972886186               
23      27             0.022628840780294396               
20      27             0.0226288405877026                 
26      27             0.0226288405877026                 
19      24             0.022628840395110816               
19      23             0.02262884020251902                
19      20             0.022628840009927223               
19      26             0.022628840009927223               
19      27             0.022628839432151833               
17      18             0.022628839203763303               
18      21             0.02262883901117152                
17      21             0.0226288381445085                 
18      24             0.02262883727784551                
18      23             0.022628837085253733               
18      20             0.022628836892661958               
18      26             0.022628836892661958               
18      19             0.02262883573711128                
15      23             0.02233917370055285                
19      28             0.022339172231209264               
18      28             0.022339169813041293               
17      28             0.02233916880655877                
15      17             0.022339168710262876               
21      28             0.022339168582895988               
15      21             0.022339168486600086               
15      24             0.022339166473635028               
15      20             0.02233916602630947                
15      26             0.02233916602630947                
15      27             0.022339165355321114               
15      19             0.022339164684332773               
15      18             0.0223391622661648                 
24      28             0.022339159119350332               
23      28             0.022339158895687557               
20      28             0.022339158672024774               
26      28             0.022339158672024774               
27      28             0.02233915800103642                
3       7              0.013433274021971336               
7       16             0.013433273731754167               
7       9              0.013433271700233979               
7       14             0.013433271313277755               
7       31             0.013433271119799632               
7       33             0.013433270926321537               
7       34             0.013433266573063991               
7       35             0.013433266573063991               
7       12             0.013433266379585883               
7       10             0.013433266282846822               
7       29             0.013433266282846822               
7       8              0.013433266186107774               
5       7              0.013433258929005286               
6       7              0.013433258929005286               
2       3              0.013422011988702132               
2       16             0.01342201169849571                
2       9              0.013422009667050774               
2       14             0.013422009280108893               
2       31             0.013422009086637939               
2       33             0.013422008893167012               
2       34             0.01342200454007074                
2       35             0.01342200454007074                
2       5              0.013422004346599799               
2       6              0.013422004346599799               
2       12             0.013422004346599799               
2       10             0.013422004249864318               
2       29             0.013422004249864318               
2       8              0.013422004153128851               
5       9              0.013319922072532069               
6       9              0.013319922072532069               
8       9              0.013319921856680725               
5       14             0.013319921640829353               
6       14             0.013319921640829353               
12      14             0.013319921640829353               
10      14             0.013319921532903678               
8       14             0.01331992142497801                
5       31             0.013319921424977975               
6       31             0.013319921424977975               
12      31             0.013319921424977975               
10      31             0.013319921317052306               
29      31             0.013319921317052306               
5       33             0.013319921209126631               
6       33             0.013319921209126631               
8       31             0.013319921209126631               
12      33             0.013319921209126631               
10      33             0.013319921101200956               
29      33             0.013319921101200956               
8       33             0.013319920993275287               
3       10             0.013319917104242171               
16      34             0.013319917104242122               
16      35             0.013319917104242122               
5       16             0.0133199168883908                 
6       16             0.0133199168883908                 
12      16             0.0133199168883908                 
10      16             0.013319916780465131               
16      29             0.013319916780465124               
8       16             0.013319916672539463               
34      35             0.013319916568322307               
5       34             0.013319916352470942               
5       35             0.013319916352470942               
6       34             0.013319916352470942               
6       35             0.013319916352470942               
12      34             0.013319916352470942               
12      35             0.013319916352470942               
10      34             0.01331991624454526                
10      35             0.01331991624454526                
29      34             0.01331991624454526                
29      35             0.01331991624454526                
5       6              0.013319916136619585               
5       12             0.013319916136619585               
6       12             0.013319916136619585               
8       34             0.013319916136619585               
8       35             0.013319916136619585               
10      12             0.013319916028693903               
5       10             0.013319916028693896               
5       29             0.013319916028693896               
6       10             0.013319916028693896               
6       29             0.013319916028693896               
12      29             0.013319916028693896               
5       8              0.013319915920768227               
6       8              0.013319915920768227               
8       12             0.01331991592076822                
10      29             0.013319915920768213               
8       10             0.013319915812842531               
8       29             0.013319915812842531               
9       16             0.01331991537372186                
14      16             0.013319914942019194               
9       34             0.013319914837802822               
9       35             0.013319914837802822               
16      31             0.01331991472616785                
9       12             0.013319914621951479               
9       10             0.013319914514025803               
9       29             0.013319914514025803               
16      33             0.013319914510316534               
14      34             0.013319914406100093               
14      35             0.013319914406100093               
31      34             0.013319914190248729               
31      35             0.013319914190248729               
14      29             0.013319914082323074               
33      34             0.013319913974397371               
33      35             0.013319913974397371               
9       14             0.013319912675580088               
9       31             0.013319912459728737               
9       33             0.013319912243877415               
14      31             0.01331991202802605                
14      33             0.01331991181217472                
31      33             0.013319911596323376               
3       16             0.013319910513357264               
3       34             0.013319909977438572               
3       35             0.013319909977438572               
3       5              0.013319909761587242               
3       6              0.013319909761587242               
3       12             0.013319909761587242               
3       29             0.013319909653661574               
3       8              0.01331990954573592                
3       9              0.013319908246918269               
3       14             0.01331990781521561                
3       31             0.013319907599364272               
3       33             0.013319907383512956               
2       7              0.010653325544793958               
1       28             0.006484729962443932               
1       15             0.006484729857603129               
17      25             -0.002966072103951986              
18      25             -0.002966074914139208              
25      27             -0.0029660751542955957             
20      22             -0.002966077210262312              
18      22             -0.0029660775801747183             
22      27             -0.002966077820331023              
24      25             -0.0029660778628046933             
23      25             -0.002966078066160928              
20      25             -0.0029660782695171695             
25      26             -0.0029660782695171695             
19      22             -0.0029660784303997267             
17      22             -0.002966078495277781              
21      22             -0.0029660786986340157             
19      25             -0.002966079489654612              
21      25             -0.0029660797578888246             
22      24             -0.0029660805288401412             
22      23             -0.002966080732196376              
22      26             -0.0029660809355526105             
3       24             -0.004457539690166969              
3       26             -0.0044575401218696215             
10      23             -0.0044575401591093605             
18      34             -0.0044575402498158515             
18      35             -0.0044575402498158515             
10      20             -0.004457540374960725              
18      29             -0.004457540538703522              
27      34             -0.004457540733627127              
27      35             -0.004457540733627127              
10      27             -0.004457541022514819              
27      29             -0.004457541022514819              
3       17             -0.004457541256943941              
19      34             -0.004457541381181214              
19      35             -0.004457541381181214              
3       19             -0.0044575414169776145             
21      34             -0.00445754143699835               
21      35             -0.00445754143699835               
5       19             -0.004457541573773004              
6       19             -0.004457541573773004              
12      19             -0.004457541573773004              
10      19             -0.0044575416700689055             
19      29             -0.0044575416700689124             
21      29             -0.00445754172588602               
8       19             -0.0044575417663648                
9       20             -0.004457542432971133              
9       26             -0.004457542432971133              
14      20             -0.004457542818154719              
14      26             -0.004457542818154719              
20      33             -0.004457543203338299              
26      33             -0.004457543203338299              
24      34             -0.004457543379660617              
24      35             -0.004457543379660617              
5       24             -0.0044575435722524065             
6       24             -0.0044575435722524065             
12      24             -0.0044575435722524065             
23      34             -0.004457543595511974              
23      35             -0.004457543595511974              
3       23             -0.004457543631308597              
10      24             -0.004457543668548301              
24      29             -0.004457543668548301              
8       24             -0.004457543764844196              
5       23             -0.004457543788103764              
6       23             -0.004457543788103764              
12      23             -0.004457543788103764              
20      34             -0.004457543811363332              
20      35             -0.004457543811363332              
26      34             -0.004457543811363332              
26      35             -0.004457543811363332              
3       20             -0.00445754384715992               
23      29             -0.004457543884399659              
8       23             -0.004457543980695554              
5       20             -0.004457544003955122              
5       26             -0.004457544003955122              
6       20             -0.004457544003955122              
6       26             -0.004457544003955122              
12      20             -0.004457544003955122              
12      26             -0.004457544003955122              
3       18             -0.004457544010903251              
10      26             -0.0044575441002510235             
20      29             -0.0044575441002510235             
26      29             -0.0044575441002510235             
5       18             -0.004457544167697926              
6       18             -0.004457544167697926              
12      18             -0.004457544167697926              
8       20             -0.004457544196546918              
8       26             -0.004457544196546918              
10      18             -0.004457544263993821              
8       18             -0.004457544360289709              
3       27             -0.004457544494713923              
5       27             -0.004457544651509215              
6       27             -0.004457544651509215              
12      27             -0.004457544651509215              
16      27             -0.004457544783601615              
8       27             -0.004457544844101012              
17      34             -0.0044575449464372835             
17      35             -0.0044575449464372835             
5       17             -0.004457545139029059              
6       17             -0.004457545139029059              
12      17             -0.004457545139029059              
3       21             -0.004457545198085576              
10      17             -0.004457545235324954              
17      29             -0.004457545235324954              
16      17             -0.004457545271121917              
8       17             -0.004457545331620849              
5       21             -0.004457545354880431              
6       21             -0.004457545354880431              
12      21             -0.004457545354880431              
16      19             -0.0044575454311556115             
10      21             -0.004457545451176319              
8       21             -0.004457545547472214              
9       24             -0.004457545726558758              
9       23             -0.004457545942410095              
14      24             -0.004457546111742337              
24      31             -0.004457546304334134              
9       18             -0.004457546322004596              
14      23             -0.004457546327593681              
24      33             -0.00445754649692591               
23      31             -0.004457546520185471              
14      18             -0.004457546707188162              
23      33             -0.004457546712777254              
20      31             -0.0044575467360368215             
26      31             -0.0044575467360368215             
9       27             -0.004457546805815456              
18      31             -0.004457546899779945              
18      33             -0.004457547092371707              
14      27             -0.004457547190999049              
9       17             -0.004457547293335633              
27      31             -0.004457547383590853              
9       19             -0.00445754745336948               
9       21             -0.0044575475091869765             
27      33             -0.0044575475761826355             
14      17             -0.004457547678519198              
14      19             -0.004457547838553073              
17      31             -0.004457547871110988              
14      21             -0.004457547894370549              
16      18             -0.0044575480250812205             
19      31             -0.004457548031144884              
17      33             -0.004457548063702757              
21      31             -0.004457548086962332              
19      33             -0.004457548223736667              
21      33             -0.004457548279554101              
16      21             -0.004457549212263552              
16      24             -0.004457551154925549              
16      23             -0.0044575513707768785             
16      20             -0.004457551586628208              
16      26             -0.004457551586628208              
22      28             -0.007078317097378793              
15      25             -0.0070783184292022225             
15      22             -0.007078320924347209              
25      28             -0.007078322052814397              
2       24             -0.008324427753488732              
2       20             -0.008324428140430613              
2       26             -0.008324428140430613              
2       18             -0.008324428673450325              
2       27             -0.008324428720843456              
2       19             -0.008324429301256285              
2       21             -0.008324429737540523              
2       23             -0.008324431672249971              
2       17             -0.008324433269359874              
7       20             -0.008370218452708078              
7       26             -0.008370218452708078              
7       18             -0.008370218985609516              
7       27             -0.008370219033142418              
7       17             -0.008370219856261026              
7       24             -0.008370221791042153              
7       23             -0.008370221984520261              
7       19             -0.008370223338867049              
7       21             -0.00837022377502944               
7       28             -0.009253292422634445              
7       15             -0.009253296244663804              
2       28             -0.009258192219547844              
2       15             -0.009258196041573616              
28      36             -0.009839661316394507              
28      32             -0.00983966168674305               
15      30             -0.00983966214369894               
4       28             -0.009839663622731087              
4       15             -0.009839663744192803              
15      36             -0.009839665163146522              
13      15             -0.009839665421663674              
15      32             -0.009839665533495065              
28      30             -0.009839665747527523              
11      28             -0.009839667536829785              
11      15             -0.009839667658291515              
13      28             -0.009839669025492256              
3       28             -0.011583619366975412              
3       15             -0.01158361947490108               
16      28             -0.011583619702469586              
15      16             -0.011583619810395254              
28      34             -0.011583620527411971              
28      35             -0.011583620527411971              
28      29             -0.011583620862906152              
9       28             -0.011583622050928812              
9       15             -0.011583622158854487              
14      28             -0.011583622498254377              
14      15             -0.011583622606180052              
28      31             -0.011583622721917174              
28      33             -0.011583622945579936              
15      34             -0.011583624360627952              
15      35             -0.011583624360627952              
5       28             -0.011583624476365045              
6       28             -0.011583624476365045              
12      28             -0.011583624476365045              
5       15             -0.011583624584290735              
6       15             -0.011583624584290735              
12      15             -0.011583624584290735              
10      28             -0.011583624588196444              
10      15             -0.011583624696122126              
15      29             -0.011583624696122133              
8       28             -0.011583624700027835              
8       15             -0.011583624807953517              
15      31             -0.01158362655513314               
15      33             -0.01158362677879591               
7       22             -0.011809878082338701              
7       25             -0.011809879146468319              
2       11             -0.011919282093425694              
2       4              -0.011919282432974458              
2       36             -0.011919283157515899              
2       13             -0.011919283884006551              
2       32             -0.011919283980742018              
2       30             -0.011919284270948433              
7       11             -0.011920344541264463              
7       36             -0.011920345605394088              
7       13             -0.011920346331773642              
4       7              -0.011920348605978091              
7       32             -0.011920350153802994              
7       30             -0.011920350444020164              
2       22             -0.011921045516788596              
2       25             -0.011921046580878801              
3       11             -0.013378129266945454              
3       36             -0.013378130454127779              
16      36             -0.01337813081851294               
9       11             -0.013378132182026672              
32      34             -0.013378132843619453              
32      35             -0.013378132843619453              
11      31             -0.013378132910796994              
3       4              -0.01337813294012774               
4       33             -0.013378133101612177              
11      33             -0.013378133153720412              
4       16             -0.013378133304512874              
11      16             -0.0133781333566209                
9       36             -0.013378133369209053              
14      36             -0.01337813385505593               
31      36             -0.013378134097979374              
13      14             -0.01337813423465041               
33      36             -0.013378134340902806              
13      31             -0.013378134477573855              
3       13             -0.013378134559012739              
3       32             -0.013378134666938393              
13      33             -0.013378134720497259              
11      34             -0.013378134894207402              
11      35             -0.013378134894207402              
30      31             -0.013378134909276529              
13      16             -0.013378134923397872              
3       30             -0.013378134990715398              
16      32             -0.01337813503132354               
5       11             -0.013378135137130834              
6       11             -0.013378135137130834              
11      12             -0.013378135137130834              
30      33             -0.013378135152199933              
10      11             -0.01337813525859255               
11      29             -0.01337813525859255               
16      30             -0.013378135355100532              
8       11             -0.013378135380054265              
4       9              -0.013378135855208806              
34      36             -0.013378136081389894              
35      36             -0.013378136081389894              
5       36             -0.013378136324313325              
6       36             -0.013378136324313325              
12      36             -0.013378136324313325              
4       14             -0.013378136341055641              
11      14             -0.013378136393163848              
10      36             -0.013378136445775055              
29      36             -0.013378136445775055              
8       36             -0.01337813656723677               
4       31             -0.013378136583979072              
5       13             -0.0133781367039075                
6       13             -0.0133781367039075                
12      13             -0.0133781367039075                
5       32             -0.013378136811833169              
6       32             -0.013378136811833169              
12      32             -0.013378136811833169              
30      34             -0.013378136892686784              
30      35             -0.013378136892686784              
10      32             -0.013378136933294885              
29      32             -0.013378136933294885              
8       13             -0.013378136946830932              
8       32             -0.0133781370547566                
5       30             -0.013378137135610216              
6       30             -0.013378137135610216              
12      30             -0.013378137135610216              
29      30             -0.013378137257071931              
8       30             -0.013378137378533647              
9       13             -0.01337813747409386               
9       32             -0.013378137582019528              
9       30             -0.013378137905796533              
14      32             -0.013378138067866377              
31      32             -0.013378138310789808              
14      30             -0.013378138391643396              
32      33             -0.013378138553713226              
4       34             -0.013378138567389147              
4       35             -0.013378138567389147              
4       5              -0.013378138810312565              
4       6              -0.013378138810312565              
4       12             -0.013378138810312565              
4       10             -0.01337813893177428               
4       29             -0.01337813893177428               
4       8              -0.013378139053235982              
13      34             -0.013378140186274382              
13      35             -0.013378140186274382              
10      13             -0.013378140550659515              
13      29             -0.013378140550659515              
10      30             -0.01337814098236223               
1       7              -0.01444507976639852               
1       2              -0.014475362715397531              
1       3              -0.014954560980949994              
1       9              -0.014954567222419488              
1       14             -0.014954567641782678              
1       31             -0.014954567851464283              
1       16             -0.014954568746052992              
1       33             -0.014954571786436166              
1       34             -0.014954572778981837              
1       35             -0.014954572778981837              
1       5              -0.014954572988663428              
1       6              -0.014954572988663428              
1       12             -0.014954572988663428              
1       10             -0.014954573093504231              
1       29             -0.014954573093504231              
1       8              -0.014954573198345027              
1       24             -0.01745515059258209               
1       23             -0.01745515080226368               
1       20             -0.01745515101194528               
1       26             -0.01745515101194528               
1       18             -0.017455151277489207              
1       27             -0.017455151640990076              
1       17             -0.017455152221056397              
1       19             -0.01745515227003487               
1       21             -0.017455152430738002              
3       22             -0.02034977719981456               
3       25             -0.020349778386996885              
22      31             -0.020349780250158107              
22      33             -0.020349780453514328              
9       25             -0.02034978082727177               
16      22             -0.020349781230139218              
14      25             -0.020349781233984253              
22      34             -0.020349781303739344              
22      35             -0.020349781303739344              
25      31             -0.0203497814373405                
5       22             -0.020349781507095578              
6       22             -0.020349781507095578              
12      22             -0.020349781507095578              
22      29             -0.020349781608773702              
25      33             -0.020349781640696722              
8       22             -0.02034978171045182               
16      25             -0.02034978241732155               
25      34             -0.02034978249092184               
25      35             -0.02034978249092184               
5       25             -0.020349782694278083              
6       25             -0.020349782694278083              
12      25             -0.020349782694278083              
25      29             -0.0203497827959562                
8       25             -0.020349782897634325              
9       22             -0.020349783365379688              
14      22             -0.020349783772092164              
10      22             -0.020349785334064                 
10      25             -0.0203497865212465                
13      21             -0.021353396262183515              
13      18             -0.02135339865139496               
18      30             -0.021353399036578513              
21      30             -0.021353400372657372              
4       24             -0.021353400729346224              
4       18             -0.021353400932246913              
4       23             -0.02135340097226964               
4       20             -0.02135340121519306               
4       26             -0.02135340121519306               
4       27             -0.021353401943963325              
4       17             -0.021353402025402306              
13      24             -0.021353402173784654              
4       21             -0.02135340226832573               
24      32             -0.021353402270080542              
13      23             -0.021353402416708078              
18      32             -0.02135340247298114               
23      32             -0.021353402513003966              
13      20             -0.021353402659631503              
4       19             -0.021353402672733585              
20      32             -0.021353402755927398              
26      32             -0.021353402755927398              
23      30             -0.021353402801891658              
26      30             -0.021353403044815082              
13      17             -0.02135340346984068               
27      32             -0.021353403484697678              
17      32             -0.02135340356613656               
27      30             -0.021353403773585376              
21      32             -0.021353403809059993              
17      30             -0.02135340385502424               
11      24             -0.021353404099702565              
13      19             -0.021353404117172063              
19      32             -0.021353404213467958              
11      23             -0.021353404342625996              
19      30             -0.021353404502355657              
11      26             -0.02135340458554942               
24      36             -0.02135340515895741               
11      27             -0.02135340531431973               
18      36             -0.021353405361857834              
11      17             -0.021353405395758508              
23      36             -0.02135340540188084               
20      36             -0.02135340564480428               
26      36             -0.02135340564480428               
11      19             -0.02135340604309003               
24      30             -0.021353406284258532              
27      36             -0.0213534063735746                
13      26             -0.0213534063849218                
21      36             -0.02135340669793675               
20      30             -0.02135340677010538               
19      36             -0.021353407102344915              
13      27             -0.02135340711369208               
11      18             -0.02135340802789335               
11      20             -0.02135340831083972               
11      21             -0.021353409363972245              
17      36             -0.02135341018030361               
