#======================================================================
# PARAMETERS USED FOR THIS COMPUTATION: 
#	Sequence type: RNA
#	Total number of sequences in alignment data: 1
#	Length of sequences in alignment data: 52
#	Value of sequence identity: 0.8
#	lambda_h: 10.200000000000001
#	lambda_J: 10.200000000000001
#	Number of gradient decent iterations: 500
# The First and Second columns represent sites and the
# Third column is PLMDCA Frobenius norm, average product corrected (APC) DCA score
#======================================================================
50      52             3.169025215854493e-09              
51      52             3.169025215854493e-09              
42      43             2.8768455812011595e-09             
42      45             2.8768455812011595e-09             
42      46             2.8768455812011595e-09             
42      47             2.8768455812011595e-09             
42      48             2.8768455812011595e-09             
42      49             2.8768455812011595e-09             
39      41             2.8768455742622656e-09             
39      43             2.8038006708031027e-09             
39      45             2.8038006708031027e-09             
39      46             2.8038006708031027e-09             
39      47             2.8038006708031027e-09             
39      48             2.8038006708031027e-09             
39      49             2.8038006708031027e-09             
42      52             2.7307557673439398e-09             
25      27             2.730755760405046e-09              
28      29             2.730755760405046e-09              
17      19             2.657710856945883e-09              
22      23             2.657710856945883e-09              
22      24             2.657710856945883e-09              
39      52             2.657710856945883e-09              
25      29             2.657710850006989e-09              
30      33             2.657710843068095e-09              
30      35             2.657710843068095e-09              
30      36             2.657710843068095e-09              
30      37             2.657710843068095e-09              
32      33             2.657710843068095e-09              
32      35             2.657710843068095e-09              
32      36             2.657710843068095e-09              
32      37             2.657710843068095e-09              
17      23             2.584665946547826e-09              
17      24             2.584665946547826e-09              
22      27             2.584665946547826e-09              
28      33             2.584665939608932e-09              
28      35             2.584665939608932e-09              
28      36             2.584665939608932e-09              
28      37             2.584665939608932e-09              
30      41             2.584665939608932e-09              
32      41             2.584665939608932e-09              
17      27             2.5116210361497693e-09             
22      29             2.5116210361497693e-09             
30      43             2.5116210361497693e-09             
30      45             2.5116210361497693e-09             
30      46             2.5116210361497693e-09             
30      47             2.5116210361497693e-09             
30      48             2.5116210361497693e-09             
30      49             2.5116210361497693e-09             
32      43             2.5116210361497693e-09             
32      45             2.5116210361497693e-09             
32      46             2.5116210361497693e-09             
32      47             2.5116210361497693e-09             
32      48             2.5116210361497693e-09             
32      49             2.5116210361497693e-09             
25      33             2.5116210292108754e-09             
25      35             2.5116210292108754e-09             
25      36             2.5116210292108754e-09             
25      37             2.5116210292108754e-09             
28      41             2.5116210292108754e-09             
1       2              2.438576146568394e-09              
3       4              2.438576146568394e-09              
28      43             2.4385761326906064e-09             
28      45             2.4385761326906064e-09             
28      46             2.4385761326906064e-09             
28      47             2.4385761326906064e-09             
28      48             2.4385761326906064e-09             
28      49             2.4385761326906064e-09             
17      29             2.4385761257517125e-09             
25      41             2.4385761188128185e-09             
1       4              2.3655312361703373e-09             
5       7              2.3655312361703373e-09             
6       7              2.3655312361703373e-09             
8       9              2.3655312292314434e-09             
8       13             2.3655312292314434e-09             
8       14             2.3655312292314434e-09             
8       15             2.3655312292314434e-09             
8       16             2.3655312292314434e-09             
25      43             2.3655312222925495e-09             
25      45             2.3655312222925495e-09             
25      46             2.3655312222925495e-09             
25      47             2.3655312222925495e-09             
25      48             2.3655312222925495e-09             
25      49             2.3655312222925495e-09             
22      33             2.3655312153536556e-09             
22      35             2.3655312153536556e-09             
22      36             2.3655312153536556e-09             
22      37             2.3655312153536556e-09             
30      52             2.3655312153536556e-09             
32      52             2.3655312153536556e-09             
3       7              2.2924863257722805e-09             
5       9              2.2924863257722805e-09             
5       13             2.2924863257722805e-09             
5       14             2.2924863257722805e-09             
5       15             2.2924863257722805e-09             
5       16             2.2924863257722805e-09             
6       9              2.2924863257722805e-09             
6       13             2.2924863257722805e-09             
6       14             2.2924863257722805e-09             
6       15             2.2924863257722805e-09             
6       16             2.2924863257722805e-09             
8       19             2.2924863188333866e-09             
28      52             2.2924863118944927e-09             
17      33             2.292486304955599e-09              
17      35             2.292486304955599e-09              
17      36             2.292486304955599e-09              
17      37             2.292486304955599e-09              
22      41             2.292486304955599e-09              
1       7              2.2194414153742237e-09             
3       9              2.2194414153742237e-09             
3       13             2.2194414153742237e-09             
3       14             2.2194414153742237e-09             
3       15             2.2194414153742237e-09             
3       16             2.2194414153742237e-09             
5       19             2.2194414153742237e-09             
6       19             2.2194414153742237e-09             
8       23             2.2194414084353298e-09             
8       24             2.2194414084353298e-09             
22      43             2.219441401496436e-09              
22      45             2.219441401496436e-09              
22      46             2.219441401496436e-09              
22      47             2.219441401496436e-09              
22      48             2.219441401496436e-09              
22      49             2.219441401496436e-09              
25      52             2.219441401496436e-09              
17      41             2.219441394557542e-09              
1       9              2.146396504976167e-09              
1       13             2.146396504976167e-09              
1       14             2.146396504976167e-09              
1       15             2.146396504976167e-09              
1       16             2.146396504976167e-09              
3       19             2.146396504976167e-09              
5       23             2.146396504976167e-09              
5       24             2.146396504976167e-09              
6       23             2.146396504976167e-09              
6       24             2.146396504976167e-09              
8       27             2.146396498037273e-09              
17      43             2.146396491098379e-09              
17      45             2.146396491098379e-09              
17      46             2.146396491098379e-09              
17      47             2.146396491098379e-09              
17      48             2.146396491098379e-09              
17      49             2.146396491098379e-09              
1       19             2.07335159457811e-09               
3       23             2.07335159457811e-09               
3       24             2.07335159457811e-09               
5       27             2.07335159457811e-09               
6       27             2.07335159457811e-09               
8       29             2.073351587639216e-09              
22      52             2.073351587639216e-09              
1       23             2.000306684180053e-09              
1       24             2.000306684180053e-09              
3       27             2.000306684180053e-09              
5       29             2.000306684180053e-09              
6       29             2.000306684180053e-09              
17      52             2.0003066703022654e-09             
1       27             1.9272617737819964e-09             
3       29             1.9272617737819964e-09             
8       33             1.9272617668431025e-09             
8       35             1.9272617668431025e-09             
8       36             1.9272617668431025e-09             
8       37             1.9272617668431025e-09             
1       29             1.8542168633839395e-09             
5       33             1.8542168633839395e-09             
5       35             1.8542168633839395e-09             
5       36             1.8542168633839395e-09             
5       37             1.8542168633839395e-09             
6       33             1.8542168633839395e-09             
6       35             1.8542168633839395e-09             
6       36             1.8542168633839395e-09             
6       37             1.8542168633839395e-09             
8       41             1.8542168564450456e-09             
3       33             1.7811719529858827e-09             
3       35             1.7811719529858827e-09             
3       36             1.7811719529858827e-09             
3       37             1.7811719529858827e-09             
5       41             1.7811719529858827e-09             
6       41             1.7811719529858827e-09             
8       43             1.7811719529858827e-09             
8       45             1.7811719529858827e-09             
8       46             1.7811719529858827e-09             
8       47             1.7811719529858827e-09             
8       48             1.7811719529858827e-09             
8       49             1.7811719529858827e-09             
5       43             1.7081270495267198e-09             
5       45             1.7081270495267198e-09             
5       46             1.7081270495267198e-09             
5       47             1.7081270495267198e-09             
5       48             1.7081270495267198e-09             
5       49             1.7081270495267198e-09             
6       43             1.7081270495267198e-09             
6       45             1.7081270495267198e-09             
6       46             1.7081270495267198e-09             
6       47             1.7081270495267198e-09             
6       48             1.7081270495267198e-09             
6       49             1.7081270495267198e-09             
1       33             1.7081270425878259e-09             
1       35             1.7081270425878259e-09             
1       36             1.7081270425878259e-09             
1       37             1.7081270425878259e-09             
3       41             1.7081270425878259e-09             
3       43             1.635082132189769e-09              
3       45             1.635082132189769e-09              
3       46             1.635082132189769e-09              
3       47             1.635082132189769e-09              
3       48             1.635082132189769e-09              
3       49             1.635082132189769e-09              
8       52             1.635082132189769e-09              
1       41             1.6350821252508752e-09             
1       43             1.5620372217917122e-09             
1       45             1.5620372217917122e-09             
1       46             1.5620372217917122e-09             
1       47             1.5620372217917122e-09             
1       48             1.5620372217917122e-09             
1       49             1.5620372217917122e-09             
5       52             1.5620372217917122e-09             
6       52             1.5620372217917122e-09             
3       52             1.4889923113936554e-09             
1       52             1.4159474009955986e-09             
10      11             6.12453421311443e-10               
10      12             6.12453421311443e-10               
10      18             6.12453421311443e-10               
10      20             6.12453421311443e-10               
10      21             6.12453421311443e-10               
10      26             6.12453421311443e-10               
10      31             6.12453421311443e-10               
10      34             6.12453421311443e-10               
10      38             6.12453421311443e-10               
10      40             6.12453421311443e-10               
10      44             6.12453421311443e-10               
11      12             6.12453421311443e-10               
11      18             6.12453421311443e-10               
11      20             6.12453421311443e-10               
11      21             6.12453421311443e-10               
11      26             6.12453421311443e-10               
11      31             6.12453421311443e-10               
11      34             6.12453421311443e-10               
11      38             6.12453421311443e-10               
11      40             6.12453421311443e-10               
11      44             6.12453421311443e-10               
12      18             6.12453421311443e-10               
12      20             6.12453421311443e-10               
12      21             6.12453421311443e-10               
12      26             6.12453421311443e-10               
12      31             6.12453421311443e-10               
12      34             6.12453421311443e-10               
12      38             6.12453421311443e-10               
12      40             6.12453421311443e-10               
12      44             6.12453421311443e-10               
18      20             6.12453421311443e-10               
18      21             6.12453421311443e-10               
18      26             6.12453421311443e-10               
18      31             6.12453421311443e-10               
18      34             6.12453421311443e-10               
18      38             6.12453421311443e-10               
18      40             6.12453421311443e-10               
18      44             6.12453421311443e-10               
20      21             6.12453421311443e-10               
20      26             6.12453421311443e-10               
20      31             6.12453421311443e-10               
20      34             6.12453421311443e-10               
20      38             6.12453421311443e-10               
20      40             6.12453421311443e-10               
20      44             6.12453421311443e-10               
21      26             6.12453421311443e-10               
21      31             6.12453421311443e-10               
21      34             6.12453421311443e-10               
21      38             6.12453421311443e-10               
21      40             6.12453421311443e-10               
21      44             6.12453421311443e-10               
26      31             6.12453421311443e-10               
26      34             6.12453421311443e-10               
26      38             6.12453421311443e-10               
26      40             6.12453421311443e-10               
26      44             6.12453421311443e-10               
31      34             6.12453421311443e-10               
31      38             6.12453421311443e-10               
31      40             6.12453421311443e-10               
31      44             6.12453421311443e-10               
34      38             6.12453421311443e-10               
34      40             6.12453421311443e-10               
34      44             6.12453421311443e-10               
38      40             6.12453421311443e-10               
38      44             6.12453421311443e-10               
40      44             6.12453421311443e-10               
10      50             5.394085178522801e-10              
10      51             5.394085178522801e-10              
11      50             5.394085178522801e-10              
11      51             5.394085178522801e-10              
12      50             5.394085178522801e-10              
12      51             5.394085178522801e-10              
18      50             5.394085178522801e-10              
18      51             5.394085178522801e-10              
20      50             5.394085178522801e-10              
20      51             5.394085178522801e-10              
21      50             5.394085178522801e-10              
21      51             5.394085178522801e-10              
26      50             5.394085178522801e-10              
26      51             5.394085178522801e-10              
31      50             5.394085178522801e-10              
31      51             5.394085178522801e-10              
34      50             5.394085178522801e-10              
34      51             5.394085178522801e-10              
38      50             5.394085178522801e-10              
38      51             5.394085178522801e-10              
40      50             5.394085178522801e-10              
40      51             5.394085178522801e-10              
44      50             5.394085178522801e-10              
44      51             5.394085178522801e-10              
2       10             5.394085109133862e-10              
2       11             5.394085109133862e-10              
2       12             5.394085109133862e-10              
2       18             5.394085109133862e-10              
2       20             5.394085109133862e-10              
2       21             5.394085109133862e-10              
2       26             5.394085109133862e-10              
2       31             5.394085109133862e-10              
2       34             5.394085109133862e-10              
2       38             5.394085109133862e-10              
2       40             5.394085109133862e-10              
2       44             5.394085109133862e-10              
4       10             4.663636143931171e-10              
4       11             4.663636143931171e-10              
4       12             4.663636143931171e-10              
4       18             4.663636143931171e-10              
4       20             4.663636143931171e-10              
4       21             4.663636143931171e-10              
4       26             4.663636143931171e-10              
4       31             4.663636143931171e-10              
4       34             4.663636143931171e-10              
4       38             4.663636143931171e-10              
4       40             4.663636143931171e-10              
4       44             4.663636143931171e-10              
2       50             4.663636074542232e-10              
2       51             4.663636074542232e-10              
50      51             4.663636074542232e-10              
2       4              3.933187039950603e-10              
4       50             3.933187039950603e-10              
4       51             3.933187039950603e-10              
7       10             3.202737935970035e-10              
7       11             3.202737935970035e-10              
7       12             3.202737935970035e-10              
7       18             3.202737935970035e-10              
7       20             3.202737935970035e-10              
7       21             3.202737935970035e-10              
7       26             3.202737935970035e-10              
7       31             3.202737935970035e-10              
7       34             3.202737935970035e-10              
7       38             3.202737935970035e-10              
7       40             3.202737935970035e-10              
7       44             3.202737935970035e-10              
9       10             2.4722889013784055e-10             
9       11             2.4722889013784055e-10             
9       12             2.4722889013784055e-10             
9       18             2.4722889013784055e-10             
9       20             2.4722889013784055e-10             
9       21             2.4722889013784055e-10             
9       26             2.4722889013784055e-10             
9       31             2.4722889013784055e-10             
9       34             2.4722889013784055e-10             
9       38             2.4722889013784055e-10             
9       40             2.4722889013784055e-10             
9       44             2.4722889013784055e-10             
10      13             2.4722889013784055e-10             
10      14             2.4722889013784055e-10             
10      15             2.4722889013784055e-10             
10      16             2.4722889013784055e-10             
11      13             2.4722889013784055e-10             
11      14             2.4722889013784055e-10             
11      15             2.4722889013784055e-10             
11      16             2.4722889013784055e-10             
12      13             2.4722889013784055e-10             
12      14             2.4722889013784055e-10             
12      15             2.4722889013784055e-10             
12      16             2.4722889013784055e-10             
13      18             2.4722889013784055e-10             
13      20             2.4722889013784055e-10             
13      21             2.4722889013784055e-10             
13      26             2.4722889013784055e-10             
13      31             2.4722889013784055e-10             
13      34             2.4722889013784055e-10             
13      38             2.4722889013784055e-10             
13      40             2.4722889013784055e-10             
13      44             2.4722889013784055e-10             
14      18             2.4722889013784055e-10             
14      20             2.4722889013784055e-10             
14      21             2.4722889013784055e-10             
14      26             2.4722889013784055e-10             
14      31             2.4722889013784055e-10             
14      34             2.4722889013784055e-10             
14      38             2.4722889013784055e-10             
14      40             2.4722889013784055e-10             
14      44             2.4722889013784055e-10             
15      18             2.4722889013784055e-10             
15      20             2.4722889013784055e-10             
15      21             2.4722889013784055e-10             
15      26             2.4722889013784055e-10             
15      31             2.4722889013784055e-10             
15      34             2.4722889013784055e-10             
15      38             2.4722889013784055e-10             
15      40             2.4722889013784055e-10             
15      44             2.4722889013784055e-10             
16      18             2.4722889013784055e-10             
16      20             2.4722889013784055e-10             
16      21             2.4722889013784055e-10             
16      26             2.4722889013784055e-10             
16      31             2.4722889013784055e-10             
16      34             2.4722889013784055e-10             
16      38             2.4722889013784055e-10             
16      40             2.4722889013784055e-10             
16      44             2.4722889013784055e-10             
2       7              2.4722888319894665e-10             
7       50             2.4722888319894665e-10             
7       51             2.4722888319894665e-10             
9       50             1.7418398667867763e-10             
9       51             1.7418398667867763e-10             
10      19             1.7418398667867763e-10             
11      19             1.7418398667867763e-10             
12      19             1.7418398667867763e-10             
13      50             1.7418398667867763e-10             
13      51             1.7418398667867763e-10             
14      50             1.7418398667867763e-10             
14      51             1.7418398667867763e-10             
15      50             1.7418398667867763e-10             
15      51             1.7418398667867763e-10             
16      50             1.7418398667867763e-10             
16      51             1.7418398667867763e-10             
18      19             1.7418398667867763e-10             
2       9              1.7418397973978372e-10             
2       13             1.7418397973978372e-10             
2       14             1.7418397973978372e-10             
2       15             1.7418397973978372e-10             
2       16             1.7418397973978372e-10             
4       7              1.7418397973978372e-10             
19      20             1.7418397973978372e-10             
19      21             1.7418397973978372e-10             
19      26             1.7418397973978372e-10             
19      31             1.7418397973978372e-10             
19      34             1.7418397973978372e-10             
19      38             1.7418397973978372e-10             
19      40             1.7418397973978372e-10             
19      44             1.7418397973978372e-10             
10      23             1.011390832195147e-10              
10      24             1.011390832195147e-10              
10      42             1.011390832195147e-10              
11      23             1.011390832195147e-10              
11      24             1.011390832195147e-10              
11      42             1.011390832195147e-10              
12      23             1.011390832195147e-10              
12      24             1.011390832195147e-10              
12      42             1.011390832195147e-10              
18      23             1.011390832195147e-10              
18      24             1.011390832195147e-10              
18      42             1.011390832195147e-10              
20      23             1.011390832195147e-10              
20      24             1.011390832195147e-10              
20      42             1.011390832195147e-10              
21      23             1.011390832195147e-10              
21      24             1.011390832195147e-10              
21      42             1.011390832195147e-10              
23      26             1.011390832195147e-10              
23      31             1.011390832195147e-10              
23      34             1.011390832195147e-10              
23      38             1.011390832195147e-10              
23      40             1.011390832195147e-10              
23      44             1.011390832195147e-10              
24      26             1.011390832195147e-10              
24      31             1.011390832195147e-10              
24      34             1.011390832195147e-10              
24      38             1.011390832195147e-10              
24      40             1.011390832195147e-10              
24      44             1.011390832195147e-10              
26      42             1.011390832195147e-10              
31      42             1.011390832195147e-10              
34      42             1.011390832195147e-10              
38      42             1.011390832195147e-10              
40      42             1.011390832195147e-10              
42      44             1.011390832195147e-10              
2       19             1.011390762806208e-10              
4       9              1.011390762806208e-10              
4       13             1.011390762806208e-10              
4       14             1.011390762806208e-10              
4       15             1.011390762806208e-10              
4       16             1.011390762806208e-10              
19      50             1.011390762806208e-10              
19      51             1.011390762806208e-10              
2       23             2.8094172821457875e-11             
2       24             2.8094172821457875e-11             
2       42             2.8094172821457875e-11             
4       19             2.8094172821457875e-11             
10      27             2.8094172821457875e-11             
10      39             2.8094172821457875e-11             
11      27             2.8094172821457875e-11             
11      39             2.8094172821457875e-11             
12      27             2.8094172821457875e-11             
12      39             2.8094172821457875e-11             
18      27             2.8094172821457875e-11             
18      39             2.8094172821457875e-11             
20      27             2.8094172821457875e-11             
20      39             2.8094172821457875e-11             
21      27             2.8094172821457875e-11             
21      39             2.8094172821457875e-11             
23      50             2.8094172821457875e-11             
23      51             2.8094172821457875e-11             
24      50             2.8094172821457875e-11             
24      51             2.8094172821457875e-11             
26      27             2.8094172821457875e-11             
26      39             2.8094172821457875e-11             
27      31             2.8094172821457875e-11             
27      34             2.8094172821457875e-11             
27      38             2.8094172821457875e-11             
27      40             2.8094172821457875e-11             
27      44             2.8094172821457875e-11             
31      39             2.8094172821457875e-11             
34      39             2.8094172821457875e-11             
38      39             2.8094172821457875e-11             
39      40             2.8094172821457875e-11             
39      44             2.8094172821457875e-11             
42      50             2.8094172821457875e-11             
42      51             2.8094172821457875e-11             
4       23             -4.495073063770505e-11             
4       24             -4.495073063770505e-11             
4       42             -4.495073063770505e-11             
2       27             -4.4950737576598954e-11            
2       39             -4.4950737576598954e-11            
10      29             -4.4950737576598954e-11            
11      29             -4.4950737576598954e-11            
12      29             -4.4950737576598954e-11            
18      29             -4.4950737576598954e-11            
20      29             -4.4950737576598954e-11            
21      29             -4.4950737576598954e-11            
26      29             -4.4950737576598954e-11            
27      50             -4.4950737576598954e-11            
27      51             -4.4950737576598954e-11            
29      31             -4.4950737576598954e-11            
29      34             -4.4950737576598954e-11            
29      38             -4.4950737576598954e-11            
29      40             -4.4950737576598954e-11            
29      44             -4.4950737576598954e-11            
39      50             -4.4950737576598954e-11            
39      51             -4.4950737576598954e-11            
7       9              -4.495074451549286e-11             
7       13             -4.495074451549286e-11             
7       14             -4.495074451549286e-11             
7       15             -4.495074451549286e-11             
7       16             -4.495074451549286e-11             
4       27             -1.1799564103576188e-10            
4       39             -1.1799564103576188e-10            
9       13             -1.1799564103576188e-10            
9       14             -1.1799564103576188e-10            
9       15             -1.1799564103576188e-10            
9       16             -1.1799564103576188e-10            
13      14             -1.1799564103576188e-10            
13      15             -1.1799564103576188e-10            
13      16             -1.1799564103576188e-10            
14      15             -1.1799564103576188e-10            
14      16             -1.1799564103576188e-10            
15      16             -1.1799564103576188e-10            
2       29             -1.1799564797465578e-10            
7       19             -1.1799564797465578e-10            
29      50             -1.1799564797465578e-10            
29      51             -1.1799564797465578e-10            
4       29             -1.910405514338187e-10             
7       23             -1.910405514338187e-10             
7       24             -1.910405514338187e-10             
7       42             -1.910405514338187e-10             
9       19             -1.910405514338187e-10             
10      33             -1.910405514338187e-10             
10      35             -1.910405514338187e-10             
10      36             -1.910405514338187e-10             
10      37             -1.910405514338187e-10             
11      33             -1.910405514338187e-10             
11      35             -1.910405514338187e-10             
11      36             -1.910405514338187e-10             
11      37             -1.910405514338187e-10             
12      33             -1.910405514338187e-10             
12      35             -1.910405514338187e-10             
12      36             -1.910405514338187e-10             
12      37             -1.910405514338187e-10             
13      19             -1.910405514338187e-10             
14      19             -1.910405514338187e-10             
15      19             -1.910405514338187e-10             
16      19             -1.910405514338187e-10             
18      33             -1.910405514338187e-10             
18      35             -1.910405514338187e-10             
18      36             -1.910405514338187e-10             
18      37             -1.910405514338187e-10             
20      33             -1.910405514338187e-10             
20      35             -1.910405514338187e-10             
20      36             -1.910405514338187e-10             
20      37             -1.910405514338187e-10             
21      33             -1.910405514338187e-10             
21      35             -1.910405514338187e-10             
21      36             -1.910405514338187e-10             
21      37             -1.910405514338187e-10             
26      33             -1.910405514338187e-10             
26      35             -1.910405514338187e-10             
26      36             -1.910405514338187e-10             
26      37             -1.910405514338187e-10             
31      33             -1.910405514338187e-10             
31      35             -1.910405514338187e-10             
31      36             -1.910405514338187e-10             
31      37             -1.910405514338187e-10             
33      34             -1.910405514338187e-10             
33      38             -1.910405514338187e-10             
33      40             -1.910405514338187e-10             
33      44             -1.910405514338187e-10             
34      35             -1.910405514338187e-10             
34      36             -1.910405514338187e-10             
34      37             -1.910405514338187e-10             
35      38             -1.910405514338187e-10             
35      40             -1.910405514338187e-10             
35      44             -1.910405514338187e-10             
36      38             -1.910405514338187e-10             
36      40             -1.910405514338187e-10             
36      44             -1.910405514338187e-10             
37      38             -1.910405514338187e-10             
37      40             -1.910405514338187e-10             
37      44             -1.910405514338187e-10             
9       23             -2.6408545489298163e-10            
9       24             -2.6408545489298163e-10            
9       42             -2.6408545489298163e-10            
10      30             -2.6408545489298163e-10            
10      32             -2.6408545489298163e-10            
10      41             -2.6408545489298163e-10            
11      30             -2.6408545489298163e-10            
11      32             -2.6408545489298163e-10            
11      41             -2.6408545489298163e-10            
12      30             -2.6408545489298163e-10            
12      32             -2.6408545489298163e-10            
12      41             -2.6408545489298163e-10            
13      23             -2.6408545489298163e-10            
13      24             -2.6408545489298163e-10            
13      42             -2.6408545489298163e-10            
14      23             -2.6408545489298163e-10            
14      24             -2.6408545489298163e-10            
14      42             -2.6408545489298163e-10            
15      23             -2.6408545489298163e-10            
15      24             -2.6408545489298163e-10            
15      42             -2.6408545489298163e-10            
16      23             -2.6408545489298163e-10            
16      24             -2.6408545489298163e-10            
16      42             -2.6408545489298163e-10            
18      30             -2.6408545489298163e-10            
18      32             -2.6408545489298163e-10            
18      41             -2.6408545489298163e-10            
20      30             -2.6408545489298163e-10            
20      32             -2.6408545489298163e-10            
20      41             -2.6408545489298163e-10            
21      30             -2.6408545489298163e-10            
21      32             -2.6408545489298163e-10            
21      41             -2.6408545489298163e-10            
26      30             -2.6408545489298163e-10            
26      32             -2.6408545489298163e-10            
26      41             -2.6408545489298163e-10            
30      31             -2.6408545489298163e-10            
30      34             -2.6408545489298163e-10            
30      38             -2.6408545489298163e-10            
30      40             -2.6408545489298163e-10            
30      44             -2.6408545489298163e-10            
31      32             -2.6408545489298163e-10            
31      41             -2.6408545489298163e-10            
32      34             -2.6408545489298163e-10            
32      38             -2.6408545489298163e-10            
32      40             -2.6408545489298163e-10            
32      44             -2.6408545489298163e-10            
33      50             -2.6408545489298163e-10            
33      51             -2.6408545489298163e-10            
34      41             -2.6408545489298163e-10            
35      50             -2.6408545489298163e-10            
35      51             -2.6408545489298163e-10            
36      50             -2.6408545489298163e-10            
36      51             -2.6408545489298163e-10            
37      50             -2.6408545489298163e-10            
37      51             -2.6408545489298163e-10            
38      41             -2.6408545489298163e-10            
40      41             -2.6408545489298163e-10            
41      44             -2.6408545489298163e-10            
2       33             -2.6408546183187553e-10            
2       35             -2.6408546183187553e-10            
2       36             -2.6408546183187553e-10            
2       37             -2.6408546183187553e-10            
7       27             -2.6408546183187553e-10            
7       39             -2.6408546183187553e-10            
10      28             -3.3713035835214455e-10            
10      43             -3.3713035835214455e-10            
10      45             -3.3713035835214455e-10            
10      46             -3.3713035835214455e-10            
10      47             -3.3713035835214455e-10            
10      48             -3.3713035835214455e-10            
10      49             -3.3713035835214455e-10            
11      28             -3.3713035835214455e-10            
11      43             -3.3713035835214455e-10            
11      45             -3.3713035835214455e-10            
11      46             -3.3713035835214455e-10            
11      47             -3.3713035835214455e-10            
11      48             -3.3713035835214455e-10            
11      49             -3.3713035835214455e-10            
12      28             -3.3713035835214455e-10            
12      43             -3.3713035835214455e-10            
12      45             -3.3713035835214455e-10            
12      46             -3.3713035835214455e-10            
12      47             -3.3713035835214455e-10            
12      48             -3.3713035835214455e-10            
12      49             -3.3713035835214455e-10            
18      28             -3.3713035835214455e-10            
18      43             -3.3713035835214455e-10            
18      45             -3.3713035835214455e-10            
18      46             -3.3713035835214455e-10            
18      47             -3.3713035835214455e-10            
18      48             -3.3713035835214455e-10            
18      49             -3.3713035835214455e-10            
20      28             -3.3713035835214455e-10            
20      43             -3.3713035835214455e-10            
20      45             -3.3713035835214455e-10            
20      46             -3.3713035835214455e-10            
20      47             -3.3713035835214455e-10            
20      48             -3.3713035835214455e-10            
20      49             -3.3713035835214455e-10            
21      28             -3.3713035835214455e-10            
21      43             -3.3713035835214455e-10            
21      45             -3.3713035835214455e-10            
21      46             -3.3713035835214455e-10            
21      47             -3.3713035835214455e-10            
21      48             -3.3713035835214455e-10            
21      49             -3.3713035835214455e-10            
26      28             -3.3713035835214455e-10            
26      43             -3.3713035835214455e-10            
26      45             -3.3713035835214455e-10            
26      46             -3.3713035835214455e-10            
26      47             -3.3713035835214455e-10            
26      48             -3.3713035835214455e-10            
26      49             -3.3713035835214455e-10            
28      31             -3.3713035835214455e-10            
28      34             -3.3713035835214455e-10            
28      38             -3.3713035835214455e-10            
28      40             -3.3713035835214455e-10            
28      44             -3.3713035835214455e-10            
31      43             -3.3713035835214455e-10            
31      45             -3.3713035835214455e-10            
31      46             -3.3713035835214455e-10            
31      47             -3.3713035835214455e-10            
31      48             -3.3713035835214455e-10            
31      49             -3.3713035835214455e-10            
34      43             -3.3713035835214455e-10            
34      45             -3.3713035835214455e-10            
34      46             -3.3713035835214455e-10            
34      47             -3.3713035835214455e-10            
34      48             -3.3713035835214455e-10            
34      49             -3.3713035835214455e-10            
38      43             -3.3713035835214455e-10            
38      45             -3.3713035835214455e-10            
38      46             -3.3713035835214455e-10            
38      47             -3.3713035835214455e-10            
38      48             -3.3713035835214455e-10            
38      49             -3.3713035835214455e-10            
40      43             -3.3713035835214455e-10            
40      45             -3.3713035835214455e-10            
40      46             -3.3713035835214455e-10            
40      47             -3.3713035835214455e-10            
40      48             -3.3713035835214455e-10            
40      49             -3.3713035835214455e-10            
43      44             -3.3713035835214455e-10            
44      45             -3.3713035835214455e-10            
44      46             -3.3713035835214455e-10            
44      47             -3.3713035835214455e-10            
44      48             -3.3713035835214455e-10            
44      49             -3.3713035835214455e-10            
2       30             -3.3713036529103846e-10            
2       32             -3.3713036529103846e-10            
2       41             -3.3713036529103846e-10            
4       33             -3.3713036529103846e-10            
4       35             -3.3713036529103846e-10            
4       36             -3.3713036529103846e-10            
4       37             -3.3713036529103846e-10            
9       27             -3.3713036529103846e-10            
9       39             -3.3713036529103846e-10            
13      27             -3.3713036529103846e-10            
13      39             -3.3713036529103846e-10            
14      27             -3.3713036529103846e-10            
14      39             -3.3713036529103846e-10            
15      27             -3.3713036529103846e-10            
15      39             -3.3713036529103846e-10            
16      27             -3.3713036529103846e-10            
16      39             -3.3713036529103846e-10            
19      23             -3.3713036529103846e-10            
19      24             -3.3713036529103846e-10            
19      42             -3.3713036529103846e-10            
30      50             -3.3713036529103846e-10            
30      51             -3.3713036529103846e-10            
32      50             -3.3713036529103846e-10            
32      51             -3.3713036529103846e-10            
41      50             -3.3713036529103846e-10            
41      51             -3.3713036529103846e-10            
7       29             -3.3713037222993236e-10            
10      25             -4.101752618113075e-10             
11      25             -4.101752618113075e-10             
12      25             -4.101752618113075e-10             
18      25             -4.101752618113075e-10             
20      25             -4.101752618113075e-10             
21      25             -4.101752618113075e-10             
2       28             -4.101752687502014e-10             
2       43             -4.101752687502014e-10             
2       45             -4.101752687502014e-10             
2       46             -4.101752687502014e-10             
2       47             -4.101752687502014e-10             
2       48             -4.101752687502014e-10             
2       49             -4.101752687502014e-10             
23      24             -4.101752687502014e-10             
23      42             -4.101752687502014e-10             
24      42             -4.101752687502014e-10             
25      26             -4.101752687502014e-10             
25      31             -4.101752687502014e-10             
25      34             -4.101752687502014e-10             
25      38             -4.101752687502014e-10             
25      40             -4.101752687502014e-10             
25      44             -4.101752687502014e-10             
28      50             -4.101752687502014e-10             
28      51             -4.101752687502014e-10             
43      50             -4.101752687502014e-10             
43      51             -4.101752687502014e-10             
45      50             -4.101752687502014e-10             
45      51             -4.101752687502014e-10             
46      50             -4.101752687502014e-10             
46      51             -4.101752687502014e-10             
47      50             -4.101752687502014e-10             
47      51             -4.101752687502014e-10             
48      50             -4.101752687502014e-10             
48      51             -4.101752687502014e-10             
49      50             -4.101752687502014e-10             
49      51             -4.101752687502014e-10             
4       30             -4.101752756890953e-10             
4       32             -4.101752756890953e-10             
4       41             -4.101752756890953e-10             
9       29             -4.101752756890953e-10             
13      29             -4.101752756890953e-10             
14      29             -4.101752756890953e-10             
15      29             -4.101752756890953e-10             
16      29             -4.101752756890953e-10             
19      27             -4.101752756890953e-10             
19      39             -4.101752756890953e-10             
4       28             -4.832201722093643e-10             
4       43             -4.832201722093643e-10             
4       45             -4.832201722093643e-10             
4       46             -4.832201722093643e-10             
4       47             -4.832201722093643e-10             
4       48             -4.832201722093643e-10             
4       49             -4.832201722093643e-10             
10      52             -4.832201722093643e-10             
11      52             -4.832201722093643e-10             
12      52             -4.832201722093643e-10             
18      52             -4.832201722093643e-10             
20      52             -4.832201722093643e-10             
21      52             -4.832201722093643e-10             
26      52             -4.832201722093643e-10             
31      52             -4.832201722093643e-10             
34      52             -4.832201722093643e-10             
38      52             -4.832201722093643e-10             
40      52             -4.832201722093643e-10             
44      52             -4.832201722093643e-10             
2       25             -4.832201791482582e-10             
23      27             -4.832201791482582e-10             
23      39             -4.832201791482582e-10             
24      27             -4.832201791482582e-10             
24      39             -4.832201791482582e-10             
25      50             -4.832201791482582e-10             
25      51             -4.832201791482582e-10             
27      42             -4.832201791482582e-10             
39      42             -4.832201791482582e-10             
7       33             -4.832201860871521e-10             
7       35             -4.832201860871521e-10             
7       36             -4.832201860871521e-10             
7       37             -4.832201860871521e-10             
19      29             -4.832201860871521e-10             
10      22             -5.562650756685272e-10             
11      22             -5.562650756685272e-10             
12      22             -5.562650756685272e-10             
18      22             -5.562650756685272e-10             
20      22             -5.562650756685272e-10             
21      22             -5.562650756685272e-10             
2       52             -5.562650826074211e-10             
4       25             -5.562650826074211e-10             
22      26             -5.562650826074211e-10             
22      31             -5.562650826074211e-10             
22      34             -5.562650826074211e-10             
22      38             -5.562650826074211e-10             
22      40             -5.562650826074211e-10             
22      44             -5.562650826074211e-10             
9       33             -5.56265089546315e-10              
9       35             -5.56265089546315e-10              
9       36             -5.56265089546315e-10              
9       37             -5.56265089546315e-10              
13      33             -5.56265089546315e-10              
13      35             -5.56265089546315e-10              
13      36             -5.56265089546315e-10              
13      37             -5.56265089546315e-10              
14      33             -5.56265089546315e-10              
14      35             -5.56265089546315e-10              
14      36             -5.56265089546315e-10              
14      37             -5.56265089546315e-10              
15      33             -5.56265089546315e-10              
15      35             -5.56265089546315e-10              
15      36             -5.56265089546315e-10              
15      37             -5.56265089546315e-10              
16      33             -5.56265089546315e-10              
16      35             -5.56265089546315e-10              
16      36             -5.56265089546315e-10              
16      37             -5.56265089546315e-10              
23      29             -5.56265089546315e-10              
24      29             -5.56265089546315e-10              
27      39             -5.56265089546315e-10              
29      42             -5.56265089546315e-10              
7       30             -5.562650964852089e-10             
7       32             -5.562650964852089e-10             
7       41             -5.562650964852089e-10             
4       52             -6.293099860665841e-10             
10      17             -6.293099860665841e-10             
11      17             -6.293099860665841e-10             
12      17             -6.293099860665841e-10             
17      18             -6.293099860665841e-10             
17      20             -6.293099860665841e-10             
17      21             -6.293099860665841e-10             
17      26             -6.293099860665841e-10             
17      31             -6.293099860665841e-10             
17      34             -6.293099860665841e-10             
17      38             -6.293099860665841e-10             
17      40             -6.293099860665841e-10             
17      44             -6.293099860665841e-10             
2       22             -6.29309993005478e-10              
7       28             -6.29309993005478e-10              
7       43             -6.29309993005478e-10              
7       45             -6.29309993005478e-10              
7       46             -6.29309993005478e-10              
7       47             -6.29309993005478e-10              
7       48             -6.29309993005478e-10              
7       49             -6.29309993005478e-10              
22      50             -6.29309993005478e-10              
22      51             -6.29309993005478e-10              
9       30             -6.293099999443719e-10             
9       32             -6.293099999443719e-10             
9       41             -6.293099999443719e-10             
13      30             -6.293099999443719e-10             
13      32             -6.293099999443719e-10             
13      41             -6.293099999443719e-10             
14      30             -6.293099999443719e-10             
14      32             -6.293099999443719e-10             
14      41             -6.293099999443719e-10             
15      30             -6.293099999443719e-10             
15      32             -6.293099999443719e-10             
15      41             -6.293099999443719e-10             
16      30             -6.293099999443719e-10             
16      32             -6.293099999443719e-10             
16      41             -6.293099999443719e-10             
19      33             -6.293099999443719e-10             
19      35             -6.293099999443719e-10             
19      36             -6.293099999443719e-10             
19      37             -6.293099999443719e-10             
27      29             -6.293099999443719e-10             
29      39             -6.293099999443719e-10             
2       17             -7.023548964646409e-10             
4       22             -7.023548964646409e-10             
9       28             -7.023548964646409e-10             
9       43             -7.023548964646409e-10             
9       45             -7.023548964646409e-10             
9       46             -7.023548964646409e-10             
9       47             -7.023548964646409e-10             
9       48             -7.023548964646409e-10             
9       49             -7.023548964646409e-10             
13      28             -7.023548964646409e-10             
13      43             -7.023548964646409e-10             
13      45             -7.023548964646409e-10             
13      46             -7.023548964646409e-10             
13      47             -7.023548964646409e-10             
13      48             -7.023548964646409e-10             
13      49             -7.023548964646409e-10             
14      28             -7.023548964646409e-10             
14      43             -7.023548964646409e-10             
14      45             -7.023548964646409e-10             
14      46             -7.023548964646409e-10             
14      47             -7.023548964646409e-10             
14      48             -7.023548964646409e-10             
14      49             -7.023548964646409e-10             
15      28             -7.023548964646409e-10             
15      43             -7.023548964646409e-10             
15      45             -7.023548964646409e-10             
15      46             -7.023548964646409e-10             
15      47             -7.023548964646409e-10             
15      48             -7.023548964646409e-10             
15      49             -7.023548964646409e-10             
16      28             -7.023548964646409e-10             
16      43             -7.023548964646409e-10             
16      45             -7.023548964646409e-10             
16      46             -7.023548964646409e-10             
16      47             -7.023548964646409e-10             
16      48             -7.023548964646409e-10             
16      49             -7.023548964646409e-10             
17      50             -7.023548964646409e-10             
17      51             -7.023548964646409e-10             
7       25             -7.023549034035348e-10             
23      33             -7.023549034035348e-10             
23      35             -7.023549034035348e-10             
23      36             -7.023549034035348e-10             
23      37             -7.023549034035348e-10             
24      33             -7.023549034035348e-10             
24      35             -7.023549034035348e-10             
24      36             -7.023549034035348e-10             
24      37             -7.023549034035348e-10             
33      42             -7.023549034035348e-10             
35      42             -7.023549034035348e-10             
36      42             -7.023549034035348e-10             
37      42             -7.023549034035348e-10             
19      30             -7.023549103424287e-10             
19      32             -7.023549103424287e-10             
19      41             -7.023549103424287e-10             
4       17             -7.753997999238038e-10             
9       25             -7.753998068626977e-10             
13      25             -7.753998068626977e-10             
14      25             -7.753998068626977e-10             
15      25             -7.753998068626977e-10             
16      25             -7.753998068626977e-10             
7       52             -7.753998138015916e-10             
19      28             -7.753998138015916e-10             
19      43             -7.753998138015916e-10             
19      45             -7.753998138015916e-10             
19      46             -7.753998138015916e-10             
19      47             -7.753998138015916e-10             
19      48             -7.753998138015916e-10             
19      49             -7.753998138015916e-10             
23      30             -7.753998138015916e-10             
23      32             -7.753998138015916e-10             
23      41             -7.753998138015916e-10             
24      30             -7.753998138015916e-10             
24      32             -7.753998138015916e-10             
24      41             -7.753998138015916e-10             
27      33             -7.753998138015916e-10             
27      35             -7.753998138015916e-10             
27      36             -7.753998138015916e-10             
27      37             -7.753998138015916e-10             
30      42             -7.753998138015916e-10             
32      42             -7.753998138015916e-10             
33      39             -7.753998138015916e-10             
35      39             -7.753998138015916e-10             
36      39             -7.753998138015916e-10             
37      39             -7.753998138015916e-10             
41      42             -7.753998138015916e-10             
7       22             -8.484447172607545e-10             
9       52             -8.484447172607545e-10             
13      52             -8.484447172607545e-10             
14      52             -8.484447172607545e-10             
15      52             -8.484447172607545e-10             
16      52             -8.484447172607545e-10             
19      25             -8.484447172607545e-10             
23      28             -8.484447172607545e-10             
23      43             -8.484447172607545e-10             
23      45             -8.484447172607545e-10             
23      46             -8.484447172607545e-10             
23      47             -8.484447172607545e-10             
23      48             -8.484447172607545e-10             
23      49             -8.484447172607545e-10             
24      28             -8.484447172607545e-10             
24      43             -8.484447172607545e-10             
24      45             -8.484447172607545e-10             
24      46             -8.484447172607545e-10             
24      47             -8.484447172607545e-10             
24      48             -8.484447172607545e-10             
24      49             -8.484447172607545e-10             
28      42             -8.484447172607545e-10             
27      30             -8.484447241996484e-10             
27      32             -8.484447241996484e-10             
27      41             -8.484447241996484e-10             
29      33             -8.484447241996484e-10             
29      35             -8.484447241996484e-10             
29      36             -8.484447241996484e-10             
29      37             -8.484447241996484e-10             
30      39             -8.484447241996484e-10             
32      39             -8.484447241996484e-10             
9       22             -9.214896207199175e-10             
13      22             -9.214896207199175e-10             
14      22             -9.214896207199175e-10             
15      22             -9.214896207199175e-10             
16      22             -9.214896207199175e-10             
23      25             -9.214896207199175e-10             
24      25             -9.214896207199175e-10             
7       17             -9.214896276588114e-10             
19      52             -9.214896276588114e-10             
25      42             -9.214896276588114e-10             
27      28             -9.214896276588114e-10             
27      43             -9.214896276588114e-10             
27      45             -9.214896276588114e-10             
27      46             -9.214896276588114e-10             
27      47             -9.214896276588114e-10             
27      48             -9.214896276588114e-10             
27      49             -9.214896276588114e-10             
28      39             -9.214896276588114e-10             
29      30             -9.214896345977053e-10             
29      32             -9.214896345977053e-10             
29      41             -9.214896345977053e-10             
8       10             -9.945345172401865e-10             
8       11             -9.945345172401865e-10             
8       12             -9.945345172401865e-10             
8       18             -9.945345172401865e-10             
8       20             -9.945345172401865e-10             
8       21             -9.945345172401865e-10             
8       26             -9.945345172401865e-10             
8       31             -9.945345172401865e-10             
8       34             -9.945345172401865e-10             
8       38             -9.945345172401865e-10             
8       40             -9.945345172401865e-10             
8       44             -9.945345172401865e-10             
9       17             -9.945345311179743e-10             
13      17             -9.945345311179743e-10             
14      17             -9.945345311179743e-10             
15      17             -9.945345311179743e-10             
16      17             -9.945345311179743e-10             
19      22             -9.945345311179743e-10             
23      52             -9.945345311179743e-10             
24      52             -9.945345311179743e-10             
25      39             -9.945345380568682e-10             
29      43             -9.945345380568682e-10             
29      45             -9.945345380568682e-10             
29      46             -9.945345380568682e-10             
29      47             -9.945345380568682e-10             
29      48             -9.945345380568682e-10             
29      49             -9.945345380568682e-10             
33      35             -9.945345449957621e-10             
33      36             -9.945345449957621e-10             
33      37             -9.945345449957621e-10             
35      36             -9.945345449957621e-10             
35      37             -9.945345449957621e-10             
36      37             -9.945345449957621e-10             
5       10             -1.0675794206993494e-09            
5       11             -1.0675794206993494e-09            
5       12             -1.0675794206993494e-09            
5       18             -1.0675794206993494e-09            
5       20             -1.0675794206993494e-09            
5       21             -1.0675794206993494e-09            
5       26             -1.0675794206993494e-09            
5       31             -1.0675794206993494e-09            
5       34             -1.0675794206993494e-09            
5       38             -1.0675794206993494e-09            
5       40             -1.0675794206993494e-09            
5       44             -1.0675794206993494e-09            
6       10             -1.0675794206993494e-09            
6       11             -1.0675794206993494e-09            
6       12             -1.0675794206993494e-09            
6       18             -1.0675794206993494e-09            
6       20             -1.0675794206993494e-09            
6       21             -1.0675794206993494e-09            
6       26             -1.0675794206993494e-09            
6       31             -1.0675794206993494e-09            
6       34             -1.0675794206993494e-09            
6       38             -1.0675794206993494e-09            
6       40             -1.0675794206993494e-09            
6       44             -1.0675794206993494e-09            
8       50             -1.0675794276382433e-09            
8       51             -1.0675794276382433e-09            
2       8              -1.0675794345771372e-09            
22      42             -1.0675794415160311e-09            
27      52             -1.0675794415160311e-09            
33      41             -1.067579448454925e-09             
35      41             -1.067579448454925e-09             
36      41             -1.067579448454925e-09             
37      41             -1.067579448454925e-09             
2       5              -1.1406243310974062e-09            
2       6              -1.1406243310974062e-09            
3       10             -1.1406243310974062e-09            
3       11             -1.1406243310974062e-09            
3       12             -1.1406243310974062e-09            
3       18             -1.1406243310974062e-09            
3       20             -1.1406243310974062e-09            
3       21             -1.1406243310974062e-09            
3       26             -1.1406243310974062e-09            
3       31             -1.1406243310974062e-09            
3       34             -1.1406243310974062e-09            
3       38             -1.1406243310974062e-09            
3       40             -1.1406243310974062e-09            
3       44             -1.1406243310974062e-09            
5       50             -1.1406243310974062e-09            
5       51             -1.1406243310974062e-09            
6       50             -1.1406243310974062e-09            
6       51             -1.1406243310974062e-09            
4       8              -1.1406243380363001e-09            
17      42             -1.140624351914088e-09             
22      39             -1.140624351914088e-09             
29      52             -1.140624351914088e-09             
33      43             -1.140624351914088e-09             
33      45             -1.140624351914088e-09             
33      46             -1.140624351914088e-09             
33      47             -1.140624351914088e-09             
33      48             -1.140624351914088e-09             
33      49             -1.140624351914088e-09             
35      43             -1.140624351914088e-09             
35      45             -1.140624351914088e-09             
35      46             -1.140624351914088e-09             
35      47             -1.140624351914088e-09             
35      48             -1.140624351914088e-09             
35      49             -1.140624351914088e-09             
36      43             -1.140624351914088e-09             
36      45             -1.140624351914088e-09             
36      46             -1.140624351914088e-09             
36      47             -1.140624351914088e-09             
36      48             -1.140624351914088e-09             
36      49             -1.140624351914088e-09             
37      43             -1.140624351914088e-09             
37      45             -1.140624351914088e-09             
37      46             -1.140624351914088e-09             
37      47             -1.140624351914088e-09             
37      48             -1.140624351914088e-09             
37      49             -1.140624351914088e-09             
30      32             -1.1406243588529819e-09            
1       10             -1.213669241495463e-09             
1       11             -1.213669241495463e-09             
1       12             -1.213669241495463e-09             
1       18             -1.213669241495463e-09             
1       20             -1.213669241495463e-09             
1       21             -1.213669241495463e-09             
1       26             -1.213669241495463e-09             
1       31             -1.213669241495463e-09             
1       34             -1.213669241495463e-09             
1       38             -1.213669241495463e-09             
1       40             -1.213669241495463e-09             
1       44             -1.213669241495463e-09             
2       3              -1.213669241495463e-09             
3       50             -1.213669241495463e-09             
3       51             -1.213669241495463e-09             
4       5              -1.213669241495463e-09             
4       6              -1.213669241495463e-09             
17      39             -1.2136692623121448e-09            
41      43             -1.2136692623121448e-09            
41      45             -1.2136692623121448e-09            
41      46             -1.2136692623121448e-09            
41      47             -1.2136692623121448e-09            
41      48             -1.2136692623121448e-09            
41      49             -1.2136692623121448e-09            
28      30             -1.2136692692510387e-09            
28      32             -1.2136692692510387e-09            
1       50             -1.28671415189352e-09              
1       51             -1.28671415189352e-09              
7       8              -1.2867141657713077e-09            
43      45             -1.2867141657713077e-09            
43      46             -1.2867141657713077e-09            
43      47             -1.2867141657713077e-09            
43      48             -1.2867141657713077e-09            
43      49             -1.2867141657713077e-09            
45      46             -1.2867141657713077e-09            
45      47             -1.2867141657713077e-09            
45      48             -1.2867141657713077e-09            
45      49             -1.2867141657713077e-09            
46      47             -1.2867141657713077e-09            
46      48             -1.2867141657713077e-09            
46      49             -1.2867141657713077e-09            
47      48             -1.2867141657713077e-09            
47      49             -1.2867141657713077e-09            
48      49             -1.2867141657713077e-09            
33      52             -1.2867141727102016e-09            
35      52             -1.2867141727102016e-09            
36      52             -1.2867141727102016e-09            
37      52             -1.2867141727102016e-09            
25      30             -1.2867141796490955e-09            
25      32             -1.2867141796490955e-09            
25      28             -1.3597590761693645e-09            
41      52             -1.3597590831082584e-09            
43      52             -1.4328039865674214e-09            
45      52             -1.4328039865674214e-09            
46      52             -1.4328039865674214e-09            
47      52             -1.4328039865674214e-09            
48      52             -1.4328039865674214e-09            
49      52             -1.4328039865674214e-09            
22      30             -1.4328039935063153e-09            
22      32             -1.4328039935063153e-09            
8       42             -1.5058488900265843e-09            
22      28             -1.5058488969654782e-09            
17      30             -1.505848903904372e-09             
17      32             -1.505848903904372e-09             
5       42             -1.5788937934857472e-09            
6       42             -1.5788937934857472e-09            
8       39             -1.5788938004246411e-09            
17      28             -1.578893807363535e-09             
22      25             -1.578893807363535e-09             
3       42             -1.651938703883804e-09             
5       39             -1.651938703883804e-09             
6       39             -1.651938703883804e-09             
17      25             -1.6519387177615918e-09            
1       42             -1.7249836142818609e-09            
3       39             -1.7249836142818609e-09            
1       39             -1.7980285246799177e-09            
17      22             -1.7980285316188116e-09            
8       30             -1.8710734420168684e-09            
8       32             -1.8710734420168684e-09            
5       30             -1.9441183454760314e-09            
5       32             -1.9441183454760314e-09            
6       30             -1.9441183454760314e-09            
6       32             -1.9441183454760314e-09            
8       28             -1.9441183454760314e-09            
5       28             -2.0171632489351943e-09            
6       28             -2.0171632489351943e-09            
3       30             -2.017163255874088e-09             
3       32             -2.017163255874088e-09             
8       25             -2.017163255874088e-09             
5       25             -2.090208159333251e-09             
6       25             -2.090208159333251e-09             
3       28             -2.090208166272145e-09             
1       30             -2.090208173211039e-09             
1       32             -2.090208173211039e-09             
1       28             -2.163253076670202e-09             
3       25             -2.163253076670202e-09             
8       22             -2.163253076670202e-09             
1       25             -2.2362979870682587e-09            
5       22             -2.2362979870682587e-09            
6       22             -2.2362979870682587e-09            
8       17             -2.2362979870682587e-09            
3       22             -2.3093428974663155e-09            
5       17             -2.3093428974663155e-09            
6       17             -2.3093428974663155e-09            
1       22             -2.3823878078643723e-09            
3       17             -2.3823878078643723e-09            
1       17             -2.455432718262429e-09             
5       8              -2.6745674494565996e-09            
6       8              -2.6745674494565996e-09            
5       6              -2.7476123529157626e-09            
3       8              -2.7476123598546565e-09            
3       5              -2.8206572633138194e-09            
3       6              -2.8206572633138194e-09            
1       8              -2.820657277191607e-09             
1       5              -2.89370218065077e-09              
1       6              -2.89370218065077e-09              
1       3              -2.966747091048827e-09             
