#======================================================================
# PARAMETERS USED FOR THIS COMPUTATION: 
#	Sequence type: RNA
#	Total number of sequences in alignment data: 3
#	Length of sequences in alignment data: 36
#	Value of sequence identity: 0.8
#	lambda_h: 7.0
#	lambda_J: 7.0
#	Number of gradient decent iterations: 500
# The First and Second columns represent sites and the
# Third column is PLMDCA Frobenius norm, average product corrected (APC) DCA score
#======================================================================
16      18             0.05159848954766044                
17      26             0.04007912750739004                
17      36             0.04007912721683247                
26      36             0.04007912711997995                
1       17             0.040079126926274904               
1       26             0.040079126829422385               
2       17             0.04007912663571734                
2       26             0.040079126538864814               
1       36             0.04007912653886481                
2       36             0.040079126248307236               
2       35             0.04007912615145471                
1       2              0.040079125957749664               
17      35             0.04007911966939935                
26      35             0.040079119572546826               
35      36             0.040079119281989255               
1       35             0.040079118991431684               
16      19             0.03517740695909776                
18      19             0.03517740680150977                
17      19             0.02928304402612026                
19      35             0.029283039906859966               
1       19             0.029283039749271975               
2       19             0.029283039512889977               
19      26             0.029283036496745664               
19      36             0.029283036260363667               
18      26             0.010387128753633366               
16      35             0.010387128586151574               
16      26             0.010387125222048113               
17      18             0.010387125118639776               
16      36             0.010387124951157983               
18      36             0.010387124757452938               
1       16             0.01038712468026786                
1       18             0.010387124486562808               
2       16             0.01038712440937773                
2       18             0.010387124215672679               
16      17             0.010387121587054522               
18      35             0.010387120941865925               
20      34             0.0030579419202752395              
22      34             0.0030579419202752395              
23      34             0.0030579419202752395              
20      22             0.003057941366344741               
20      23             0.003057941366344741               
22      23             0.003057941366344741               
7       34             0.0030579410893794914              
5       34             0.003057940978593396               
7       20             0.003057940535448986               
7       22             0.003057940535448986               
7       23             0.003057940535448986               
5       20             0.0030579404246628833              
5       22             0.0030579404246628833              
5       23             0.0030579404246628833              
21      28             0.0030579399810869365              
21      29             0.0030579399810869365              
21      33             0.0030579399810869365              
28      29             0.0030579399810869365              
28      33             0.0030579399810869365              
29      33             0.0030579399810869365              
24      28             0.003057939870300848               
24      29             0.003057939870300848               
24      33             0.003057939870300848               
21      24             0.003057939870300841               
5       7              0.0030579395937671075              
20      27             0.003057939247452894               
20      30             0.003057939247452894               
20      31             0.003057939247452894               
22      27             0.003057939247452894               
22      30             0.003057939247452894               
22      31             0.003057939247452894               
23      27             0.003057939247452894               
23      30             0.003057939247452894               
23      31             0.003057939247452894               
20      32             0.0030579391366667985              
22      32             0.0030579391366667985              
23      32             0.0030579391366667985              
20      25             0.003057939025880696               
22      25             0.003057939025880696               
23      25             0.003057939025880696               
7       27             0.003057938416557167               
7       30             0.003057938416557167               
7       31             0.003057938416557167               
5       27             0.0030579383057710713              
5       30             0.0030579383057710713              
5       31             0.0030579383057710713              
7       32             0.0030579383057710713              
3       21             0.0030579382224659724              
3       28             0.0030579382224659724              
3       29             0.0030579382224659724              
3       33             0.0030579382224659724              
4       21             0.0030579382224659724              
4       28             0.0030579382224659724              
4       29             0.0030579382224659724              
4       33             0.0030579382224659724              
5       32             0.0030579381949849688              
7       25             0.003057938194984962               
6       21             0.0030579381116798837              
6       28             0.0030579381116798837              
6       29             0.0030579381116798837              
6       33             0.0030579381116798837              
3       24             0.00305793811167987                
4       24             0.00305793811167987                
5       25             0.0030579380841988663              
9       21             0.003057938000893802               
9       28             0.003057938000893802               
9       29             0.003057938000893802               
9       33             0.003057938000893802               
10      21             0.003057938000893802               
10      28             0.003057938000893802               
10      29             0.003057938000893802               
10      33             0.003057938000893802               
11      21             0.003057938000893802               
11      28             0.003057938000893802               
11      29             0.003057938000893802               
11      33             0.003057938000893802               
12      21             0.003057938000893802               
12      28             0.003057938000893802               
12      29             0.003057938000893802               
12      33             0.003057938000893802               
14      21             0.003057938000893802               
14      28             0.003057938000893802               
14      29             0.003057938000893802               
14      33             0.003057938000893802               
15      21             0.003057938000893802               
15      28             0.003057938000893802               
15      29             0.003057938000893802               
15      33             0.003057938000893802               
6       24             0.003057938000893781               
8       21             0.0030579378901077134              
8       28             0.0030579378901077134              
8       29             0.0030579378901077134              
8       33             0.0030579378901077134              
13      21             0.0030579378901077134              
13      28             0.0030579378901077134              
13      29             0.0030579378901077134              
13      33             0.0030579378901077134              
9       24             0.0030579378901076926              
10      24             0.0030579378901076926              
11      24             0.0030579378901076926              
12      24             0.0030579378901076926              
14      24             0.0030579378901076926              
15      24             0.0030579378901076926              
5       6              0.0030579378626266612              
7       9              0.0030579378626266612              
7       10             0.0030579378626266612              
7       11             0.0030579378626266612              
7       12             0.0030579378626266612              
7       14             0.0030579378626266612              
7       15             0.0030579378626266612              
8       24             0.003057937779321611               
13      24             0.003057937779321611               
5       9              0.0030579377518405587              
5       10             0.0030579377518405587              
5       11             0.0030579377518405587              
5       12             0.0030579377518405587              
5       14             0.0030579377518405587              
5       15             0.0030579377518405587              
7       8              0.0030579377518405518              
7       13             0.0030579377518405518              
5       8              0.0030579376410544493              
5       13             0.0030579376410544493              
27      30             0.0030579371285610127              
27      31             0.0030579371285610127              
30      31             0.0030579371285610127              
27      32             0.003057937017774917               
30      32             0.003057937017774917               
31      32             0.003057937017774917               
25      27             0.0030579369069888146              
25      30             0.0030579369069888146              
25      31             0.0030579369069888146              
25      32             0.003057936796202726               
3       27             0.003057936796202719               
3       30             0.003057936796202719               
3       31             0.003057936796202719               
4       27             0.003057936796202719               
4       30             0.003057936796202719               
4       31             0.003057936796202719               
3       32             0.0030579366854166234              
4       32             0.0030579366854166234              
6       27             0.0030579366854166234              
6       30             0.0030579366854166234              
6       31             0.0030579366854166234              
6       32             0.003057936574630528               
3       25             0.003057936574630521               
4       25             0.003057936574630521               
9       27             0.003057936574630521               
9       30             0.003057936574630521               
9       31             0.003057936574630521               
10      27             0.003057936574630521               
10      30             0.003057936574630521               
10      31             0.003057936574630521               
11      27             0.003057936574630521               
11      30             0.003057936574630521               
11      31             0.003057936574630521               
12      27             0.003057936574630521               
12      30             0.003057936574630521               
12      31             0.003057936574630521               
14      27             0.003057936574630521               
14      30             0.003057936574630521               
14      31             0.003057936574630521               
15      27             0.003057936574630521               
15      30             0.003057936574630521               
15      31             0.003057936574630521               
3       4              0.0030579364638444323              
9       32             0.0030579364638444323              
10      32             0.0030579364638444323              
11      32             0.0030579364638444323              
12      32             0.0030579364638444323              
14      32             0.0030579364638444323              
15      32             0.0030579364638444323              
6       25             0.0030579364638444254              
8       27             0.0030579364638444254              
8       30             0.0030579364638444254              
8       31             0.0030579364638444254              
13      27             0.0030579364638444254              
13      30             0.0030579364638444254              
13      31             0.0030579364638444254              
3       6              0.0030579363530583298              
4       6              0.0030579363530583298              
8       32             0.0030579363530583298              
9       25             0.0030579363530583298              
10      25             0.0030579363530583298              
11      25             0.0030579363530583298              
12      25             0.0030579363530583298              
13      32             0.0030579363530583298              
14      25             0.0030579363530583298              
15      25             0.0030579363530583298              
3       9              0.003057936242272234               
3       10             0.003057936242272234               
3       11             0.003057936242272234               
3       12             0.003057936242272234               
3       14             0.003057936242272234               
3       15             0.003057936242272234               
4       9              0.003057936242272234               
4       10             0.003057936242272234               
4       11             0.003057936242272234               
4       12             0.003057936242272234               
4       14             0.003057936242272234               
4       15             0.003057936242272234               
8       25             0.0030579362422722273              
13      25             0.0030579362422722273              
6       9              0.0030579361314861386              
6       10             0.0030579361314861386              
6       11             0.0030579361314861386              
6       12             0.0030579361314861386              
6       14             0.0030579361314861386              
6       15             0.0030579361314861386              
3       8              0.0030579361314861317              
3       13             0.0030579361314861317              
4       8              0.0030579361314861317              
4       13             0.0030579361314861317              
27      34             0.0030579360760930874              
30      34             0.0030579360760930874              
31      34             0.0030579360760930874              
9       10             0.003057936020700036               
9       11             0.003057936020700036               
9       12             0.003057936020700036               
9       14             0.003057936020700036               
9       15             0.003057936020700036               
10      11             0.003057936020700036               
10      12             0.003057936020700036               
10      14             0.003057936020700036               
10      15             0.003057936020700036               
11      12             0.003057936020700036               
11      14             0.003057936020700036               
11      15             0.003057936020700036               
12      14             0.003057936020700036               
12      15             0.003057936020700036               
14      15             0.003057936020700036               
6       8              0.003057936020700029               
6       13             0.003057936020700029               
32      34             0.003057935965306992               
8       9              0.0030579359099139405              
8       10             0.0030579359099139405              
8       11             0.0030579359099139405              
8       12             0.0030579359099139405              
8       14             0.0030579359099139405              
8       15             0.0030579359099139405              
13      14             0.0030579359099139405              
13      15             0.0030579359099139405              
9       13             0.0030579359099139336              
10      13             0.0030579359099139336              
11      13             0.0030579359099139336              
12      13             0.0030579359099139336              
25      34             0.0030579358545208893              
8       13             0.003057935799127831               
3       34             0.0030579357437347868              
4       34             0.0030579357437347868              
6       34             0.003057935632948691               
9       34             0.0030579355221625887              
10      34             0.0030579355221625887              
11      34             0.0030579355221625887              
12      34             0.0030579355221625887              
14      34             0.0030579355221625887              
15      34             0.0030579355221625887              
8       34             0.003057935411376493               
13      34             0.003057935411376493               
3       20             0.003057935189804302               
3       22             0.003057935189804302               
3       23             0.003057935189804302               
4       20             0.003057935189804302               
4       22             0.003057935189804302               
4       23             0.003057935189804302               
6       20             0.0030579350790182064              
6       22             0.0030579350790182064              
6       23             0.0030579350790182064              
9       20             0.003057934968232104               
9       22             0.003057934968232104               
9       23             0.003057934968232104               
10      20             0.003057934968232104               
10      22             0.003057934968232104               
10      23             0.003057934968232104               
11      20             0.003057934968232104               
11      22             0.003057934968232104               
11      23             0.003057934968232104               
12      20             0.003057934968232104               
12      22             0.003057934968232104               
12      23             0.003057934968232104               
14      20             0.003057934968232104               
14      22             0.003057934968232104               
14      23             0.003057934968232104               
15      20             0.003057934968232104               
15      22             0.003057934968232104               
15      23             0.003057934968232104               
8       20             0.0030579348574460014              
8       22             0.0030579348574460014              
8       23             0.0030579348574460014              
13      20             0.0030579348574460014              
13      22             0.0030579348574460014              
13      23             0.0030579348574460014              
27      28             0.003057934829533933               
27      29             0.003057934829533933               
27      33             0.003057934829533933               
30      33             0.003057934829533933               
31      33             0.003057934829533933               
21      27             0.003057934829533926               
21      30             0.003057934829533926               
21      31             0.003057934829533926               
28      30             0.003057934829533926               
28      31             0.003057934829533926               
29      30             0.003057934829533926               
29      31             0.003057934829533926               
21      32             0.003057934718747851               
28      32             0.003057934718747851               
29      32             0.003057934718747851               
32      33             0.0030579347187478442              
24      27             0.0030579347187478303              
24      30             0.0030579347187478303              
24      31             0.0030579347187478303              
25      28             0.0030579346079617625              
25      29             0.0030579346079617625              
25      33             0.0030579346079617625              
21      25             0.0030579346079617556              
24      32             0.0030579346079617487              
24      25             0.00305793449717566                
3       7              0.003057934358908561               
4       7              0.003057934358908561               
3       5              0.0030579342481224722              
4       5              0.0030579342481224722              
6       7              0.0030579342481224583              
21      34             0.0030579337770661116              
28      34             0.0030579337770661116              
29      34             0.0030579337770661116              
33      34             0.0030579337770661116              
24      34             0.003057933666280009               
21      22             0.0030579332231356893              
21      23             0.0030579332231356893              
20      21             0.0030579332231356823              
20      28             0.0030579332231356823              
20      29             0.0030579332231356823              
20      33             0.0030579332231356823              
22      28             0.0030579332231356823              
22      29             0.0030579332231356823              
22      33             0.0030579332231356823              
23      28             0.0030579332231356823              
23      29             0.0030579332231356823              
23      33             0.0030579332231356823              
20      24             0.003057933112349573               
22      24             0.003057933112349573               
23      24             0.003057933112349573               
7       21             0.0030579323922400314              
7       28             0.0030579323922400314              
7       29             0.0030579323922400314              
7       33             0.0030579323922400314              
5       21             0.0030579322814539497              
5       28             0.0030579322814539497              
5       29             0.0030579322814539497              
5       33             0.0030579322814539497              
7       24             0.003057932281453922               
5       24             0.0030579321706678403              
16      34             -0.005749515573388271              
18      34             -0.005749515794960469              
16      20             -0.005749516024871816              
16      22             -0.005749516024871816              
16      23             -0.005749516024871816              
18      20             -0.005749516246444021              
18      22             -0.005749516246444021              
18      23             -0.005749516246444021              
7       16             -0.0057495167020971474             
5       16             -0.005749516792393855              
7       18             -0.0057495169236693525             
5       18             -0.00574951701396606               
16      21             -0.005749517967353131              
16      28             -0.005749517967353131              
16      29             -0.005749517967353131              
16      33             -0.005749517967353131              
16      24             -0.005749518057649845              
18      21             -0.005749518188925301              
18      28             -0.005749518188925301              
18      29             -0.005749518188925301              
18      33             -0.005749518188925301              
18      24             -0.005749518279222016              
8       18             -0.0057495192042122875             
13      18             -0.0057495192042122875             
16      27             -0.005749522166150128              
16      30             -0.005749522166150128              
16      31             -0.005749522166150128              
16      32             -0.005749522256446836              
16      25             -0.0057495223467435505             
18      27             -0.005749522387722326              
18      30             -0.005749522387722326              
18      31             -0.005749522387722326              
3       16             -0.005749522437040258              
4       16             -0.005749522437040258              
18      32             -0.005749522478019027              
6       16             -0.005749522527336966              
18      25             -0.005749522568315742              
9       16             -0.00574952261763368               
10      16             -0.00574952261763368               
11      16             -0.00574952261763368               
12      16             -0.00574952261763368               
14      16             -0.00574952261763368               
15      16             -0.00574952261763368               
3       18             -0.005749522658612456              
4       18             -0.005749522658612456              
8       16             -0.005749522707930388              
13      16             -0.005749522707930388              
6       18             -0.005749522748909164              
9       18             -0.005749522839205871              
10      18             -0.005749522839205871              
11      18             -0.005749522839205871              
12      18             -0.005749522839205871              
14      18             -0.005749522839205871              
15      18             -0.005749522839205871              
3       17             -0.00942083721615649               
4       17             -0.00942083721615649               
25      26             -0.009420837230090066              
6       17             -0.009420837313009016              
3       26             -0.009420837326942592              
4       26             -0.009420837326942592              
27      36             -0.009420837368743315              
30      36             -0.009420837368743315              
31      36             -0.009420837368743315              
9       17             -0.009420837409861542              
10      17             -0.009420837409861542              
11      17             -0.009420837409861542              
12      17             -0.009420837409861542              
14      17             -0.009420837409861542              
15      17             -0.009420837409861542              
6       26             -0.009420837423795111              
32      36             -0.009420837465595834              
27      35             -0.00942083747952941               
30      35             -0.00942083747952941               
31      35             -0.00942083747952941               
8       17             -0.009420837506714061              
13      17             -0.009420837506714061              
9       26             -0.009420837520647637              
10      26             -0.009420837520647637              
11      26             -0.009420837520647637              
12      26             -0.009420837520647637              
14      26             -0.009420837520647637              
15      26             -0.009420837520647637              
25      36             -0.00942083756244836               
32      35             -0.009420837576381937              
8       26             -0.009420837617500163              
13      26             -0.009420837617500163              
3       36             -0.009420837659300886              
4       36             -0.009420837659300886              
25      35             -0.009420837673234456              
1       27             -0.009420837701101602              
1       30             -0.009420837701101602              
1       31             -0.009420837701101602              
6       36             -0.009420837756153412              
3       35             -0.009420837770086982              
4       35             -0.009420837770086982              
1       32             -0.00942083779795412               
9       36             -0.009420837853005931              
10      36             -0.009420837853005931              
11      36             -0.009420837853005931              
12      36             -0.009420837853005931              
14      36             -0.009420837853005931              
15      36             -0.009420837853005931              
6       35             -0.009420837866939508              
1       25             -0.009420837894806654              
8       36             -0.009420837949858457              
13      36             -0.009420837949858457              
9       35             -0.009420837963792034              
10      35             -0.009420837963792034              
11      35             -0.009420837963792034              
12      35             -0.009420837963792034              
14      35             -0.009420837963792034              
15      35             -0.009420837963792034              
1       3              -0.009420837991659173              
1       4              -0.009420837991659173              
8       35             -0.00942083806064456               
13      35             -0.00942083806064456               
1       6              -0.009420838088511699              
2       32             -0.009420838130312414              
1       9              -0.009420838185364218              
1       10             -0.009420838185364218              
1       11             -0.009420838185364218              
1       12             -0.009420838185364218              
1       14             -0.009420838185364218              
1       15             -0.009420838185364218              
2       25             -0.009420838227164947              
1       8              -0.00942083828221675               
1       13             -0.00942083828221675               
2       3              -0.009420838324017466              
2       4              -0.009420838324017466              
34      35             -0.009420838399628387              
2       6              -0.00942083842087                  
2       9              -0.009420838517722518              
2       10             -0.009420838517722518              
2       11             -0.009420838517722518              
2       12             -0.009420838517722518              
2       14             -0.009420838517722518              
2       15             -0.009420838517722518              
2       8              -0.009420838614575044              
2       13             -0.009420838614575044              
1       34             -0.009420838621200585              
20      35             -0.00942083888389101               
22      35             -0.00942083888389101               
23      35             -0.00942083888389101               
2       34             -0.009420838953558885              
1       20             -0.009420839105463201              
1       22             -0.009420839105463201              
1       23             -0.009420839105463201              
2       20             -0.009420839437821502              
2       22             -0.009420839437821502              
2       23             -0.009420839437821502              
7       35             -0.009420839610284941              
5       35             -0.009420839707137467              
1       7              -0.009420839831857139              
17      21             -0.009420839872537216              
17      28             -0.009420839872537216              
17      29             -0.009420839872537216              
17      33             -0.009420839872537216              
1       5              -0.009420839928709658              
17      24             -0.00942083996938975               
21      26             -0.009420839983323305              
26      28             -0.009420839983323305              
26      29             -0.009420839983323305              
26      33             -0.009420839983323305              
24      26             -0.009420840080175831              
2       7              -0.009420840164215454              
2       5              -0.009420840261067973              
21      36             -0.009420840315681564              
28      36             -0.009420840315681564              
29      36             -0.009420840315681564              
33      36             -0.009420840315681564              
24      36             -0.00942084041253409               
21      35             -0.009420840426467653              
28      35             -0.009420840426467653              
29      35             -0.009420840426467653              
33      35             -0.009420840426467653              
24      35             -0.009420840523320179              
17      27             -0.009420840650889224              
17      30             -0.009420840650889224              
17      31             -0.009420840650889224              
1       24             -0.009420840744892349              
17      32             -0.009420840747741743              
26      27             -0.00942084076167532               
26      30             -0.00942084076167532               
26      31             -0.00942084076167532               
17      25             -0.00942084084459427               
26      32             -0.009420840858527839              
2       21             -0.009420840980398082              
2       28             -0.009420840980398082              
2       29             -0.009420840980398082              
2       33             -0.009420840980398082              
2       24             -0.009420841077250608              
17      34             -0.009420841570988187              
26      34             -0.009420841681774289              
2       27             -0.009420841758750194              
2       30             -0.009420841758750194              
2       31             -0.009420841758750194              
34      36             -0.00942084201413259               
17      20             -0.009420842055250796              
17      22             -0.009420842055250796              
17      23             -0.009420842055250796              
20      26             -0.009420842166036905              
22      26             -0.009420842166036905              
23      26             -0.009420842166036905              
20      36             -0.009420842498395206              
22      36             -0.009420842498395206              
23      36             -0.009420842498395206              
7       17             -0.009420842781644727              
5       17             -0.009420842878497246              
7       26             -0.00942084289243083               
5       26             -0.009420842989283348              
7       36             -0.009420843224789137              
5       36             -0.009420843321641663              
1       21             -0.009420844373330114              
1       28             -0.009420844373330114              
1       29             -0.009420844373330114              
1       33             -0.009420844373330114              
19      21             -0.009452846639190403              
19      28             -0.009452846639190403              
19      29             -0.009452846639190403              
19      33             -0.009452846639190403              
19      24             -0.009452846717984402              
19      34             -0.009452847326363978              
19      20             -0.009452847720333966              
19      22             -0.009452847720333966              
19      23             -0.009452847720333966              
19      27             -0.00945284844046615               
19      30             -0.00945284844046615               
19      31             -0.00945284844046615               
19      32             -0.009452848519260149              
19      25             -0.009452848598054148              
3       19             -0.009452848676848147              
4       19             -0.009452848676848147              
6       19             -0.009452848755642146              
9       19             -0.009452848834436138              
10      19             -0.009452848834436138              
11      19             -0.009452848834436138              
12      19             -0.009452848834436138              
14      19             -0.009452848834436138              
15      19             -0.009452848834436138              
8       19             -0.009452848913230137              
13      19             -0.009452848913230137              
7       19             -0.009452850173934109              
5       19             -0.009452850252728101              
