#======================================================================
# PARAMETERS USED FOR THIS COMPUTATION: 
#	Sequence type: RNA
#	Total number of sequences in alignment data: 2
#	Length of sequences in alignment data: 34
#	Value of sequence identity: 0.8
#	lambda_h: 6.6000000000000005
#	lambda_J: 6.6000000000000005
#	Number of gradient decent iterations: 500
# The First and Second columns represent sites and the
# Third column is PLMDCA Frobenius norm, average product corrected (APC) DCA score
#======================================================================
16      31             0.043071711585546485               
4       31             0.04307171140712681                
4       16             0.0430717060545356                 
19      31             0.02071237966638898                
18      31             0.02071237603030852                
16      18             0.020712375196536605               
16      19             0.020712375107326753               
4       18             0.02071237504456786                
4       17             0.020712372525168412               
4       19             0.02071237123006771                
17      31             0.020712369785619997               
16      17             0.020712368951846895               
18      19             0.01954501437294265                
17      18             0.0195450128553114                 
17      19             0.01954501277932701                
21      33             0.0011609181872307278              
21      23             0.0011609180678523248              
23      33             0.0011609180678523248              
5       21             0.00116091788878471                
5       33             0.00116091788878471                
6       21             0.00116091788878471                
6       33             0.00116091788878471                
5       23             0.001160917769406307               
6       23             0.001160917769406307               
5       6              0.001160917590338692               
3       21             0.0011609147603864542              
3       33             0.0011609147603864542              
3       23             0.0011609146410080581              
3       5              0.0011609144619404363              
3       6              0.0011609144619404363              
1       21             0.001160914318002422               
1       33             0.001160914318002422               
2       21             0.001160914318002422               
2       33             0.001160914318002422               
1       23             0.001160914198624026               
2       23             0.001160914198624026               
24      33             0.0011609141986240051              
27      33             0.0011609141986240051              
32      33             0.0011609141986240051              
1       2              0.001160914174064151               
22      33             0.0011609140792456021              
1       5              0.001160914019556418               
1       6              0.001160914019556418               
2       5              0.001160914019556418               
2       6              0.001160914019556418               
22      23             0.001160913959867206               
8       21             0.0011609139598671853              
8       33             0.0011609139598671853              
9       21             0.0011609139598671853              
9       33             0.0011609139598671853              
15      21             0.0011609139598671853              
15      33             0.0011609139598671853              
24      27             0.001160913935307345               
24      32             0.001160913935307345               
27      32             0.001160913935307345               
8       23             0.0011609138404887961              
9       23             0.0011609138404887961              
15      23             0.0011609138404887961              
22      24             0.001160913815928949               
22      27             0.001160913815928949               
22      32             0.001160913815928949               
8       24             0.001160913696550539               
8       27             0.001160913696550539               
8       32             0.001160913696550539               
9       24             0.001160913696550539               
9       27             0.001160913696550539               
9       32             0.001160913696550539               
15      24             0.001160913696550539               
15      27             0.001160913696550539               
15      32             0.001160913696550539               
8       22             0.0011609135771721499              
9       22             0.0011609135771721499              
15      22             0.0011609135771721499              
8       9              0.00116091345779374                
8       15             0.00116091345779374                
9       15             0.00116091345779374                
3       7              0.0011609133981047015              
3       10             0.0011609133981047015              
3       11             0.0011609133981047015              
3       12             0.0011609133981047015              
3       13             0.0011609133981047015              
3       14             0.0011609133981047015              
3       20             0.0011609133981047015              
3       25             0.0011609131593478886              
3       26             0.0011609131593478886              
3       28             0.0011609131593478886              
3       29             0.0011609131593478886              
3       30             0.0011609131593478886              
3       34             0.0011609130399694786              
1       7              0.0011609129557202738              
1       10             0.0011609129557202738              
1       11             0.0011609129557202738              
1       12             0.0011609129557202738              
1       13             0.0011609129557202738              
1       14             0.0011609129557202738              
1       20             0.0011609129557202738              
2       7              0.0011609129557202738              
2       10             0.0011609129557202738              
2       11             0.0011609129557202738              
2       12             0.0011609129557202738              
2       13             0.0011609129557202738              
2       14             0.0011609129557202738              
2       20             0.0011609129557202738              
21      25             0.0011609128609018984              
21      26             0.0011609128609018984              
21      28             0.0011609128609018984              
21      29             0.0011609128609018984              
21      30             0.0011609128609018984              
7       24             0.0011609128363418778              
7       27             0.0011609128363418778              
7       32             0.0011609128363418778              
10      24             0.0011609128363418778              
10      27             0.0011609128363418778              
10      32             0.0011609128363418778              
11      24             0.0011609128363418778              
11      27             0.0011609128363418778              
11      32             0.0011609128363418778              
12      24             0.0011609128363418778              
12      27             0.0011609128363418778              
12      32             0.0011609128363418778              
13      24             0.0011609128363418778              
13      27             0.0011609128363418778              
13      32             0.0011609128363418778              
14      24             0.0011609128363418778              
14      27             0.0011609128363418778              
14      32             0.0011609128363418778              
20      24             0.0011609128363418778              
20      27             0.0011609128363418778              
20      32             0.0011609128363418778              
5       7              0.001160912801212735               
5       10             0.001160912801212735               
5       11             0.001160912801212735               
5       12             0.001160912801212735               
5       13             0.001160912801212735               
5       14             0.001160912801212735               
5       20             0.001160912801212735               
6       7              0.001160912801212735               
6       10             0.001160912801212735               
6       11             0.001160912801212735               
6       12             0.001160912801212735               
6       13             0.001160912801212735               
6       14             0.001160912801212735               
6       20             0.001160912801212735               
23      25             0.0011609127415235093              
23      26             0.0011609127415235093              
23      28             0.0011609127415235093              
23      29             0.0011609127415235093              
23      30             0.0011609127415235093              
21      34             0.0011609127415234885              
33      34             0.0011609127415234885              
7       22             0.0011609127169634886              
10      22             0.0011609127169634886              
11      22             0.0011609127169634886              
12      22             0.0011609127169634886              
13      22             0.0011609127169634886              
14      22             0.0011609127169634886              
20      22             0.0011609127169634886              
1       25             0.0011609127169634748              
1       26             0.0011609127169634748              
1       28             0.0011609127169634748              
1       29             0.0011609127169634748              
1       30             0.0011609127169634748              
2       25             0.0011609127169634748              
2       26             0.0011609127169634748              
2       28             0.0011609127169634748              
2       29             0.0011609127169634748              
2       30             0.0011609127169634748              
23      34             0.0011609126221450994              
7       8              0.0011609125975850926              
7       9              0.0011609125975850926              
7       15             0.0011609125975850926              
10      15             0.0011609125975850926              
11      15             0.0011609125975850926              
12      15             0.0011609125975850926              
13      15             0.0011609125975850926              
14      15             0.0011609125975850926              
8       10             0.0011609125975850856              
8       11             0.0011609125975850856              
8       12             0.0011609125975850856              
8       13             0.0011609125975850856              
8       14             0.0011609125975850856              
8       20             0.0011609125975850856              
9       10             0.0011609125975850856              
9       11             0.0011609125975850856              
9       12             0.0011609125975850856              
9       13             0.0011609125975850856              
9       14             0.0011609125975850856              
9       20             0.0011609125975850856              
15      20             0.0011609125975850856              
24      25             0.0011609125975850787              
24      26             0.0011609125975850787              
24      28             0.0011609125975850787              
24      29             0.0011609125975850787              
24      30             0.0011609125975850787              
25      27             0.0011609125975850787              
25      32             0.0011609125975850787              
26      27             0.0011609125975850787              
26      32             0.0011609125975850787              
27      28             0.0011609125975850787              
27      29             0.0011609125975850787              
27      30             0.0011609125975850787              
28      32             0.0011609125975850787              
29      32             0.0011609125975850787              
30      32             0.0011609125975850787              
1       34             0.0011609125975850718              
2       34             0.0011609125975850718              
5       25             0.0011609125624559152              
5       26             0.0011609125624559152              
5       28             0.0011609125624559152              
5       29             0.0011609125624559152              
5       30             0.0011609125624559152              
6       25             0.0011609125624559152              
6       26             0.0011609125624559152              
6       28             0.0011609125624559152              
6       29             0.0011609125624559152              
6       30             0.0011609125624559152              
22      25             0.0011609124782066826              
22      26             0.0011609124782066826              
22      28             0.0011609124782066826              
22      29             0.0011609124782066826              
22      30             0.0011609124782066826              
24      34             0.0011609124782066688              
27      34             0.0011609124782066688              
32      34             0.0011609124782066688              
5       34             0.0011609124430775053              
6       34             0.0011609124430775053              
8       25             0.0011609123588282866              
8       26             0.0011609123588282866              
8       28             0.0011609123588282866              
8       29             0.0011609123588282866              
8       30             0.0011609123588282866              
9       25             0.0011609123588282866              
9       26             0.0011609123588282866              
9       28             0.0011609123588282866              
9       29             0.0011609123588282866              
9       30             0.0011609123588282866              
15      25             0.0011609123588282866              
15      26             0.0011609123588282866              
15      28             0.0011609123588282866              
15      29             0.0011609123588282866              
15      30             0.0011609123588282866              
22      34             0.0011609123588282796              
8       34             0.0011609122394498836              
9       34             0.0011609122394498836              
15      34             0.0011609122394498836              
7       10             0.0011609117373762717              
7       11             0.0011609117373762717              
7       12             0.0011609117373762717              
7       13             0.0011609117373762717              
7       14             0.0011609117373762717              
7       20             0.0011609117373762717              
10      11             0.0011609117373762717              
10      12             0.0011609117373762717              
10      13             0.0011609117373762717              
10      14             0.0011609117373762717              
10      20             0.0011609117373762717              
11      12             0.0011609117373762717              
11      13             0.0011609117373762717              
11      14             0.0011609117373762717              
11      20             0.0011609117373762717              
12      13             0.0011609117373762717              
12      14             0.0011609117373762717              
12      20             0.0011609117373762717              
13      14             0.0011609117373762717              
13      20             0.0011609117373762717              
14      20             0.0011609117373762717              
7       25             0.0011609114986194866              
7       26             0.0011609114986194866              
7       28             0.0011609114986194866              
7       29             0.0011609114986194866              
7       30             0.0011609114986194866              
10      25             0.0011609114986194866              
10      26             0.0011609114986194866              
10      28             0.0011609114986194866              
10      29             0.0011609114986194866              
10      30             0.0011609114986194866              
11      25             0.0011609114986194866              
11      26             0.0011609114986194866              
11      28             0.0011609114986194866              
11      29             0.0011609114986194866              
11      30             0.0011609114986194866              
12      25             0.0011609114986194866              
12      26             0.0011609114986194866              
12      28             0.0011609114986194866              
12      29             0.0011609114986194866              
12      30             0.0011609114986194866              
13      25             0.0011609114986194866              
13      26             0.0011609114986194866              
13      28             0.0011609114986194866              
13      29             0.0011609114986194866              
13      30             0.0011609114986194866              
14      25             0.0011609114986194866              
14      26             0.0011609114986194866              
14      28             0.0011609114986194866              
14      29             0.0011609114986194866              
14      30             0.0011609114986194866              
20      25             0.0011609114986194866              
20      26             0.0011609114986194866              
20      28             0.0011609114986194866              
20      29             0.0011609114986194866              
20      30             0.0011609114986194866              
7       34             0.0011609113792410905              
10      34             0.0011609113792410905              
11      34             0.0011609113792410905              
12      34             0.0011609113792410905              
13      34             0.0011609113792410905              
14      34             0.0011609113792410905              
20      34             0.0011609113792410905              
25      26             0.0011609112598626944              
25      28             0.0011609112598626944              
25      29             0.0011609112598626944              
25      30             0.0011609112598626944              
26      28             0.0011609112598626944              
26      29             0.0011609112598626944              
26      30             0.0011609112598626944              
28      29             0.0011609112598626944              
28      30             0.0011609112598626944              
29      30             0.0011609112598626944              
25      34             0.0011609111404842984              
26      34             0.0011609111404842984              
28      34             0.0011609111404842984              
29      34             0.0011609111404842984              
30      34             0.0011609111404842984              
1       3              0.0011609108911581206              
2       3              0.0011609108911581206              
3       24             0.0011609107717797107              
3       27             0.0011609107717797107              
3       32             0.0011609107717797107              
3       22             0.0011609106524013077              
3       8              0.0011609105330228978              
3       9              0.0011609105330228978              
3       15             0.0011609105330228978              
21      24             0.0011609104733337067              
21      27             0.0011609104733337067              
21      32             0.0011609104733337067              
23      24             0.0011609103539553106              
23      27             0.0011609103539553106              
23      32             0.0011609103539553106              
21      22             0.0011609103539553037              
1       24             0.0011609103293954495              
1       27             0.0011609103293954495              
1       32             0.0011609103293954495              
2       24             0.0011609103293954495              
2       27             0.0011609103293954495              
2       32             0.0011609103293954495              
1       22             0.0011609102100170604              
2       22             0.0011609102100170604              
5       24             0.0011609101748877096              
5       27             0.0011609101748877096              
5       32             0.0011609101748877096              
6       24             0.0011609101748877096              
6       27             0.0011609101748877096              
6       32             0.0011609101748877096              
1       8              0.0011609100906386505              
1       9              0.0011609100906386505              
1       15             0.0011609100906386505              
2       8              0.0011609100906386505              
2       9              0.0011609100906386505              
2       15             0.0011609100906386505              
5       22             0.0011609100555093066              
6       22             0.0011609100555093066              
5       8              0.0011609099361308967              
5       9              0.0011609099361308967              
5       15             0.0011609099361308967              
6       8              0.0011609099361308967              
6       9              0.0011609099361308967              
6       15             0.0011609099361308967              
7       21             0.0011609093743684198              
7       33             0.0011609093743684198              
10      21             0.0011609093743684198              
10      33             0.0011609093743684198              
11      21             0.0011609093743684198              
11      33             0.0011609093743684198              
12      21             0.0011609093743684198              
12      33             0.0011609093743684198              
13      21             0.0011609093743684198              
13      33             0.0011609093743684198              
14      21             0.0011609093743684198              
14      33             0.0011609093743684198              
20      21             0.0011609093743684198              
20      33             0.0011609093743684198              
7       23             0.0011609092549900377              
10      23             0.0011609092549900377              
11      23             0.0011609092549900377              
12      23             0.0011609092549900377              
13      23             0.0011609092549900377              
14      23             0.0011609092549900377              
20      23             0.0011609092549900377              
25      33             0.001160909135611607               
26      33             0.001160909135611607               
28      33             0.001160909135611607               
29      33             0.001160909135611607               
30      33             0.001160909135611607               
7       17             -0.003970071246722953              
10      17             -0.003970071246722953              
11      17             -0.003970071246722953              
12      17             -0.003970071246722953              
13      17             -0.003970071246722953              
14      17             -0.003970071246722953              
17      20             -0.003970071246722953              
17      25             -0.003970071398691731              
17      26             -0.003970071398691731              
17      28             -0.003970071398691731              
17      29             -0.003970071398691731              
17      30             -0.003970071398691731              
17      34             -0.003970071474676123              
3       18             -0.003970072163412705              
7       18             -0.003970072203461045              
10      18             -0.003970072203461045              
11      18             -0.003970072203461045              
12      18             -0.003970072203461045              
13      18             -0.003970072203461045              
14      18             -0.003970072203461045              
18      20             -0.003970072203461045              
3       19             -0.003970072282791108              
7       19             -0.003970072322839434              
10      19             -0.003970072322839434              
11      19             -0.003970072322839434              
12      19             -0.003970072322839434              
13      19             -0.003970072322839434              
14      19             -0.003970072322839434              
19      20             -0.003970072322839441              
18      25             -0.003970072355429781              
18      26             -0.003970072355429781              
18      28             -0.003970072355429781              
18      29             -0.003970072355429781              
18      30             -0.003970072355429781              
18      34             -0.0039700724314141525             
19      25             -0.003970072474808177              
19      26             -0.003970072474808177              
19      28             -0.003970072474808177              
19      29             -0.003970072474808177              
19      30             -0.003970072474808177              
19      34             -0.0039700725507925486             
1       17             -0.003970072842395145              
2       17             -0.003970072842395145              
17      24             -0.00397007291837953               
17      27             -0.00397007291837953               
17      32             -0.00397007291837953               
17      22             -0.003970072994363916              
3       17             -0.00397007306932072               
8       17             -0.003970073070348315              
9       17             -0.003970073070348315              
15      17             -0.003970073070348315              
1       18             -0.00397007379913282               
2       18             -0.00397007379913282               
18      24             -0.0039700738751171916             
18      27             -0.0039700738751171916             
18      32             -0.0039700738751171916             
1       19             -0.003970073918511216              
2       19             -0.003970073918511216              
18      22             -0.003970073951101556              
19      24             -0.0039700739944955946             
19      27             -0.0039700739944955946             
19      32             -0.0039700739944955946             
8       18             -0.003970074027085928              
9       18             -0.003970074027085928              
15      18             -0.003970074027085928              
19      22             -0.003970074070479959              
8       19             -0.003970074146464331              
9       19             -0.003970074146464331              
15      19             -0.003970074146464331              
18      21             -0.003970074216018776              
18      33             -0.003970074216018776              
18      23             -0.003970074292003141              
19      21             -0.003970074335397186              
19      33             -0.003970074335397186              
19      23             -0.003970074411381551              
5       19             -0.003970074525358108              
6       19             -0.003970074525358108              
17      21             -0.00397007512192684               
17      33             -0.00397007512192684               
17      23             -0.003970075197911226              
5       17             -0.003970075311887818              
6       17             -0.003970075311887818              
5       18             -0.0039700762686248475             
6       18             -0.0039700762686248475             
7       16             -0.005563014283158994              
10      16             -0.005563014283158994              
11      16             -0.005563014283158994              
12      16             -0.005563014283158994              
13      16             -0.005563014283158994              
14      16             -0.005563014283158994              
16      20             -0.005563014283159001              
16      25             -0.005563014461578704              
16      26             -0.005563014461578704              
16      28             -0.005563014461578704              
16      29             -0.005563014461578704              
16      30             -0.005563014461578704              
4       7              -0.005563014521915793              
4       10             -0.005563014521915793              
4       11             -0.005563014521915793              
4       12             -0.005563014521915793              
4       13             -0.005563014521915793              
4       14             -0.005563014521915793              
4       20             -0.005563014521915793              
16      34             -0.005563014550788559              
7       31             -0.00556301457103589               
10      31             -0.00556301457103589               
11      31             -0.00556301457103589               
12      31             -0.00556301457103589               
13      31             -0.00556301457103589               
14      31             -0.00556301457103589               
20      31             -0.00556301457103589               
4       25             -0.005563014700335496              
4       26             -0.005563014700335496              
4       28             -0.005563014700335496              
4       29             -0.005563014700335496              
4       30             -0.005563014700335496              
25      31             -0.005563014749455565              
26      31             -0.005563014749455565              
28      31             -0.005563014749455565              
29      31             -0.005563014749455565              
30      31             -0.005563014749455565              
4       34             -0.005563014789545351              
31      34             -0.005563014838665406              
16      21             -0.005563015107571206              
16      33             -0.005563015107571206              
16      23             -0.005563015196781054              
4       21             -0.005563015346328026              
4       33             -0.005563015346328026              
31      33             -0.005563015395447235              
4       23             -0.005563015435537874              
4       5              -0.00556301556935266               
4       6              -0.00556301556935266               
1       16             -0.00556301615656591               
2       16             -0.00556301615656591               
16      24             -0.005563016245775772              
16      27             -0.005563016245775772              
16      32             -0.005563016245775772              
16      22             -0.00556301633498562               
1       4              -0.005563016395322716              
2       4              -0.005563016395322716              
8       16             -0.005563016424195474              
9       16             -0.005563016424195474              
15      16             -0.005563016424195474              
1       31             -0.005563016444442452              
2       31             -0.005563016444442452              
4       24             -0.005563016484532571              
4       27             -0.005563016484532571              
4       32             -0.005563016484532571              
24      31             -0.005563016533652286              
27      31             -0.005563016533652286              
31      32             -0.005563016533652293              
4       22             -0.005563016573742419              
22      31             -0.00556301662286212               
4       8              -0.005563016662952273              
4       9              -0.005563016662952273              
4       15             -0.005563016662952273              
8       31             -0.005563016712071961              
9       31             -0.005563016712071961              
15      31             -0.005563016712071961              
3       16             -0.005563018609836871              
3       4              -0.005563018848593691              
3       31             -0.005563018897712942              
5       16             -0.0055630190558861314             
6       16             -0.0055630190558861314             
21      31             -0.0055630191207375335             
23      31             -0.005563019209947367              
5       31             -0.005563019343762118              
6       31             -0.005563019343762118              
