#======================================================================
# PARAMETERS USED FOR THIS COMPUTATION: 
#	Sequence type: RNA
#	Total number of sequences in alignment data: 3
#	Length of sequences in alignment data: 35
#	Value of sequence identity: 0.8
#	lambda_h: 6.800000000000001
#	lambda_J: 6.800000000000001
#	Number of gradient decent iterations: 500
# The First and Second columns represent sites and the
# Third column is PLMDCA Frobenius norm, average product corrected (APC) DCA score
#======================================================================
14      32             0.049621641738996636               
14      22             0.049621641394112084               
14      21             0.049621640359458374               
1       23             0.04962163727741556                
1       32             0.04962163681756948                
1       4              0.04962163658764644                
23      32             0.04962163601283884                
22      23             0.049621635667954286               
1       14             0.04962163555299279                
1       21             0.049621635438031275               
15      23             0.049621635323069735               
4       32             0.04962163532306972                
22      32             0.04962163520810821                
4       22             0.04962163497818517                
15      32             0.04962163486322364                
14      23             0.049621634748262144               
4       15             0.04962163463330062                
21      23             0.04962163463330062                
15      22             0.04962163451833909                
21      32             0.049621634173454526               
4       14             0.049621634058493                  
4       21             0.04962163394353149                
21      22             0.04962163382856996                
14      15             0.04962163359864692                
15      21             0.049621633483685396               
1       22             0.04962162902210433                
1       15             0.04962162867721978                
4       23             0.049621628332335216               
2       9              0.04612136024966055                
2       34             0.046121358713788                  
8       34             0.046121358713788                  
9       17             0.04612135860408283                
9       20             0.046121358165262104               
2       17             0.04612135816526209                
8       17             0.04612135816526209                
2       20             0.04612135772644137                
8       20             0.04612135772644137                
17      20             0.04612135608086357                
8       9              0.04612135279907995                
2       8              0.04612135236025923                
9       34             0.04612135170202814                
17      34             0.046121349617629634               
20      34             0.046121349178808904               
10      11             0.009157323231076257               
10      18             0.009157323016130134               
10      19             0.009157323016130134               
10      24             0.009157323016130134               
10      26             0.009157323016130134               
10      29             0.009157323016130134               
10      30             0.009157323016130134               
11      18             0.009157323016130134               
11      19             0.009157323016130134               
11      24             0.009157323016130134               
11      26             0.009157323016130134               
11      29             0.009157323016130134               
11      30             0.009157323016130134               
10      33             0.009157322801183997               
11      33             0.009157322801183997               
18      19             0.009157322801183997               
18      24             0.009157322801183997               
18      26             0.009157322801183997               
18      29             0.009157322801183997               
18      30             0.009157322801183997               
19      24             0.009157322801183997               
19      26             0.009157322801183997               
19      29             0.009157322801183997               
19      30             0.009157322801183997               
24      26             0.009157322801183997               
24      29             0.009157322801183997               
24      30             0.009157322801183997               
26      29             0.009157322801183997               
26      30             0.009157322801183997               
29      30             0.009157322801183997               
18      33             0.009157322586237866               
19      33             0.009157322586237866               
24      33             0.009157322586237866               
26      33             0.009157322586237866               
29      33             0.009157322586237866               
30      33             0.009157322586237866               
28      31             0.009157321189087984               
28      35             0.00915732108161492                
25      27             0.0091573153506034                 
5       25             0.009157315243130335               
16      25             0.00915731513565727                
5       27             0.009157315028184197               
3       25             0.009157314920711132               
6       25             0.009157314920711132               
7       25             0.009157314920711132               
12      25             0.009157314920711132               
13      25             0.009157314920711132               
16      27             0.009157314920711132               
25      31             0.009157314920711132               
5       16             0.009157314813238067               
25      35             0.009157314813238067               
27      31             0.009157314705765002               
3       27             0.009157314705764995               
6       27             0.009157314705764995               
7       27             0.009157314705764995               
12      27             0.009157314705764995               
13      27             0.009157314705764995               
27      35             0.009157314598291937               
3       5              0.00915731459829193                
5       6              0.00915731459829193                
5       7              0.00915731459829193                
5       12             0.00915731459829193                
5       13             0.00915731459829193                
5       31             0.00915731459829193                
3       16             0.009157314490818864               
5       35             0.009157314490818864               
6       16             0.009157314490818864               
7       16             0.009157314490818864               
12      16             0.009157314490818864               
13      16             0.009157314490818864               
16      31             0.009157314490818864               
25      28             0.009157314383345806               
16      35             0.0091573143833458                 
3       6              0.009157314275872727               
3       7              0.009157314275872727               
3       12             0.009157314275872727               
3       13             0.009157314275872727               
3       31             0.009157314275872727               
6       7              0.009157314275872727               
6       12             0.009157314275872727               
6       13             0.009157314275872727               
6       31             0.009157314275872727               
7       12             0.009157314275872727               
7       13             0.009157314275872727               
7       31             0.009157314275872727               
12      13             0.009157314275872727               
12      31             0.009157314275872727               
13      31             0.009157314275872727               
27      28             0.009157314168399669               
3       35             0.009157314168399662               
6       35             0.009157314168399662               
7       35             0.009157314168399662               
12      35             0.009157314168399662               
13      35             0.009157314168399662               
31      35             0.009157314168399662               
5       28             0.009157314060926597               
16      28             0.009157313953453532               
3       28             0.009157313738507394               
6       28             0.009157313738507394               
7       28             0.009157313738507394               
12      28             0.009157313738507394               
13      28             0.009157313738507394               
10      25             0.009157308222441998               
11      25             0.009157308222441998               
10      27             0.009157308007495868               
11      27             0.009157308007495868               
18      25             0.009157308007495868               
19      25             0.009157308007495868               
24      25             0.009157308007495868               
25      26             0.009157308007495868               
25      29             0.009157308007495868               
25      30             0.009157308007495868               
5       10             0.009157307900022803               
5       11             0.009157307900022803               
10      16             0.009157307792549738               
11      16             0.009157307792549738               
25      33             0.009157307792549738               
27      29             0.009157307792549738               
27      30             0.009157307792549738               
18      27             0.00915730779254973                
19      27             0.00915730779254973                
24      27             0.00915730779254973                
26      27             0.00915730779254973                
5       18             0.009157307685076672               
5       19             0.009157307685076672               
5       24             0.009157307685076672               
5       26             0.009157307685076672               
5       29             0.009157307685076672               
5       30             0.009157307685076672               
10      12             0.009157307577603607               
10      13             0.009157307577603607               
10      31             0.009157307577603607               
11      12             0.009157307577603607               
11      13             0.009157307577603607               
11      31             0.009157307577603607               
16      18             0.009157307577603607               
16      19             0.009157307577603607               
16      24             0.009157307577603607               
16      26             0.009157307577603607               
16      29             0.009157307577603607               
16      30             0.009157307577603607               
3       10             0.0091573075776036                 
3       11             0.0091573075776036                 
6       10             0.0091573075776036                 
6       11             0.0091573075776036                 
7       10             0.0091573075776036                 
7       11             0.0091573075776036                 
27      33             0.0091573075776036                 
10      35             0.009157307470130542               
11      35             0.009157307470130542               
5       33             0.009157307470130535               
3       18             0.00915730736265747                
3       19             0.00915730736265747                
3       24             0.00915730736265747                
3       26             0.00915730736265747                
3       29             0.00915730736265747                
3       30             0.00915730736265747                
6       18             0.00915730736265747                
6       19             0.00915730736265747                
6       24             0.00915730736265747                
6       26             0.00915730736265747                
6       29             0.00915730736265747                
6       30             0.00915730736265747                
7       18             0.00915730736265747                
7       19             0.00915730736265747                
7       24             0.00915730736265747                
7       26             0.00915730736265747                
7       29             0.00915730736265747                
7       30             0.00915730736265747                
12      18             0.00915730736265747                
12      19             0.00915730736265747                
12      24             0.00915730736265747                
12      26             0.00915730736265747                
12      29             0.00915730736265747                
12      30             0.00915730736265747                
13      18             0.00915730736265747                
13      19             0.00915730736265747                
13      24             0.00915730736265747                
13      26             0.00915730736265747                
13      29             0.00915730736265747                
13      30             0.00915730736265747                
16      33             0.00915730736265747                
18      31             0.00915730736265747                
19      31             0.00915730736265747                
24      31             0.00915730736265747                
26      31             0.00915730736265747                
29      31             0.00915730736265747                
30      31             0.00915730736265747                
18      35             0.009157307255184405               
19      35             0.009157307255184405               
24      35             0.009157307255184405               
26      35             0.009157307255184405               
29      35             0.009157307255184405               
30      35             0.009157307255184405               
3       33             0.009157307147711333               
6       33             0.009157307147711333               
7       33             0.009157307147711333               
12      33             0.009157307147711333               
13      33             0.009157307147711333               
31      33             0.009157307147711333               
10      28             0.009157307040238274               
11      28             0.009157307040238274               
33      35             0.009157307040238268               
18      28             0.009157306825292137               
19      28             0.009157306825292137               
24      28             0.009157306825292137               
26      28             0.009157306825292137               
28      29             0.009157306825292137               
28      30             0.009157306825292137               
28      33             0.009157306610346                  
1       9              -0.0028123591570004478             
1       2              -0.002812359616846505              
9       23             -0.002812359924936711              
9       32             -0.0028123603637574407             
2       23             -0.002812360384782775              
4       9              -0.0028123605831677986             
9       22             -0.002812360692872981              
2       32             -0.0028123608236035116             
9       15             -0.0028123610219885214             
2       4              -0.0028123610430138765             
8       14             -0.0028123620303605115             
17      23             -0.002812362109205567              
4       34             -0.0028123621926290712             
17      32             -0.0028123625480263176             
17      22             -0.002812362877141865              
20      32             -0.0028123630078723885             
14      34             -0.002812363179975734              
20      22             -0.0028123633369879428             
1       8              -0.0028123633421368033             
15      20             -0.002812363666103497              
14      17             -0.002812363754783352              
17      21             -0.0028123638644885346             
8       23             -0.0028123641100730734             
14      20             -0.00281236421462943               
20      21             -0.0028123643243346194             
1       34             -0.002812364491751977              
8       32             -0.00281236454889381               
4       8              -0.002812364768304175              
2       22             -0.0028123648780093574             
8       22             -0.0028123648780093574             
1       17             -0.0028123650665595676             
2       15             -0.002812365207124898              
8       15             -0.002812365207124898              
23      34             -0.002812365259688268              
9       14             -0.002812365295804732              
9       21             -0.0028123654055099076             
1       20             -0.0028123655264056316             
32      34             -0.0028123656985090117             
2       14             -0.00281236575565081               
2       21             -0.0028123658653559924             
8       21             -0.0028123658653559924             
20      23             -0.0028123662943419364             
15      34             -0.0028123663567401133             
4       17             -0.002812366492726981              
15      17             -0.0028123669315477176             
4       20             -0.002812366952573052              
21      34             -0.002812367014971215              
22      34             -0.0028123697529148575             
20      27             -0.009906476779647462              
5       20             -0.009906476889352644              
16      20             -0.009906476999057834              
17      28             -0.009906477337101864              
20      28             -0.009906477766994132              
9       12             -0.009906478471877964              
9       13             -0.009906478471877964              
9       35             -0.009906478581583146              
2       3              -0.009906478901770224              
2       6              -0.009906478901770224              
2       7              -0.009906478901770224              
2       35             -0.009906479011475407              
9       28             -0.009906479020403869              
25      34             -0.009906479318269788              
27      34             -0.00990647953768016               
5       34             -0.009906479647385343              
16      34             -0.009906479757090532              
3       34             -0.009906479976500897              
6       34             -0.009906479976500897              
7       34             -0.009906479976500897              
12      34             -0.009906479976500897              
13      34             -0.009906479976500897              
31      34             -0.009906479976500897              
34      35             -0.009906480086206086              
17      31             -0.009906480513866237              
3       17             -0.009906480513866243              
6       17             -0.009906480513866243              
7       17             -0.009906480513866243              
12      17             -0.009906480513866243              
13      17             -0.009906480513866243              
28      34             -0.009906480525026823              
17      35             -0.009906480623571426              
3       20             -0.009906480943758504              
6       20             -0.009906480943758504              
7       20             -0.009906480943758504              
12      20             -0.009906480943758504              
13      20             -0.009906480943758504              
9       25             -0.009906481538937167              
9       27             -0.00990648175834754               
8       10             -0.009906481859124246              
8       11             -0.009906481859124246              
5       9              -0.009906481868052722              
2       25             -0.009906481968829428              
8       25             -0.009906481968829428              
9       16             -0.009906481977757897              
8       18             -0.00990648207853461               
8       19             -0.00990648207853461               
8       24             -0.00990648207853461               
8       26             -0.00990648207853461               
8       29             -0.00990648207853461               
8       30             -0.00990648207853461               
2       27             -0.009906482188239793              
8       27             -0.009906482188239793              
9       31             -0.009906482197168262              
3       9              -0.009906482197168269              
6       9              -0.009906482197168269              
7       9              -0.009906482197168269              
2       5              -0.009906482297944975              
8       33             -0.009906482297944975              
5       8              -0.009906482297944982              
2       16             -0.009906482407650158              
8       16             -0.009906482407650158              
2       12             -0.009906482627060523              
2       13             -0.009906482627060523              
2       31             -0.009906482627060523              
8       12             -0.009906482627060523              
8       13             -0.009906482627060523              
8       31             -0.009906482627060523              
3       8              -0.00990648262706053               
6       8              -0.00990648262706053               
7       8              -0.00990648262706053               
8       35             -0.009906482736765705              
10      34             -0.009906482933854904              
11      34             -0.009906482933854904              
18      34             -0.009906483153265276              
19      34             -0.009906483153265276              
24      34             -0.009906483153265276              
26      34             -0.009906483153265276              
29      34             -0.009906483153265276              
30      34             -0.009906483153265276              
2       28             -0.009906483175586435              
8       28             -0.009906483175586435              
33      34             -0.009906483372675641              
10      17             -0.009906483471220237              
11      17             -0.009906483471220237              
17      25             -0.00990648358092542               
17      18             -0.009906483690630609              
17      19             -0.009906483690630609              
17      24             -0.009906483690630609              
17      26             -0.009906483690630609              
17      29             -0.009906483690630609              
17      30             -0.009906483690630609              
17      27             -0.009906483800335798              
10      20             -0.009906483901112498              
11      20             -0.009906483901112498              
5       17             -0.00990648391004098               
17      33             -0.00990648391004098               
20      25             -0.00990648401081768               
16      17             -0.00990648401974617               
20      24             -0.009906484120522863              
20      26             -0.009906484120522863              
20      29             -0.009906484120522863              
20      30             -0.009906484120522863              
18      20             -0.00990648412052287               
19      20             -0.00990648412052287               
20      33             -0.009906484339933241              
20      31             -0.009906484669048803              
20      35             -0.009906484778753985              
9       10             -0.00990648515452229               
9       11             -0.00990648515452229               
9       18             -0.009906485373932648              
9       19             -0.009906485373932648              
2       10             -0.009906485584414544              
2       11             -0.009906485584414544              
9       33             -0.009906485593343013              
2       18             -0.009906485803824909              
2       19             -0.009906485803824909              
2       24             -0.009906485803824909              
2       26             -0.009906485803824909              
2       29             -0.009906485803824909              
2       30             -0.009906485803824909              
2       33             -0.009906486023235274              
9       24             -0.009906489099222947              
9       26             -0.009906489099222947              
9       29             -0.009906489099222947              
9       30             -0.009906489099222947              
23      31             -0.015596902884133908              
5       22             -0.01559690329156082               
16      22             -0.015596903406522339              
4       6              -0.015596903528972306              
4       7              -0.015596903528972306              
4       12             -0.015596903528972306              
4       13             -0.015596903528972306              
3       4              -0.015596903528972313              
4       35             -0.015596903643933825              
14      25             -0.015596903806460782              
3       15             -0.015596903958864573              
6       15             -0.015596903958864573              
7       15             -0.015596903958864573              
12      15             -0.015596903958864573              
13      15             -0.015596903958864573              
15      31             -0.01559690395886458               
14      27             -0.015596904036383828              
4       28             -0.01559690410377991               
5       21             -0.015596904258818413              
14      16             -0.015596904266306867              
16      21             -0.01559690437377994               
14      31             -0.01559690449622992               
3       21             -0.015596904603702985              
6       21             -0.015596904603702985              
7       21             -0.015596904603702985              
12      21             -0.015596904603702985              
13      21             -0.015596904603702985              
21      35             -0.015596904718664505              
21      28             -0.015596905178510596              
1       5              -0.015596905512228185              
1       3              -0.015596905857112736              
1       6              -0.015596905857112736              
1       7              -0.015596905857112736              
1       12             -0.015596905857112736              
1       13             -0.015596905857112736              
1       31             -0.015596905857112736              
23      25             -0.01559690591965509               
1       35             -0.015596905972074256              
23      27             -0.015596906149578135              
5       23             -0.015596906264539648              
25      32             -0.015596906349547357              
16      23             -0.015596906379501167              
1       28             -0.01559690643192032               
4       25             -0.01559690656449348               
27      32             -0.015596906579470403              
3       23             -0.015596906609424206              
6       23             -0.015596906609424206              
7       23             -0.015596906609424206              
12      23             -0.015596906609424206              
13      23             -0.015596906609424206              
22      25             -0.015596906671966546              
5       32             -0.015596906694431922              
23      35             -0.015596906724385726              
22      24             -0.015596906786928065              
22      26             -0.015596906786928065              
22      29             -0.015596906786928065              
22      30             -0.015596906786928065              
4       27             -0.015596906794416526              
16      32             -0.015596906809393442              
22      27             -0.015596906901889591              
4       5              -0.015596906909378046              
15      25             -0.015596906994385748              
22      33             -0.015596907016851111              
4       16             -0.015596907024339565              
3       32             -0.01559690703931648               
6       32             -0.01559690703931648               
7       32             -0.01559690703931648               
12      32             -0.01559690703931648               
13      32             -0.01559690703931648               
31      32             -0.01559690703931648               
15      18             -0.015596907109347267              
15      19             -0.015596907109347267              
15      24             -0.015596907109347267              
15      26             -0.015596907109347267              
15      29             -0.015596907109347267              
15      30             -0.015596907109347267              
32      35             -0.015596907154278                 
23      28             -0.015596907184231804              
15      27             -0.015596907224308794              
4       31             -0.015596907254262604              
15      33             -0.015596907339270313              
3       22             -0.015596907361735676              
6       22             -0.015596907361735676              
7       22             -0.015596907361735676              
12      22             -0.015596907361735676              
13      22             -0.015596907361735676              
22      31             -0.015596907361735676              
15      16             -0.015596907454231833              
22      35             -0.015596907476697196              
28      32             -0.015596907614124078              
21      25             -0.015596907639224146              
14      18             -0.0155969076467126                
14      19             -0.0155969076467126                
21      24             -0.015596907754185665              
21      26             -0.015596907754185665              
21      29             -0.015596907754185665              
21      30             -0.015596907754185665              
15      35             -0.015596907799116398              
21      27             -0.015596907869147192              
5       14             -0.015596907876635646              
14      33             -0.015596907876635646              
22      28             -0.015596907936543274              
21      33             -0.015596907984108711              
3       14             -0.015596908221520218              
6       14             -0.015596908221520218              
7       14             -0.015596908221520218              
12      14             -0.015596908221520218              
13      14             -0.015596908221520218              
15      28             -0.015596908258962483              
21      31             -0.015596908328993284              
14      35             -0.015596908336481738              
1       10             -0.015596908777672412              
1       11             -0.015596908777672412              
14      28             -0.015596908796327823              
1       25             -0.015596908892633925              
1       18             -0.015596909007595444              
1       19             -0.015596909007595444              
1       24             -0.015596909007595444              
1       26             -0.015596909007595444              
1       29             -0.015596909007595444              
1       30             -0.015596909007595444              
1       27             -0.015596909122556964              
1       33             -0.015596909237518483              
1       16             -0.015596909352479996              
10      23             -0.015596909529983868              
11      23             -0.015596909529983868              
18      23             -0.015596909759906907              
19      23             -0.015596909759906907              
23      24             -0.015596909759906907              
23      26             -0.015596909759906907              
23      29             -0.015596909759906907              
23      30             -0.015596909759906907              
10      32             -0.015596909959876136              
11      32             -0.015596909959876136              
23      33             -0.015596909989829946              
4       10             -0.01559691017482226               
4       11             -0.01559691017482226               
18      32             -0.015596910189799182              
19      32             -0.015596910189799182              
24      32             -0.015596910189799182              
26      32             -0.015596910189799182              
29      32             -0.015596910189799182              
30      32             -0.015596910189799182              
10      22             -0.015596910282295331              
11      22             -0.015596910282295331              
4       18             -0.015596910404745298              
4       19             -0.015596910404745298              
4       24             -0.015596910404745298              
4       26             -0.015596910404745298              
4       29             -0.015596910404745298              
4       30             -0.015596910404745298              
32      33             -0.015596910419722214              
18      22             -0.01559691051221837               
19      22             -0.01559691051221837               
10      15             -0.01559691060471452               
11      15             -0.01559691060471452               
4       33             -0.015596910634668344              
5       15             -0.015596911064560612              
10      14             -0.01559691114207986               
11      14             -0.01559691114207986               
10      21             -0.015596911249552918              
11      21             -0.015596911249552918              
14      24             -0.015596911372002899              
14      26             -0.015596911372002899              
14      29             -0.015596911372002899              
14      30             -0.015596911372002899              
18      21             -0.015596911479475964              
19      21             -0.015596911479475964              
