#======================================================================
# PARAMETERS USED FOR THIS COMPUTATION: 
#	Sequence type: RNA
#	Total number of sequences in alignment data: 2
#	Length of sequences in alignment data: 44
#	Value of sequence identity: 0.8
#	lambda_h: 8.6
#	lambda_J: 8.6
#	Number of gradient decent iterations: 500
# The First and Second columns represent sites and the
# Third column is PLMDCA Frobenius norm, average product corrected (APC) DCA score
#======================================================================
9       37             0.03800913468428757                
9       38             0.03800913468428757                
37      38             0.03800913432351619                
6       9              0.03800913145095824                
6       37             0.038009131090186866               
6       38             0.038009131090186866               
2       3              0.0003309215703396137              
2       5              0.0003309215703396137              
2       7              0.0003309215703396137              
2       8              0.0003309215703396137              
2       11             0.0003309215703396137              
2       12             0.0003309215703396137              
2       13             0.0003309215703396137              
2       15             0.0003309215703396137              
2       16             0.0003309215703396137              
2       17             0.0003309215703396137              
2       18             0.0003309215703396137              
2       21             0.0003309215703396137              
2       23             0.0003309215703396137              
2       24             0.0003309215703396137              
2       27             0.0003309215703396137              
2       28             0.0003309215703396137              
2       32             0.0003309215703396137              
2       33             0.0003309215703396137              
2       34             0.0003309215703396137              
2       35             0.0003309215703396137              
2       39             0.0003309215703396137              
2       40             0.0003309215703396137              
2       41             0.0003309215703396137              
2       42             0.0003309215703396137              
2       43             0.0003309215703396137              
2       44             0.0003309215703396137              
3       5              0.0003309215703396137              
3       7              0.0003309215703396137              
3       8              0.0003309215703396137              
3       11             0.0003309215703396137              
3       12             0.0003309215703396137              
3       13             0.0003309215703396137              
3       15             0.0003309215703396137              
3       16             0.0003309215703396137              
3       17             0.0003309215703396137              
3       18             0.0003309215703396137              
3       21             0.0003309215703396137              
3       23             0.0003309215703396137              
3       24             0.0003309215703396137              
3       27             0.0003309215703396137              
3       28             0.0003309215703396137              
3       32             0.0003309215703396137              
3       33             0.0003309215703396137              
3       34             0.0003309215703396137              
3       35             0.0003309215703396137              
3       39             0.0003309215703396137              
3       40             0.0003309215703396137              
3       41             0.0003309215703396137              
3       42             0.0003309215703396137              
3       43             0.0003309215703396137              
3       44             0.0003309215703396137              
5       7              0.0003309215703396137              
5       8              0.0003309215703396137              
5       11             0.0003309215703396137              
5       12             0.0003309215703396137              
5       13             0.0003309215703396137              
5       15             0.0003309215703396137              
5       16             0.0003309215703396137              
5       17             0.0003309215703396137              
5       18             0.0003309215703396137              
5       21             0.0003309215703396137              
5       23             0.0003309215703396137              
5       24             0.0003309215703396137              
5       27             0.0003309215703396137              
5       28             0.0003309215703396137              
5       32             0.0003309215703396137              
5       33             0.0003309215703396137              
5       34             0.0003309215703396137              
5       35             0.0003309215703396137              
5       39             0.0003309215703396137              
5       40             0.0003309215703396137              
5       41             0.0003309215703396137              
5       42             0.0003309215703396137              
5       43             0.0003309215703396137              
5       44             0.0003309215703396137              
7       8              0.0003309215703396137              
7       11             0.0003309215703396137              
7       12             0.0003309215703396137              
7       13             0.0003309215703396137              
7       15             0.0003309215703396137              
7       16             0.0003309215703396137              
7       17             0.0003309215703396137              
7       18             0.0003309215703396137              
7       21             0.0003309215703396137              
7       23             0.0003309215703396137              
7       24             0.0003309215703396137              
7       27             0.0003309215703396137              
7       28             0.0003309215703396137              
7       32             0.0003309215703396137              
7       33             0.0003309215703396137              
7       34             0.0003309215703396137              
7       35             0.0003309215703396137              
7       39             0.0003309215703396137              
7       40             0.0003309215703396137              
7       41             0.0003309215703396137              
7       42             0.0003309215703396137              
7       43             0.0003309215703396137              
7       44             0.0003309215703396137              
8       11             0.0003309215703396137              
8       12             0.0003309215703396137              
8       13             0.0003309215703396137              
8       15             0.0003309215703396137              
8       16             0.0003309215703396137              
8       17             0.0003309215703396137              
8       18             0.0003309215703396137              
8       21             0.0003309215703396137              
8       23             0.0003309215703396137              
8       24             0.0003309215703396137              
8       27             0.0003309215703396137              
8       28             0.0003309215703396137              
8       32             0.0003309215703396137              
8       33             0.0003309215703396137              
8       34             0.0003309215703396137              
8       35             0.0003309215703396137              
8       39             0.0003309215703396137              
8       40             0.0003309215703396137              
8       41             0.0003309215703396137              
8       42             0.0003309215703396137              
8       43             0.0003309215703396137              
8       44             0.0003309215703396137              
11      12             0.0003309215703396137              
11      13             0.0003309215703396137              
11      15             0.0003309215703396137              
11      16             0.0003309215703396137              
11      17             0.0003309215703396137              
11      18             0.0003309215703396137              
11      21             0.0003309215703396137              
11      23             0.0003309215703396137              
11      24             0.0003309215703396137              
11      27             0.0003309215703396137              
11      28             0.0003309215703396137              
11      32             0.0003309215703396137              
11      33             0.0003309215703396137              
11      34             0.0003309215703396137              
11      35             0.0003309215703396137              
11      39             0.0003309215703396137              
11      40             0.0003309215703396137              
11      41             0.0003309215703396137              
11      42             0.0003309215703396137              
11      43             0.0003309215703396137              
11      44             0.0003309215703396137              
12      13             0.0003309215703396137              
12      15             0.0003309215703396137              
12      16             0.0003309215703396137              
12      17             0.0003309215703396137              
12      18             0.0003309215703396137              
12      21             0.0003309215703396137              
12      23             0.0003309215703396137              
12      24             0.0003309215703396137              
12      27             0.0003309215703396137              
12      28             0.0003309215703396137              
12      32             0.0003309215703396137              
12      33             0.0003309215703396137              
12      34             0.0003309215703396137              
12      35             0.0003309215703396137              
12      39             0.0003309215703396137              
12      40             0.0003309215703396137              
12      41             0.0003309215703396137              
12      42             0.0003309215703396137              
12      43             0.0003309215703396137              
12      44             0.0003309215703396137              
13      15             0.0003309215703396137              
13      16             0.0003309215703396137              
13      17             0.0003309215703396137              
13      18             0.0003309215703396137              
13      21             0.0003309215703396137              
13      23             0.0003309215703396137              
13      24             0.0003309215703396137              
13      27             0.0003309215703396137              
13      28             0.0003309215703396137              
13      32             0.0003309215703396137              
13      33             0.0003309215703396137              
13      34             0.0003309215703396137              
13      35             0.0003309215703396137              
13      39             0.0003309215703396137              
13      40             0.0003309215703396137              
13      41             0.0003309215703396137              
13      42             0.0003309215703396137              
13      43             0.0003309215703396137              
13      44             0.0003309215703396137              
15      16             0.0003309215703396137              
15      17             0.0003309215703396137              
15      18             0.0003309215703396137              
15      21             0.0003309215703396137              
15      23             0.0003309215703396137              
15      24             0.0003309215703396137              
15      27             0.0003309215703396137              
15      28             0.0003309215703396137              
15      32             0.0003309215703396137              
15      33             0.0003309215703396137              
15      34             0.0003309215703396137              
15      35             0.0003309215703396137              
15      39             0.0003309215703396137              
15      40             0.0003309215703396137              
15      41             0.0003309215703396137              
15      42             0.0003309215703396137              
15      43             0.0003309215703396137              
15      44             0.0003309215703396137              
16      17             0.0003309215703396137              
16      18             0.0003309215703396137              
16      21             0.0003309215703396137              
16      23             0.0003309215703396137              
16      24             0.0003309215703396137              
16      27             0.0003309215703396137              
16      28             0.0003309215703396137              
16      32             0.0003309215703396137              
16      33             0.0003309215703396137              
16      34             0.0003309215703396137              
16      35             0.0003309215703396137              
16      39             0.0003309215703396137              
16      40             0.0003309215703396137              
16      41             0.0003309215703396137              
16      42             0.0003309215703396137              
16      43             0.0003309215703396137              
16      44             0.0003309215703396137              
17      18             0.0003309215703396137              
17      21             0.0003309215703396137              
17      23             0.0003309215703396137              
17      24             0.0003309215703396137              
17      27             0.0003309215703396137              
17      28             0.0003309215703396137              
17      32             0.0003309215703396137              
17      33             0.0003309215703396137              
17      34             0.0003309215703396137              
17      35             0.0003309215703396137              
17      39             0.0003309215703396137              
17      40             0.0003309215703396137              
17      41             0.0003309215703396137              
17      42             0.0003309215703396137              
17      43             0.0003309215703396137              
17      44             0.0003309215703396137              
18      21             0.0003309215703396137              
18      23             0.0003309215703396137              
18      24             0.0003309215703396137              
18      27             0.0003309215703396137              
18      28             0.0003309215703396137              
18      32             0.0003309215703396137              
18      33             0.0003309215703396137              
18      34             0.0003309215703396137              
18      35             0.0003309215703396137              
18      39             0.0003309215703396137              
18      40             0.0003309215703396137              
18      41             0.0003309215703396137              
18      42             0.0003309215703396137              
18      43             0.0003309215703396137              
18      44             0.0003309215703396137              
21      23             0.0003309215703396137              
21      24             0.0003309215703396137              
21      27             0.0003309215703396137              
21      28             0.0003309215703396137              
21      32             0.0003309215703396137              
21      33             0.0003309215703396137              
21      34             0.0003309215703396137              
21      35             0.0003309215703396137              
21      39             0.0003309215703396137              
21      40             0.0003309215703396137              
21      41             0.0003309215703396137              
21      42             0.0003309215703396137              
21      43             0.0003309215703396137              
21      44             0.0003309215703396137              
23      24             0.0003309215703396137              
23      27             0.0003309215703396137              
23      28             0.0003309215703396137              
23      32             0.0003309215703396137              
23      33             0.0003309215703396137              
23      34             0.0003309215703396137              
23      35             0.0003309215703396137              
23      39             0.0003309215703396137              
23      40             0.0003309215703396137              
23      41             0.0003309215703396137              
23      42             0.0003309215703396137              
23      43             0.0003309215703396137              
23      44             0.0003309215703396137              
24      27             0.0003309215703396137              
24      28             0.0003309215703396137              
24      32             0.0003309215703396137              
24      33             0.0003309215703396137              
24      34             0.0003309215703396137              
24      35             0.0003309215703396137              
24      39             0.0003309215703396137              
24      40             0.0003309215703396137              
24      41             0.0003309215703396137              
24      42             0.0003309215703396137              
24      43             0.0003309215703396137              
24      44             0.0003309215703396137              
27      28             0.0003309215703396137              
27      32             0.0003309215703396137              
27      33             0.0003309215703396137              
27      34             0.0003309215703396137              
27      35             0.0003309215703396137              
27      39             0.0003309215703396137              
27      40             0.0003309215703396137              
27      41             0.0003309215703396137              
27      42             0.0003309215703396137              
27      43             0.0003309215703396137              
27      44             0.0003309215703396137              
28      32             0.0003309215703396137              
28      33             0.0003309215703396137              
28      34             0.0003309215703396137              
28      35             0.0003309215703396137              
28      39             0.0003309215703396137              
28      40             0.0003309215703396137              
28      41             0.0003309215703396137              
28      42             0.0003309215703396137              
28      43             0.0003309215703396137              
28      44             0.0003309215703396137              
32      33             0.0003309215703396137              
32      34             0.0003309215703396137              
32      35             0.0003309215703396137              
32      39             0.0003309215703396137              
32      40             0.0003309215703396137              
32      41             0.0003309215703396137              
32      42             0.0003309215703396137              
32      43             0.0003309215703396137              
32      44             0.0003309215703396137              
33      34             0.0003309215703396137              
33      35             0.0003309215703396137              
33      39             0.0003309215703396137              
33      40             0.0003309215703396137              
33      41             0.0003309215703396137              
33      42             0.0003309215703396137              
33      43             0.0003309215703396137              
33      44             0.0003309215703396137              
34      35             0.0003309215703396137              
34      39             0.0003309215703396137              
34      40             0.0003309215703396137              
34      41             0.0003309215703396137              
34      42             0.0003309215703396137              
34      43             0.0003309215703396137              
34      44             0.0003309215703396137              
35      39             0.0003309215703396137              
35      40             0.0003309215703396137              
35      41             0.0003309215703396137              
35      42             0.0003309215703396137              
35      43             0.0003309215703396137              
35      44             0.0003309215703396137              
39      40             0.0003309215703396137              
39      41             0.0003309215703396137              
39      42             0.0003309215703396137              
39      43             0.0003309215703396137              
39      44             0.0003309215703396137              
40      41             0.0003309215703396137              
40      42             0.0003309215703396137              
40      43             0.0003309215703396137              
40      44             0.0003309215703396137              
41      42             0.0003309215703396137              
41      43             0.0003309215703396137              
41      44             0.0003309215703396137              
42      43             0.0003309215703396137              
42      44             0.0003309215703396137              
43      44             0.0003309215703396137              
2       10             0.0003309214816009723              
2       14             0.0003309214816009723              
2       19             0.0003309214816009723              
2       20             0.0003309214816009723              
2       22             0.0003309214816009723              
2       25             0.0003309214816009723              
2       26             0.0003309214816009723              
2       29             0.0003309214816009723              
2       30             0.0003309214816009723              
2       31             0.0003309214816009723              
2       36             0.0003309214816009723              
3       10             0.0003309214816009723              
3       14             0.0003309214816009723              
3       19             0.0003309214816009723              
3       20             0.0003309214816009723              
3       22             0.0003309214816009723              
3       25             0.0003309214816009723              
3       26             0.0003309214816009723              
3       29             0.0003309214816009723              
3       30             0.0003309214816009723              
3       31             0.0003309214816009723              
3       36             0.0003309214816009723              
5       10             0.0003309214816009723              
5       14             0.0003309214816009723              
5       19             0.0003309214816009723              
5       20             0.0003309214816009723              
5       22             0.0003309214816009723              
5       25             0.0003309214816009723              
5       26             0.0003309214816009723              
5       29             0.0003309214816009723              
5       30             0.0003309214816009723              
5       31             0.0003309214816009723              
5       36             0.0003309214816009723              
7       10             0.0003309214816009723              
7       14             0.0003309214816009723              
7       19             0.0003309214816009723              
7       20             0.0003309214816009723              
7       22             0.0003309214816009723              
7       25             0.0003309214816009723              
7       26             0.0003309214816009723              
7       29             0.0003309214816009723              
7       30             0.0003309214816009723              
7       31             0.0003309214816009723              
7       36             0.0003309214816009723              
8       10             0.0003309214816009723              
8       14             0.0003309214816009723              
8       19             0.0003309214816009723              
8       20             0.0003309214816009723              
8       22             0.0003309214816009723              
8       25             0.0003309214816009723              
8       26             0.0003309214816009723              
8       29             0.0003309214816009723              
8       30             0.0003309214816009723              
8       31             0.0003309214816009723              
8       36             0.0003309214816009723              
11      14             0.0003309214816009723              
11      19             0.0003309214816009723              
11      20             0.0003309214816009723              
11      22             0.0003309214816009723              
11      25             0.0003309214816009723              
11      26             0.0003309214816009723              
11      29             0.0003309214816009723              
11      30             0.0003309214816009723              
11      31             0.0003309214816009723              
11      36             0.0003309214816009723              
12      14             0.0003309214816009723              
12      19             0.0003309214816009723              
12      20             0.0003309214816009723              
12      22             0.0003309214816009723              
12      25             0.0003309214816009723              
12      26             0.0003309214816009723              
12      29             0.0003309214816009723              
12      30             0.0003309214816009723              
12      31             0.0003309214816009723              
12      36             0.0003309214816009723              
13      14             0.0003309214816009723              
13      19             0.0003309214816009723              
13      20             0.0003309214816009723              
13      22             0.0003309214816009723              
13      25             0.0003309214816009723              
13      26             0.0003309214816009723              
13      29             0.0003309214816009723              
13      30             0.0003309214816009723              
13      31             0.0003309214816009723              
13      36             0.0003309214816009723              
15      19             0.0003309214816009723              
15      20             0.0003309214816009723              
15      22             0.0003309214816009723              
15      25             0.0003309214816009723              
15      26             0.0003309214816009723              
15      29             0.0003309214816009723              
15      30             0.0003309214816009723              
15      31             0.0003309214816009723              
15      36             0.0003309214816009723              
16      19             0.0003309214816009723              
16      20             0.0003309214816009723              
16      22             0.0003309214816009723              
16      25             0.0003309214816009723              
16      26             0.0003309214816009723              
16      29             0.0003309214816009723              
16      30             0.0003309214816009723              
16      31             0.0003309214816009723              
16      36             0.0003309214816009723              
17      19             0.0003309214816009723              
17      20             0.0003309214816009723              
17      22             0.0003309214816009723              
17      25             0.0003309214816009723              
17      26             0.0003309214816009723              
17      29             0.0003309214816009723              
17      30             0.0003309214816009723              
17      31             0.0003309214816009723              
17      36             0.0003309214816009723              
18      19             0.0003309214816009723              
18      20             0.0003309214816009723              
18      22             0.0003309214816009723              
18      25             0.0003309214816009723              
18      26             0.0003309214816009723              
18      29             0.0003309214816009723              
18      30             0.0003309214816009723              
18      31             0.0003309214816009723              
18      36             0.0003309214816009723              
21      22             0.0003309214816009723              
21      25             0.0003309214816009723              
21      26             0.0003309214816009723              
21      29             0.0003309214816009723              
21      30             0.0003309214816009723              
21      31             0.0003309214816009723              
21      36             0.0003309214816009723              
23      25             0.0003309214816009723              
23      26             0.0003309214816009723              
23      29             0.0003309214816009723              
23      30             0.0003309214816009723              
23      31             0.0003309214816009723              
23      36             0.0003309214816009723              
24      25             0.0003309214816009723              
24      26             0.0003309214816009723              
24      29             0.0003309214816009723              
24      30             0.0003309214816009723              
24      31             0.0003309214816009723              
24      36             0.0003309214816009723              
27      29             0.0003309214816009723              
27      30             0.0003309214816009723              
27      31             0.0003309214816009723              
27      36             0.0003309214816009723              
28      29             0.0003309214816009723              
28      30             0.0003309214816009723              
28      31             0.0003309214816009723              
28      36             0.0003309214816009723              
32      36             0.0003309214816009723              
33      36             0.0003309214816009723              
34      36             0.0003309214816009723              
35      36             0.0003309214816009723              
10      11             0.00033092148160096535             
10      12             0.00033092148160096535             
10      13             0.00033092148160096535             
10      15             0.00033092148160096535             
10      16             0.00033092148160096535             
10      17             0.00033092148160096535             
10      18             0.00033092148160096535             
10      21             0.00033092148160096535             
10      23             0.00033092148160096535             
10      24             0.00033092148160096535             
10      27             0.00033092148160096535             
10      28             0.00033092148160096535             
10      32             0.00033092148160096535             
10      33             0.00033092148160096535             
10      34             0.00033092148160096535             
10      35             0.00033092148160096535             
10      39             0.00033092148160096535             
10      40             0.00033092148160096535             
10      41             0.00033092148160096535             
10      42             0.00033092148160096535             
10      43             0.00033092148160096535             
10      44             0.00033092148160096535             
14      15             0.00033092148160096535             
14      16             0.00033092148160096535             
14      17             0.00033092148160096535             
14      18             0.00033092148160096535             
14      21             0.00033092148160096535             
14      23             0.00033092148160096535             
14      24             0.00033092148160096535             
14      27             0.00033092148160096535             
14      28             0.00033092148160096535             
14      32             0.00033092148160096535             
14      33             0.00033092148160096535             
14      34             0.00033092148160096535             
14      35             0.00033092148160096535             
14      39             0.00033092148160096535             
14      40             0.00033092148160096535             
14      41             0.00033092148160096535             
14      42             0.00033092148160096535             
14      43             0.00033092148160096535             
14      44             0.00033092148160096535             
19      21             0.00033092148160096535             
19      23             0.00033092148160096535             
19      24             0.00033092148160096535             
19      27             0.00033092148160096535             
19      28             0.00033092148160096535             
19      32             0.00033092148160096535             
19      33             0.00033092148160096535             
19      34             0.00033092148160096535             
19      35             0.00033092148160096535             
19      39             0.00033092148160096535             
19      40             0.00033092148160096535             
19      41             0.00033092148160096535             
19      42             0.00033092148160096535             
19      43             0.00033092148160096535             
19      44             0.00033092148160096535             
20      21             0.00033092148160096535             
20      23             0.00033092148160096535             
20      24             0.00033092148160096535             
20      27             0.00033092148160096535             
20      28             0.00033092148160096535             
20      32             0.00033092148160096535             
20      33             0.00033092148160096535             
20      34             0.00033092148160096535             
20      35             0.00033092148160096535             
20      39             0.00033092148160096535             
20      40             0.00033092148160096535             
20      41             0.00033092148160096535             
20      42             0.00033092148160096535             
20      43             0.00033092148160096535             
20      44             0.00033092148160096535             
22      23             0.00033092148160096535             
22      24             0.00033092148160096535             
22      27             0.00033092148160096535             
22      28             0.00033092148160096535             
22      32             0.00033092148160096535             
22      33             0.00033092148160096535             
22      34             0.00033092148160096535             
22      35             0.00033092148160096535             
22      39             0.00033092148160096535             
22      40             0.00033092148160096535             
22      41             0.00033092148160096535             
22      42             0.00033092148160096535             
22      43             0.00033092148160096535             
22      44             0.00033092148160096535             
25      27             0.00033092148160096535             
25      28             0.00033092148160096535             
25      32             0.00033092148160096535             
25      33             0.00033092148160096535             
25      34             0.00033092148160096535             
25      35             0.00033092148160096535             
25      39             0.00033092148160096535             
25      40             0.00033092148160096535             
25      41             0.00033092148160096535             
25      42             0.00033092148160096535             
25      43             0.00033092148160096535             
25      44             0.00033092148160096535             
26      27             0.00033092148160096535             
26      28             0.00033092148160096535             
26      32             0.00033092148160096535             
26      33             0.00033092148160096535             
26      34             0.00033092148160096535             
26      35             0.00033092148160096535             
26      39             0.00033092148160096535             
26      40             0.00033092148160096535             
26      41             0.00033092148160096535             
26      42             0.00033092148160096535             
26      43             0.00033092148160096535             
26      44             0.00033092148160096535             
29      32             0.00033092148160096535             
29      33             0.00033092148160096535             
29      34             0.00033092148160096535             
29      35             0.00033092148160096535             
29      39             0.00033092148160096535             
29      40             0.00033092148160096535             
29      41             0.00033092148160096535             
29      42             0.00033092148160096535             
29      43             0.00033092148160096535             
29      44             0.00033092148160096535             
30      32             0.00033092148160096535             
30      33             0.00033092148160096535             
30      34             0.00033092148160096535             
30      35             0.00033092148160096535             
30      39             0.00033092148160096535             
30      40             0.00033092148160096535             
30      41             0.00033092148160096535             
30      42             0.00033092148160096535             
30      43             0.00033092148160096535             
30      44             0.00033092148160096535             
31      32             0.00033092148160096535             
31      33             0.00033092148160096535             
31      34             0.00033092148160096535             
31      35             0.00033092148160096535             
31      39             0.00033092148160096535             
31      40             0.00033092148160096535             
31      41             0.00033092148160096535             
31      42             0.00033092148160096535             
31      43             0.00033092148160096535             
31      44             0.00033092148160096535             
36      39             0.00033092148160096535             
36      40             0.00033092148160096535             
36      41             0.00033092148160096535             
36      42             0.00033092148160096535             
36      43             0.00033092148160096535             
36      44             0.00033092148160096535             
2       4              0.00033092139286233085             
3       4              0.00033092139286233085             
1       2              0.0003309213928623239              
1       3              0.0003309213928623239              
1       5              0.0003309213928623239              
1       7              0.0003309213928623239              
1       8              0.0003309213928623239              
1       11             0.0003309213928623239              
1       12             0.0003309213928623239              
1       13             0.0003309213928623239              
1       15             0.0003309213928623239              
1       16             0.0003309213928623239              
1       17             0.0003309213928623239              
1       18             0.0003309213928623239              
1       21             0.0003309213928623239              
1       23             0.0003309213928623239              
1       24             0.0003309213928623239              
1       27             0.0003309213928623239              
1       28             0.0003309213928623239              
1       32             0.0003309213928623239              
1       33             0.0003309213928623239              
1       34             0.0003309213928623239              
1       35             0.0003309213928623239              
1       39             0.0003309213928623239              
1       40             0.0003309213928623239              
1       41             0.0003309213928623239              
1       42             0.0003309213928623239              
1       43             0.0003309213928623239              
1       44             0.0003309213928623239              
4       5              0.0003309213928623239              
4       7              0.0003309213928623239              
4       8              0.0003309213928623239              
4       11             0.0003309213928623239              
4       12             0.0003309213928623239              
4       13             0.0003309213928623239              
4       15             0.0003309213928623239              
4       16             0.0003309213928623239              
4       17             0.0003309213928623239              
4       18             0.0003309213928623239              
4       21             0.0003309213928623239              
4       23             0.0003309213928623239              
4       24             0.0003309213928623239              
4       27             0.0003309213928623239              
4       28             0.0003309213928623239              
4       32             0.0003309213928623239              
4       33             0.0003309213928623239              
4       34             0.0003309213928623239              
4       35             0.0003309213928623239              
4       39             0.0003309213928623239              
4       40             0.0003309213928623239              
4       41             0.0003309213928623239              
4       42             0.0003309213928623239              
4       43             0.0003309213928623239              
4       44             0.0003309213928623239              
10      14             0.0003309213928623239              
10      19             0.0003309213928623239              
10      20             0.0003309213928623239              
10      22             0.0003309213928623239              
10      25             0.0003309213928623239              
10      26             0.0003309213928623239              
10      29             0.0003309213928623239              
10      30             0.0003309213928623239              
10      31             0.0003309213928623239              
10      36             0.0003309213928623239              
14      19             0.0003309213928623239              
14      20             0.0003309213928623239              
14      22             0.0003309213928623239              
14      25             0.0003309213928623239              
14      26             0.0003309213928623239              
14      29             0.0003309213928623239              
14      30             0.0003309213928623239              
14      31             0.0003309213928623239              
14      36             0.0003309213928623239              
19      20             0.0003309213928623239              
19      22             0.0003309213928623239              
19      25             0.0003309213928623239              
19      26             0.0003309213928623239              
19      29             0.0003309213928623239              
19      30             0.0003309213928623239              
19      31             0.0003309213928623239              
19      36             0.0003309213928623239              
20      22             0.0003309213928623239              
20      25             0.0003309213928623239              
20      26             0.0003309213928623239              
20      29             0.0003309213928623239              
20      30             0.0003309213928623239              
20      31             0.0003309213928623239              
20      36             0.0003309213928623239              
22      25             0.0003309213928623239              
22      26             0.0003309213928623239              
22      29             0.0003309213928623239              
22      30             0.0003309213928623239              
22      31             0.0003309213928623239              
22      36             0.0003309213928623239              
25      26             0.0003309213928623239              
25      29             0.0003309213928623239              
25      30             0.0003309213928623239              
25      31             0.0003309213928623239              
25      36             0.0003309213928623239              
26      29             0.0003309213928623239              
26      30             0.0003309213928623239              
26      31             0.0003309213928623239              
26      36             0.0003309213928623239              
29      30             0.0003309213928623239              
29      31             0.0003309213928623239              
29      36             0.0003309213928623239              
30      31             0.0003309213928623239              
30      36             0.0003309213928623239              
31      36             0.0003309213928623239              
1       10             0.0003309213041236825              
1       14             0.0003309213041236825              
1       19             0.0003309213041236825              
1       20             0.0003309213041236825              
1       22             0.0003309213041236825              
1       25             0.0003309213041236825              
1       26             0.0003309213041236825              
1       29             0.0003309213041236825              
1       30             0.0003309213041236825              
1       31             0.0003309213041236825              
1       36             0.0003309213041236825              
4       10             0.0003309213041236825              
4       14             0.0003309213041236825              
4       19             0.0003309213041236825              
4       20             0.0003309213041236825              
4       22             0.0003309213041236825              
4       25             0.0003309213041236825              
4       26             0.0003309213041236825              
4       29             0.0003309213041236825              
4       30             0.0003309213041236825              
4       31             0.0003309213041236825              
4       36             0.0003309213041236825              
1       4              0.00033092121538504105             
1       6              -0.0030104055613251433             
4       6              -0.0030104055613251433             
1       9              -0.003010405738802433              
4       9              -0.003010405738802433              
10      37             -0.003010406161270185              
10      38             -0.003010406161270185              
14      37             -0.003010406161270185              
14      38             -0.003010406161270185              
19      37             -0.003010406161270185              
19      38             -0.003010406161270185              
20      37             -0.003010406161270185              
20      38             -0.003010406161270185              
22      37             -0.003010406161270185              
22      38             -0.003010406161270185              
25      37             -0.003010406161270185              
25      38             -0.003010406161270185              
26      37             -0.003010406161270185              
26      38             -0.003010406161270185              
29      37             -0.003010406161270185              
29      38             -0.003010406161270185              
30      37             -0.003010406161270185              
30      38             -0.003010406161270185              
31      37             -0.003010406161270185              
31      38             -0.003010406161270185              
36      37             -0.003010406161270185              
36      38             -0.003010406161270185              
1       37             -0.003010406226864982              
1       38             -0.003010406226864982              
4       37             -0.003010406226864982              
4       38             -0.003010406226864982              
2       6              -0.003010407292780702              
3       6              -0.003010407292780702              
5       6              -0.003010407292780702              
6       7              -0.0030104072927807056             
6       8              -0.0030104072927807056             
6       11             -0.0030104072927807056             
6       12             -0.0030104072927807056             
6       13             -0.0030104072927807056             
6       15             -0.0030104072927807056             
6       16             -0.0030104072927807056             
6       17             -0.0030104072927807056             
6       18             -0.0030104072927807056             
6       21             -0.0030104072927807056             
6       23             -0.0030104072927807056             
6       24             -0.0030104072927807056             
6       27             -0.0030104072927807056             
6       28             -0.0030104072927807056             
6       32             -0.0030104072927807056             
6       33             -0.0030104072927807056             
6       34             -0.0030104072927807056             
6       35             -0.0030104072927807056             
6       39             -0.0030104072927807056             
6       40             -0.0030104072927807056             
6       41             -0.0030104072927807056             
6       42             -0.0030104072927807056             
6       43             -0.0030104072927807056             
6       44             -0.0030104072927807056             
6       10             -0.003010407358375499              
6       14             -0.003010407358375499              
6       19             -0.003010407358375499              
6       20             -0.003010407358375499              
6       22             -0.003010407358375499              
6       25             -0.003010407358375499              
6       26             -0.003010407358375499              
6       29             -0.003010407358375499              
6       30             -0.003010407358375499              
6       31             -0.003010407358375499              
6       36             -0.003010407358375499              
2       9              -0.0030104074702579954             
3       9              -0.0030104074702579954             
5       9              -0.0030104074702579954             
7       9              -0.0030104074702579954             
8       9              -0.0030104074702579954             
9       11             -0.0030104074702579954             
9       12             -0.0030104074702579954             
9       13             -0.0030104074702579954             
9       15             -0.0030104074702579954             
9       16             -0.0030104074702579954             
9       17             -0.0030104074702579954             
9       18             -0.0030104074702579954             
9       21             -0.0030104074702579954             
9       23             -0.0030104074702579954             
9       24             -0.0030104074702579954             
9       27             -0.0030104074702579954             
9       28             -0.0030104074702579954             
9       32             -0.0030104074702579954             
9       33             -0.0030104074702579954             
9       34             -0.0030104074702579954             
9       35             -0.0030104074702579954             
9       39             -0.0030104074702579954             
9       40             -0.0030104074702579954             
9       41             -0.0030104074702579954             
9       42             -0.0030104074702579954             
9       43             -0.0030104074702579954             
9       44             -0.0030104074702579954             
9       10             -0.003010407535852789              
9       14             -0.003010407535852789              
9       19             -0.003010407535852789              
9       20             -0.003010407535852789              
9       22             -0.003010407535852789              
9       25             -0.003010407535852789              
9       26             -0.003010407535852789              
9       29             -0.003010407535852789              
9       30             -0.003010407535852789              
9       31             -0.003010407535852789              
9       36             -0.003010407535852789              
2       37             -0.003010407958320537              
2       38             -0.003010407958320537              
3       37             -0.003010407958320537              
3       38             -0.003010407958320537              
5       37             -0.003010407958320537              
5       38             -0.003010407958320537              
7       37             -0.003010407958320537              
7       38             -0.003010407958320537              
8       37             -0.003010407958320537              
8       38             -0.003010407958320537              
11      37             -0.003010407958320537              
11      38             -0.003010407958320537              
12      37             -0.003010407958320537              
12      38             -0.003010407958320537              
13      37             -0.003010407958320537              
13      38             -0.003010407958320537              
15      37             -0.003010407958320537              
15      38             -0.003010407958320537              
16      37             -0.003010407958320537              
16      38             -0.003010407958320537              
17      37             -0.003010407958320537              
17      38             -0.003010407958320537              
18      37             -0.003010407958320537              
18      38             -0.003010407958320537              
21      37             -0.003010407958320537              
21      38             -0.003010407958320537              
23      37             -0.003010407958320537              
23      38             -0.003010407958320537              
24      37             -0.003010407958320537              
24      38             -0.003010407958320537              
27      37             -0.003010407958320537              
27      38             -0.003010407958320537              
28      37             -0.003010407958320537              
28      38             -0.003010407958320537              
32      37             -0.003010407958320537              
32      38             -0.003010407958320537              
33      37             -0.003010407958320537              
33      38             -0.003010407958320537              
34      37             -0.003010407958320537              
34      38             -0.003010407958320537              
35      37             -0.003010407958320537              
35      38             -0.003010407958320537              
37      39             -0.0030104079583205406             
37      40             -0.0030104079583205406             
37      41             -0.0030104079583205406             
37      42             -0.0030104079583205406             
37      43             -0.0030104079583205406             
37      44             -0.0030104079583205406             
38      39             -0.0030104079583205406             
38      40             -0.0030104079583205406             
38      41             -0.0030104079583205406             
38      42             -0.0030104079583205406             
38      43             -0.0030104079583205406             
38      44             -0.0030104079583205406             
