#======================================================================
# PARAMETERS USED FOR THIS COMPUTATION: 
#	Sequence type: RNA
#	Total number of sequences in alignment data: 9
#	Length of sequences in alignment data: 48
#	Value of sequence identity: 0.8
#	lambda_h: 9.4
#	lambda_J: 9.4
#	Number of gradient decent iterations: 500
# The First and Second columns represent sites and the
# Third column is PLMDCA Frobenius norm, average product corrected (APC) DCA score
#======================================================================
1       48             0.027897224420309334               
32      48             0.02686228727312058                
1       32             0.02603524382318749                
15      47             0.02581009061353006                
47      48             0.025400999212852757               
15      32             0.02382634313073015                
2       47             0.022846077610457337               
1       47             0.021981798975772585               
15      48             0.02159932755449271                
32      47             0.02109087513561292                
5       7              0.020821471647247312               
7       11             0.020821471473196643               
7       22             0.02082147060294328                
7       26             0.02082147042889261                
26      36             0.020821469558639227               
22      42             0.020821469384588544               
26      42             0.020821469210537874               
36      38             0.020821469123512536               
22      26             0.020821468862436507               
38      42             0.020821468775411182               
10      11             0.02082146834028451                
10      37             0.0208214682097465                 
10      36             0.020821468166233828               
10      42             0.02082146781813246                
10      12             0.020821467470031094               
10      22             0.020821467470031094               
10      44             0.020821467426518428               
10      26             0.02082146729598041                
10      38             0.020821466860853705               
7       37             0.02082146389207805                
7       36             0.020821463848565376               
5       11             0.02082146350046403                
7       42             0.02082146350046403                
5       37             0.020821463369926026               
5       36             0.020821463326413353               
11      37             0.02082146319587535                
7       12             0.020821463152362683               
11      36             0.020821463152362676               
7       44             0.020821463108850025               
36      37             0.020821463021824672               
5       42             0.020821462978312007               
11      42             0.02082146280426133                
37      42             0.02082146267372332                
5       12             0.020821462630210653               
5       22             0.020821462630210653               
36      42             0.020821462630210646               
5       44             0.020821462586697995               
7       38             0.020821462543185343               
5       26             0.020821462456159984               
11      12             0.020821462456159977               
11      22             0.020821462456159977               
11      44             0.020821462412647318               
12      37             0.020821462325621973               
22      37             0.020821462325621973               
11      26             0.020821462282109307               
37      44             0.020821462282109307               
12      36             0.0208214622821093                 
22      36             0.0208214622821093                 
36      44             0.020821462238596634               
26      37             0.020821462151571303               
5       38             0.020821462021033306               
12      42             0.020821461934007947               
42      44             0.02082146189049528                
11      38             0.020821461846982622               
37      38             0.02082146171644461                
7       10             0.02082146158590665                
12      22             0.020821461585906587               
12      44             0.020821461542393928               
22      44             0.020821461542393928               
12      26             0.02082146141185591                
26      44             0.02082146136834325                
5       10             0.020821461063754605               
12      38             0.02082146097672922                
22      38             0.02082146097672922                
38      44             0.02082146093321656                
26      38             0.02082146080267855                
2       15             0.02066763470793854                
1       15             0.02024994797251211                
15      38             0.020041567973486656               
7       15             0.0200415625366566                 
5       15             0.020041562053356478               
11      15             0.020041561892256428               
15      37             0.020041561771431397               
15      36             0.020041561731156385               
15      42             0.0200415614089563                 
12      15             0.020041561086756213               
15      22             0.020041561086756206               
15      44             0.0200415610464812                 
15      26             0.020041560925656163               
10      15             0.020041559636855825               
2       7              0.020007110935093803               
2       5              0.020007110512636365               
2       11             0.020007110371817217               
2       37             0.02000711026620286                
2       36             0.02000711023099807                
2       42             0.020007109949359773               
2       12             0.02000710966772147                
2       22             0.02000710966772147                
2       44             0.020007109632516694               
2       26             0.02000710952690233                
2       38             0.02000710917485446                
2       10             0.020007108400349152               
12      47             0.018831151764209596               
44      47             0.018831151725745295               
7       47             0.018831149423634168               
5       47             0.018831148962062547               
11      47             0.018831148808205335               
37      47             0.01883114869281243                
36      47             0.018831148654348123               
42      47             0.018831148346633714               
22      47             0.018831148038919297               
26      47             0.018831147885062093               
38      47             0.018831147500419074               
10      47             0.018831146654204427               
1       2              0.018490666872535286               
2       48             0.01618409125271248                
2       32             0.013814337560591292               
2       6              0.013645934299002613               
7       32             0.013012928046045417               
5       32             0.013012927542920931               
11      32             0.013012927375212771               
32      36             0.013012927207504611               
32      42             0.013012926872088285               
22      32             0.013012926536671958               
26      32             0.013012926368963805               
10      32             0.013012925027298512               
32      37             0.013012923524141351               
12      32             0.01301292281138166                
32      44             0.013012922769454628               
32      38             0.013012922224403103               
6       39             0.012282695161778514               
7       48             0.011634655085978315               
5       48             0.011634654605700748               
11      48             0.011634654445608225               
37      48             0.011634654325538833               
42      48             0.011634653965330657               
12      48             0.011634653645145612               
22      48             0.011634653645145612               
44      48             0.011634653605122489               
26      48             0.011634653485053097               
38      48             0.01163465308482179                
10      48             0.011634652204312916               
36      48             0.011634650560225404               
1       7              0.01143514347828195                
1       5              0.01143514306451475                
1       11             0.01143514292659234                
1       37             0.011435142823150543               
1       36             0.011435142788669944               
1       42             0.011435142512825132               
1       12             0.011435142236980327               
1       22             0.011435142236980327               
1       44             0.011435142202499728               
1       26             0.011435142099057924               
1       38             0.01143514175425192                
1       10             0.011435140995678703               
6       35             0.010197265148993728               
35      39             0.009773871641081818               
6       7              0.009723976433230662               
6       11             0.00972397580664397                
6       37             0.009723975689158969               
6       42             0.009723975336703952               
6       12             0.009723975023410603               
6       22             0.009723975023410603               
6       44             0.009723974984248943               
6       26             0.009723974866763928               
6       38             0.009723974475147251               
6       10             0.00972397361359055                
5       6              0.009723972238000346               
6       36             0.009723971924707003               
18      19             0.00944442561646991                
18      20             0.00944442561646991                
19      20             0.00944442561646991                
18      24             0.009444425497823691               
19      24             0.009444425497823691               
20      24             0.009444425497823691               
18      27             0.009444425458274952               
19      27             0.009444425458274952               
20      27             0.009444425458274952               
18      23             0.00944442541872622                
19      23             0.00944442541872622                
20      23             0.00944442541872622                
18      40             0.009444425339628741               
18      45             0.009444425339628741               
19      40             0.009444425339628741               
19      45             0.009444425339628741               
20      40             0.009444425339628741               
20      45             0.009444425339628741               
24      27             0.009444425339628741               
23      24             0.009444425300080009               
18      30             0.009444425260531263               
18      33             0.009444425260531263               
19      30             0.009444425260531263               
19      33             0.009444425260531263               
20      30             0.009444425260531263               
20      33             0.009444425260531263               
23      27             0.009444425260531263               
18      31             0.009444425220982523               
18      34             0.009444425220982523               
19      31             0.009444425220982523               
19      34             0.009444425220982523               
20      31             0.009444425220982523               
20      34             0.009444425220982523               
24      40             0.009444425220982523               
24      45             0.009444425220982523               
27      40             0.009444425181433784               
27      45             0.009444425181433784               
23      40             0.009444425141885052               
23      45             0.009444425141885052               
24      30             0.009444425141885052               
24      33             0.009444425141885052               
24      31             0.009444425102336312               
24      34             0.009444425102336312               
27      30             0.009444425102336312               
27      33             0.009444425102336312               
23      30             0.009444425062787573               
23      33             0.009444425062787573               
27      31             0.009444425062787573               
27      34             0.009444425062787573               
40      45             0.009444425062787573               
23      31             0.009444425023238834               
23      34             0.009444425023238834               
30      40             0.009444424983690095               
30      45             0.009444424983690095               
33      40             0.009444424983690095               
33      45             0.009444424983690095               
31      40             0.009444424944141355               
31      45             0.009444424944141355               
34      40             0.009444424944141355               
34      45             0.009444424944141355               
30      33             0.009444424904592623               
30      31             0.009444424865043884               
30      34             0.009444424865043884               
31      33             0.009444424865043884               
33      34             0.009444424865043884               
31      34             0.009444424825495137               
4       27             0.009444423591775344               
4       40             0.00944442347312914                
4       45             0.00944442347312914                
4       30             0.009444423394031669               
4       33             0.009444423394031669               
4       31             0.00944442335448293                
4       34             0.00944442335448293                
43      45             0.009444420934300986               
25      27             0.00944442073655729                
21      24             0.00944442069700855                
29      40             0.009444420657459825               
29      45             0.009444420657459825               
21      27             0.00944442065745981                
8       18             0.009444420657459804               
8       19             0.009444420657459804               
8       20             0.009444420657459804               
9       18             0.009444420657459804               
9       19             0.009444420657459804               
9       20             0.009444420657459804               
14      18             0.009444420657459804               
14      19             0.009444420657459804               
14      20             0.009444420657459804               
16      18             0.009444420657459804               
16      19             0.009444420657459804               
16      20             0.009444420657459804               
17      18             0.009444420657459804               
17      19             0.009444420657459804               
17      20             0.009444420657459804               
21      23             0.009444420617911078               
25      40             0.009444420617911078               
25      45             0.009444420617911078               
28      40             0.009444420617911078               
28      45             0.009444420617911078               
13      18             0.009444420617911065               
13      19             0.009444420617911065               
13      20             0.009444420617911065               
29      30             0.009444420578362353               
29      33             0.009444420578362353               
25      30             0.009444420538813614               
25      33             0.009444420538813614               
28      30             0.009444420538813614               
28      33             0.009444420538813614               
29      31             0.009444420538813614               
29      34             0.009444420538813614               
21      40             0.009444420538813607               
21      45             0.009444420538813607               
8       24             0.009444420538813593               
9       24             0.009444420538813593               
14      24             0.009444420538813593               
16      24             0.009444420538813593               
17      24             0.009444420538813593               
25      31             0.009444420499264874               
25      34             0.009444420499264874               
28      31             0.009444420499264874               
28      34             0.009444420499264874               
8       27             0.00944442049926486                
9       27             0.00944442049926486                
14      27             0.00944442049926486                
16      27             0.00944442049926486                
17      27             0.00944442049926486                
13      24             0.009444420499264854               
21      30             0.009444420459716135               
21      33             0.009444420459716135               
8       23             0.009444420459716128               
9       23             0.009444420459716128               
14      23             0.009444420459716128               
16      23             0.009444420459716128               
17      23             0.009444420459716128               
13      27             0.009444420459716121               
21      31             0.009444420420167403               
21      34             0.009444420420167403               
13      23             0.009444420420167389               
8       40             0.00944442038061865                
8       45             0.00944442038061865                
9       40             0.00944442038061865                
9       45             0.00944442038061865                
14      40             0.00944442038061865                
14      45             0.00944442038061865                
16      40             0.00944442038061865                
16      45             0.00944442038061865                
17      40             0.00944442038061865                
17      45             0.00944442038061865                
13      40             0.00944442034106991                
13      45             0.00944442034106991                
8       30             0.009444420301521185               
8       33             0.009444420301521185               
9       30             0.009444420301521185               
9       33             0.009444420301521185               
14      30             0.009444420301521185               
14      33             0.009444420301521185               
16      30             0.009444420301521185               
16      33             0.009444420301521185               
17      30             0.009444420301521185               
17      33             0.009444420301521185               
8       31             0.009444420261972446               
8       34             0.009444420261972446               
9       31             0.009444420261972446               
9       34             0.009444420261972446               
14      31             0.009444420261972446               
14      34             0.009444420261972446               
16      31             0.009444420261972446               
16      34             0.009444420261972446               
17      31             0.009444420261972446               
17      34             0.009444420261972446               
13      30             0.009444420261972439               
13      33             0.009444420261972439               
29      43             0.009444420254263279               
13      31             0.009444420222423706               
13      34             0.009444420222423706               
25      43             0.00944442021471454                
28      43             0.00944442021471454                
21      43             0.009444420135617075               
4       18             0.009444420024679996               
4       19             0.009444420024679996               
4       20             0.009444420024679996               
8       43             0.009444419977422132               
9       43             0.009444419977422132               
14      43             0.009444419977422132               
16      43             0.009444419977422132               
17      43             0.009444419977422132               
25      29             0.009444419937873406               
28      29             0.009444419937873406               
13      43             0.0094444199378734                 
4       24             0.009444419906033785               
25      28             0.00944441989832466                
21      29             0.009444419858775935               
4       23             0.009444419826936314               
21      25             0.009444419819227196               
21      28             0.009444419819227196               
18      46             0.009444419700581165               
19      46             0.009444419700581165               
20      46             0.009444419700581165               
8       29             0.009444419700580992               
9       29             0.009444419700580992               
14      29             0.009444419700580992               
16      29             0.009444419700580992               
17      29             0.009444419700580992               
8       25             0.009444419661032252               
8       28             0.009444419661032252               
9       25             0.009444419661032252               
9       28             0.009444419661032252               
13      29             0.009444419661032252               
14      25             0.009444419661032252               
14      28             0.009444419661032252               
16      25             0.009444419661032252               
16      28             0.009444419661032252               
17      25             0.009444419661032252               
17      28             0.009444419661032252               
13      25             0.009444419621483513               
13      28             0.009444419621483513               
24      46             0.009444419581934961               
8       21             0.009444419581934788               
9       21             0.009444419581934788               
14      21             0.009444419581934788               
16      21             0.009444419581934788               
17      21             0.009444419581934788               
27      46             0.009444419542386229               
13      21             0.009444419542386048               
23      46             0.009444419502837503               
40      46             0.009444419423740032               
45      46             0.009444419423740032               
8       9              0.009444419423739844               
8       14             0.009444419423739844               
8       16             0.009444419423739844               
8       17             0.009444419423739844               
9       14             0.009444419423739844               
9       16             0.009444419423739844               
9       17             0.009444419423739844               
14      16             0.009444419423739844               
14      17             0.009444419423739844               
16      17             0.009444419423739844               
13      14             0.009444419384191105               
13      16             0.009444419384191105               
13      17             0.009444419384191105               
8       13             0.009444419384191098               
9       13             0.009444419384191098               
30      46             0.009444419344642567               
33      46             0.009444419344642567               
4       43             0.009444419344642373               
31      46             0.009444419305093835               
34      46             0.009444419305093835               
4       29             0.009444419067801225               
4       25             0.009444419028252486               
4       28             0.009444419028252486               
4       21             0.009444418949155022               
4       8              0.009444418790960071               
4       9              0.009444418790960071               
4       14             0.009444418790960071               
4       16             0.009444418790960071               
4       17             0.009444418790960071               
4       13             0.009444418751411332               
18      43             0.009444417485851835               
19      43             0.009444417485851835               
20      43             0.009444417485851835               
24      43             0.009444417367205624               
27      43             0.009444417327656891               
23      43             0.009444417288108159               
40      43             0.009444417209010687               
18      29             0.009444417209010673               
19      29             0.009444417209010673               
20      29             0.009444417209010673               
18      25             0.009444417169461927               
18      28             0.009444417169461927               
19      25             0.009444417169461927               
19      28             0.009444417169461927               
20      25             0.009444417169461927               
20      28             0.009444417169461927               
30      43             0.009444417129913216               
33      43             0.009444417129913216               
31      43             0.009444417090364483               
34      43             0.009444417090364483               
24      29             0.00944441709036447                
18      21             0.009444417090364456               
19      21             0.009444417090364456               
20      21             0.009444417090364456               
27      29             0.00944441705081573                
24      25             0.009444417050815723               
24      28             0.009444417050815723               
23      29             0.009444417011266998               
27      28             0.009444417011266984               
23      25             0.009444416971718259               
23      28             0.009444416971718259               
43      46             0.009444415295252986               
29      46             0.00944441501841186                
25      46             0.009444414978863128               
28      46             0.009444414978863128               
21      46             0.009444414899765663               
8       46             0.009444414741570727               
9       46             0.009444414741570727               
14      46             0.009444414741570727               
16      46             0.009444414741570727               
17      46             0.009444414741570727               
13      46             0.009444414702021994               
4       46             0.009444414108791002               
6       15             0.008751449461591239               
35      41             0.008463312611886455               
3       39             0.008281448263027038               
3       46             0.0069788361535352145              
3       18             0.00697883114965369                
3       19             0.00697883114965369                
3       20             0.00697883114965369                
3       24             0.006978831036784185               
3       27             0.006978830999161016               
3       23             0.006978830961537848               
3       40             0.006978830886291504               
3       45             0.006978830886291504               
3       30             0.006978830811045167               
3       33             0.006978830811045167               
3       31             0.006978830773421998               
3       34             0.006978830773421998               
3       43             0.006978830321347426               
3       29             0.006978830057985247               
3       25             0.0069788300203620715              
3       28             0.0069788300203620715              
3       21             0.0069788299451157415              
3       8              0.006978829794623061               
3       9              0.006978829794623061               
3       14             0.006978829794623061               
3       16             0.006978829794623061               
3       17             0.006978829794623061               
3       13             0.006978829756999885               
3       4              0.006978829192652351               
6       47             0.006912696476643616               
22      39             0.005855785739342145               
26      39             0.005855785633071542               
10      39             0.00585578478290669                
7       39             0.0058557829704873054              
5       39             0.005855782651675488               
11      39             0.005855782545404881               
36      39             0.005855782439134274               
12      39             0.005855782014051847               
39      44             0.0058557819874841995              
38      39             0.005855781642104728               
37      39             0.005855778740411627               
39      42             0.005855778501302762               
1       41             0.004851978296781023               
41      46             0.0046749767249873175              
41      43             0.004674970972127254               
29      41             0.004674970718681032               
25      41             0.004674970682474432               
28      41             0.004674970682474432               
21      41             0.004674970610061224               
8       41             0.0046749704652348095              
9       41             0.0046749704652348095              
14      41             0.0046749704652348095              
16      41             0.0046749704652348095              
17      41             0.0046749704652348095              
13      41             0.004674970429028209               
4       41             0.004674969885929164               
18      41             0.004674968184218829               
19      41             0.004674968184218829               
20      41             0.004674968184218829               
24      41             0.004674968075599022               
27      41             0.0046749680393924145              
23      41             0.004674968003185814               
30      41             0.0046749678583593995              
33      41             0.0046749678583593995              
31      41             0.004674967822152799               
34      41             0.004674967822152799               
40      41             0.0046749642054823085              
41      45             0.0046749642054823085              
15      35             0.004671526638220683               
6       41             0.004174215798328877               
1       39             0.00402211629701273                
1       6              0.003648517393646661               
1       3              0.0034315207933326153              
7       35             0.003032580611071003               
5       35             0.003032580353413139               
11      35             0.0030325802675271844              
35      37             0.003032580203112721               
35      36             0.00303258018164123                
35      42             0.0030325800098693206              
12      35             0.003032579838097415               
22      35             0.003032579838097415               
35      44             0.003032579816625927               
26      35             0.0030325797522114638              
35      38             0.0030325795374965756              
10      35             0.0030325790651238305              
32      35             0.0030103119903499183              
15      39             0.002274976513931354               
2       39             0.0011794257781641386              
35      47             0.001174715731781701               
1       35             0.0009699622946944125              
3       41             0.0008298372236550389              
2       35             0.0001744904741248221              
6       32             -0.0003527657560757208             
41      48             -0.00039363996538568924            
39      47             -0.0005350679058264418             
35      48             -0.0006611664512103203             
3       35             -0.0011184337060658328             
32      39             -0.0013419162490145332             
6       48             -0.0027717569574722475             
32      41             -0.0029076586779574684             
35      46             -0.003320600958974372              
35      43             -0.003320602161377733              
18      35             -0.0033206038146823443             
20      35             -0.0033206038146823443             
24      35             -0.0033206038790968076             
27      35             -0.003320603900568299              
23      35             -0.003320603922039783              
35      45             -0.0033206039649827657             
33      35             -0.0033206040079257412             
31      35             -0.003320604029397229              
34      35             -0.003320604029397229              
29      35             -0.0033206041743232967             
25      35             -0.0033206041957947845             
28      35             -0.0033206041957947845             
21      35             -0.00332060423873776               
8       35             -0.003320604324623718              
9       35             -0.003320604324623718              
14      35             -0.003320604324623718              
16      35             -0.003320604324623718              
17      35             -0.003320604324623718              
13      35             -0.003320604346095206              
4       35             -0.003320604668167533              
35      40             -0.003320605827627915              
30      35             -0.0033206058705708905             
19      35             -0.0033206075399726427             
39      46             -0.0040342558663377                
39      43             -0.004034257354126193              
29      39             -0.0040342575400997525             
25      39             -0.004034257566667407              
28      39             -0.004034257566667407              
21      39             -0.004034257619802709              
8       39             -0.0040342577260733155             
9       39             -0.0040342577260733155             
14      39             -0.0040342577260733155             
16      39             -0.0040342577260733155             
17      39             -0.0040342577260733155             
13      39             -0.00403425775264097               
4       39             -0.004034258151155743              
18      39             -0.0040342631251256665             
19      39             -0.0040342631251256665             
20      39             -0.0040342631251256665             
24      39             -0.004034263204828619              
27      39             -0.004034263231396273              
23      39             -0.004034263257963921              
39      40             -0.004034263311099226              
39      45             -0.004034263311099226              
30      39             -0.004034263364234528              
33      39             -0.004034263364234528              
31      39             -0.004034263390802182              
34      39             -0.004034263390802182              
2       41             -0.004378932912187779              
39      48             -0.004628655759883665              
41      47             -0.005198302674048999              
3       48             -0.005838257322970088              
6       46             -0.006630583244674193              
6       18             -0.00663058845317608               
6       19             -0.00663058845317608               
6       20             -0.00663058845317608               
6       24             -0.006630588570661088              
6       27             -0.0066305886098227546             
6       23             -0.0066305886489844215             
6       40             -0.006630588727307762              
6       30             -0.006630588805631096              
6       33             -0.006630588805631096              
6       31             -0.00663058884479277               
6       34             -0.00663058884479277               
6       43             -0.006630589163017925              
6       29             -0.0066305894371495935             
6       25             -0.0066305894763112674             
6       28             -0.0066305894763112674             
6       21             -0.006630589554634601              
6       8              -0.006630589711281276              
6       9              -0.006630589711281276              
6       14             -0.006630589711281276              
6       16             -0.006630589711281276              
6       17             -0.006630589711281276              
6       13             -0.00663058975044295               
4       6              -0.006630590337867968              
6       45             -0.006630592452598061              
2       3              -0.00691928248708755               
3       32             -0.007186412999259713              
3       6              -0.007880862958240274              
15      41             -0.008007431887481736              
5       41             -0.008990214890648301              
36      41             -0.008990215180301124              
41      42             -0.008990215469953947              
11      41             -0.008990218760765008              
37      41             -0.008990218869384822              
12      41             -0.008990219484897075              
22      41             -0.008990219484897075              
41      44             -0.008990219521103668              
26      41             -0.008990219629723482              
38      41             -0.008990219991789512              
10      41             -0.008990220788334773              
7       41             -0.008990221906749661              
39      41             -0.009594554731302309              
46      48             -0.009714587950690766              
43      48             -0.009714590191986082              
29      48             -0.009714590472147996              
25      48             -0.009714590512171127              
28      48             -0.009714590512171127              
21      48             -0.009714590592217381              
8       48             -0.009714590752309911              
9       48             -0.009714590752309911              
14      48             -0.009714590752309911              
16      48             -0.009714590752309911              
17      48             -0.009714590752309911              
13      48             -0.009714590792333042              
4       48             -0.00971459325532515               
18      48             -0.009714593273767134              
19      48             -0.009714593273767134              
20      48             -0.009714593273767134              
24      48             -0.009714593393836526              
27      48             -0.009714593433859657              
23      48             -0.00971459347388278               
40      48             -0.009714593553929049              
45      48             -0.009714593553929049              
30      48             -0.00971459363397531               
33      48             -0.00971459363397531               
31      48             -0.009714593673998441              
34      48             -0.009714593673998441              
32      43             -0.010261769966186558              
32      46             -0.010261771343562591              
19      32             -0.010261773194568655              
23      32             -0.010261773404203853              
32      40             -0.010261773488057943              
32      45             -0.010261773488057943              
30      32             -0.01026177357191202               
32      33             -0.01026177357191202               
31      32             -0.010261773613839058              
32      34             -0.010261773613839058              
29      32             -0.010261773984966131              
25      32             -0.010261774026893176              
28      32             -0.010261774026893176              
21      32             -0.010261774110747253              
8       32             -0.010261774278455413              
9       32             -0.010261774278455413              
14      32             -0.010261774278455413              
16      32             -0.010261774278455413              
17      32             -0.010261774278455413              
13      32             -0.010261774320382458              
4       32             -0.01026177494928806               
18      32             -0.010261776919858953              
20      32             -0.010261776919858953              
24      32             -0.010261777045640075              
27      32             -0.01026177708756712               
3       47             -0.010426207646557377              
1       24             -0.010933624557585717              
1       27             -0.010933624592066322              
1       23             -0.010933624626546921              
1       40             -0.010933624695508126              
1       30             -0.010933624764469324              
1       33             -0.010933624764469324              
1       31             -0.010933624798949923              
1       34             -0.010933624798949923              
1       18             -0.010933626316789069              
1       19             -0.010933626316789069              
1       20             -0.010933626316789069              
1       45             -0.010933626558153275              
1       46             -0.010933627318804616              
1       43             -0.010933627387073111              
1       29             -0.01093362762843731               
1       25             -0.010933627662917916              
1       28             -0.010933627662917916              
1       21             -0.010933627731879114              
1       13             -0.010933627904282123              
1       8              -0.010933629732446666              
1       9              -0.010933629732446666              
1       14             -0.010933629732446666              
1       16             -0.010933629732446666              
1       17             -0.010933629732446666              
1       4              -0.010933630284136277              
3       36             -0.011476785700714406              
3       42             -0.011476786001699761              
3       26             -0.011476786453177797              
3       38             -0.011476786829409488              
3       37             -0.01147678752573638               
3       44             -0.011476788202953433              
3       7              -0.011476788673541322              
3       5              -0.011476789125019343              
3       11             -0.011476789275512031              
3       12             -0.011476790027975421              
3       22             -0.011476790027975421              
3       10             -0.011476791382409507              
3       15             -0.01185368243172484               
42      46             -0.012713017490233076              
22      46             -0.012713017806622942              
26      46             -0.012713017964817865              
38      46             -0.012713018360305195              
10      46             -0.012713019230377313              
5       43             -0.012713019294162783              
11      43             -0.012713019452357727              
37      43             -0.01271301957100393               
5       29             -0.012713019598751457              
36      43             -0.01271301961055267               
5       25             -0.01271301964226413               
5       28             -0.01271301964226413               
5       21             -0.012713019729289461              
11      29             -0.0127130197569464                
11      25             -0.012713019800459073              
11      28             -0.012713019800459073              
29      37             -0.012713019875592604              
11      21             -0.012713019887484404              
5       8              -0.012713019903340138              
5       9              -0.012713019903340138              
5       14             -0.012713019903340138              
5       16             -0.012713019903340138              
5       17             -0.012713019903340138              
29      36             -0.012713019915141337              
25      37             -0.01271301991910527               
28      37             -0.01271301991910527               
42      43             -0.012713019926942543              
5       13             -0.01271301994685281               
25      36             -0.01271301995865401               
28      36             -0.01271301995865401               
21      37             -0.012713020006130608              
21      36             -0.01271302004567934               
8       11             -0.012713020061535081              
9       11             -0.012713020061535081              
11      14             -0.012713020061535081              
11      16             -0.012713020061535081              
11      17             -0.012713020061535081              
11      13             -0.012713020105047754              
7       46             -0.012713020108158855              
4       7              -0.012713020124958                 
8       37             -0.012713020180181285              
9       37             -0.012713020180181285              
14      37             -0.012713020180181285              
16      37             -0.012713020180181285              
17      37             -0.012713020180181285              
8       36             -0.012713020219730017              
9       36             -0.012713020219730017              
14      36             -0.012713020219730017              
16      36             -0.012713020219730017              
17      36             -0.012713020219730017              
13      37             -0.012713020223693958              
29      42             -0.012713020231531223              
12      43             -0.012713020243332429              
22      43             -0.012713020243332429              
13      36             -0.01271302026324269               
25      42             -0.012713020275043896              
28      42             -0.012713020275043896              
43      44             -0.012713020282881154              
21      42             -0.012713020362069227              
26      43             -0.012713020401527358              
8       42             -0.01271302053611991               
9       42             -0.01271302053611991               
14      42             -0.01271302053611991               
16      42             -0.01271302053611991               
17      42             -0.01271302053611991               
12      29             -0.012713020547921103              
22      29             -0.012713020547921103              
13      42             -0.012713020579632577              
5       46             -0.01271302058274365               
29      44             -0.012713020587469835              
12      25             -0.012713020591433782              
12      28             -0.012713020591433782              
22      25             -0.012713020591433782              
22      28             -0.012713020591433782              
4       5              -0.01271302059954283               
25      44             -0.012713020630982508              
28      44             -0.012713020630982508              
12      21             -0.012713020678459114              
26      29             -0.012713020706116039              
21      44             -0.012713020718007846              
11      46             -0.01271302074093858               
26      28             -0.012713020749628719              
4       11             -0.01271302075773778               
38      43             -0.01271302079701471               
12      14             -0.01271302085250979               
12      16             -0.01271302085250979               
12      17             -0.01271302085250979               
8       12             -0.012713020852509797              
9       12             -0.012713020852509797              
37      46             -0.012713020859584777              
4       37             -0.012713020876383985              
8       44             -0.012713020892058523              
9       44             -0.012713020892058523              
14      44             -0.012713020892058523              
16      44             -0.012713020892058523              
17      44             -0.012713020892058523              
12      13             -0.01271302089602247               
36      46             -0.012713020899133516              
4       36             -0.012713020915932724              
13      44             -0.012713020935571195              
29      38             -0.012713021101603397              
25      38             -0.01271302114511607               
28      38             -0.01271302114511607               
21      38             -0.012713021232141408              
4       42             -0.01271302123232261               
8       38             -0.012713021406192085              
9       38             -0.012713021406192085              
14      38             -0.012713021406192085              
16      38             -0.012713021406192085              
17      38             -0.012713021406192085              
13      38             -0.012713021449704758              
12      46             -0.01271302153191324               
4       12             -0.012713021548712504              
44      46             -0.012713021571461966              
4       44             -0.012713021588261236              
10      43             -0.012713021667086884              
10      29             -0.012713021971675571              
10      25             -0.012713022015188244              
10      28             -0.012713022015188244              
10      21             -0.012713022102213582              
4       38             -0.012713022102394805              
8       10             -0.012713022276264266              
9       10             -0.012713022276264266              
10      14             -0.012713022276264266              
10      16             -0.012713022276264266              
10      17             -0.012713022276264266              
10      13             -0.012713022319776945              
7       43             -0.012713022544868266              
7       29             -0.012713022849456933              
7       25             -0.012713022892969605              
7       28             -0.012713022892969605              
18      37             -0.012713022921479411              
19      37             -0.012713022921479411              
20      37             -0.012713022921479411              
4       10             -0.012713022972467                 
7       21             -0.012713022979994937              
24      37             -0.012713023052017415              
23      37             -0.012713023139042746              
7       8              -0.012713023154045607              
7       9              -0.012713023154045607              
7       14             -0.012713023154045607              
7       16             -0.012713023154045607              
7       17             -0.012713023154045607              
7       13             -0.012713023197558286              
12      18             -0.012713023593807958              
12      19             -0.012713023593807958              
12      20             -0.012713023593807958              
18      22             -0.012713023593807965              
19      22             -0.012713023593807965              
20      22             -0.012713023593807965              
18      44             -0.01271302363335669               
19      44             -0.01271302363335669               
20      44             -0.01271302363335669               
12      24             -0.012713023724345969              
22      24             -0.012713023724345969              
18      26             -0.012713023752002915              
19      26             -0.012713023752002915              
20      26             -0.012713023752002915              
24      44             -0.012713023763894701              
12      27             -0.012713023767858642              
22      27             -0.012713023767858642              
27      44             -0.012713023807407374              
12      23             -0.012713023811371307              
22      23             -0.012713023811371307              
23      44             -0.01271302385092004               
24      26             -0.01271302388254092               
12      40             -0.012713023898396646              
12      45             -0.012713023898396646              
22      40             -0.012713023898396646              
22      45             -0.012713023898396646              
26      27             -0.012713023926053585              
40      44             -0.012713023937945378              
44      45             -0.012713023937945378              
23      26             -0.012713023969566258              
12      30             -0.012713023985421984              
12      33             -0.012713023985421984              
22      30             -0.012713023985421984              
22      33             -0.012713023985421984              
30      44             -0.012713024024970716              
33      44             -0.012713024024970716              
12      31             -0.012713024028934657              
12      34             -0.012713024028934657              
22      31             -0.012713024028934657              
22      34             -0.012713024028934657              
26      40             -0.012713024056591596              
26      45             -0.012713024056591596              
31      44             -0.012713024068483389              
34      44             -0.012713024068483389              
26      30             -0.012713024143616934              
26      33             -0.012713024143616934              
18      38             -0.012713024147490287              
19      38             -0.012713024147490287              
20      38             -0.012713024147490287              
26      31             -0.012713024187129607              
26      34             -0.012713024187129607              
24      38             -0.012713024278028298              
27      38             -0.01271302432154097               
23      38             -0.012713024365053636              
21      22             -0.012713024403749412              
38      40             -0.012713024452078982              
38      45             -0.012713024452078982              
25      26             -0.012713024474919017              
30      38             -0.01271302453910432               
33      38             -0.01271302453910432               
21      26             -0.012713024561944355              
8       22             -0.012713024577800096              
9       22             -0.012713024577800096              
14      22             -0.012713024577800096              
16      22             -0.012713024577800096              
17      22             -0.012713024577800096              
31      38             -0.012713024582616986              
34      38             -0.012713024582616986              
13      22             -0.012713024621312768              
8       26             -0.012713024735995032              
9       26             -0.012713024735995032              
14      26             -0.012713024735995032              
16      26             -0.012713024735995032              
17      26             -0.012713024735995032              
13      26             -0.012713024779507705              
10      18             -0.012713025017562524              
10      19             -0.012713025017562524              
10      20             -0.012713025017562524              
10      24             -0.012713025148100535              
10      27             -0.012713025191613207              
10      23             -0.012713025235125873              
4       22             -0.012713025274002802              
10      40             -0.012713025322151218              
10      45             -0.012713025322151218              
10      30             -0.012713025409176563              
10      33             -0.012713025409176563              
4       26             -0.012713025432197746              
10      31             -0.012713025452689236              
10      34             -0.012713025452689236              
7       18             -0.012713025895343691              
7       19             -0.012713025895343691              
7       20             -0.012713025895343691              
7       24             -0.012713026025881695              
7       27             -0.01271302606939436               
7       23             -0.012713026112907026              
7       40             -0.012713026199932365              
7       45             -0.012713026199932365              
7       30             -0.012713026286957703              
7       33             -0.012713026286957703              
7       31             -0.012713026330470369              
7       34             -0.012713026330470369              
5       18             -0.012713026369928541              
5       19             -0.012713026369928541              
5       20             -0.012713026369928541              
5       24             -0.012713026500466545              
11      18             -0.012713026528123499              
11      19             -0.012713026528123499              
11      20             -0.012713026528123499              
5       27             -0.012713026543979218              
5       23             -0.012713026587491884              
11      24             -0.012713026658661503              
5       40             -0.012713026674517222              
5       45             -0.012713026674517222              
18      36             -0.012713026686318449              
19      36             -0.012713026686318449              
20      36             -0.012713026686318449              
11      27             -0.012713026702174175              
11      23             -0.012713026745686841              
5       30             -0.01271302676154256               
5       33             -0.01271302676154256               
5       31             -0.012713026805055226              
5       34             -0.012713026805055226              
24      36             -0.012713026816856453              
27      37             -0.012713026820820386              
11      40             -0.01271302683271218               
11      45             -0.01271302683271218               
27      36             -0.012713026860369125              
23      36             -0.012713026903881791              
11      30             -0.012713026919737518              
11      33             -0.012713026919737518              
37      40             -0.01271302695135839               
37      45             -0.01271302695135839               
11      31             -0.012713026963250183              
11      34             -0.012713026963250183              
36      40             -0.012713026990907136              
36      45             -0.012713026990907136              
18      42             -0.012713027002708356              
19      42             -0.012713027002708356              
20      42             -0.012713027002708356              
30      37             -0.012713027038383722              
33      37             -0.012713027038383722              
30      36             -0.012713027077932468              
33      36             -0.012713027077932468              
31      37             -0.012713027081896394              
34      37             -0.012713027081896394              
31      36             -0.012713027121445133              
34      36             -0.012713027121445133              
24      42             -0.01271302713324636               
27      42             -0.012713027176759033              
23      42             -0.012713027220271698              
40      42             -0.012713027307297037              
42      45             -0.012713027307297037              
30      42             -0.012713027394322375              
33      42             -0.012713027394322375              
31      42             -0.012713027437835048              
34      42             -0.012713027437835048              
46      47             -0.013447135297253901              
43      47             -0.013447137451254816              
29      47             -0.013447137720504924              
25      47             -0.013447137758969226              
28      47             -0.013447137758969226              
21      47             -0.013447137835897828              
8       47             -0.01344713798975504               
9       47             -0.01344713798975504               
14      47             -0.01344713798975504               
16      47             -0.01344713798975504               
17      47             -0.01344713798975504               
13      47             -0.013447138028219341              
4       47             -0.013447138605183873              
18      47             -0.013447142275651212              
19      47             -0.013447142275651212              
20      47             -0.013447142275651212              
24      47             -0.013447142391044116              
23      47             -0.013447142467972718              
27      47             -0.013447144292153573              
40      47             -0.013447144407546477              
45      47             -0.013447144407546477              
30      47             -0.01344714448447508               
33      47             -0.01344714448447508               
31      47             -0.01344714452293938               
34      47             -0.01344714452293938               
2       46             -0.013590929110525507              
2       4              -0.013590930275492033              
2       25             -0.013590931363631875              
2       28             -0.013590931363631875              
2       21             -0.013590931434041442              
2       18             -0.013590931930117019              
2       19             -0.013590931930117019              
2       20             -0.013590931930117019              
2       24             -0.013590932035731376              
2       27             -0.013590932070936167              
2       23             -0.01359093210614095               
2       40             -0.013590932176550524              
2       45             -0.013590932176550524              
2       30             -0.013590932246960098              
2       33             -0.013590932246960098              
2       31             -0.013590932282164889              
2       34             -0.013590932282164889              
2       43             -0.013590932944638728              
2       29             -0.013590933191072227              
2       8              -0.01359093343750574               
2       9              -0.01359093343750574               
2       14             -0.01359093343750574               
2       16             -0.01359093343750574               
2       17             -0.01359093343750574               
2       13             -0.01359093347271053               
15      43             -0.013913019975426266              
15      29             -0.01391302025735134               
15      25             -0.013913020297626352              
15      28             -0.013913020297626352              
15      21             -0.01391302037817637               
8       15             -0.013913020539276413              
9       15             -0.013913020539276413              
14      15             -0.013913020539276413              
15      16             -0.013913020539276413              
15      17             -0.013913020539276413              
13      15             -0.013913020579551426              
15      46             -0.013913021445315955              
4       15             -0.013913023046321735              
15      18             -0.013913023076602096              
15      19             -0.013913023076602096              
15      20             -0.013913023076602096              
15      24             -0.013913023197427127              
15      27             -0.01391302323770214               
15      23             -0.013913023277977145              
15      40             -0.01391302335852717               
15      45             -0.01391302335852717               
15      30             -0.013913023439077195              
15      31             -0.013913023479352207              
15      34             -0.013913023479352207              
15      33             -0.013913025301722344              
