#======================================================================
# PARAMETERS USED FOR THIS COMPUTATION: 
#	Sequence type: RNA
#	Total number of sequences in alignment data: 7785
#	Length of sequences in alignment data: 44
#	Value of sequence identity: 0.8
#	lambda_h: 8.6
#	lambda_J: 8.6
#	Number of gradient decent iterations: 500
# The First and Second columns represent sites and the
# Third column is PLMDCA Frobenius norm, average product corrected (APC) DCA score
#======================================================================
27      32             0.15812790852727412                
7       18             0.11852557108376408                
22      36             0.1178032891506745                 
33      35             0.11087133365208923                
34      35             0.10033908169364814                
14      43             0.09942381985301921                
33      34             0.09809266785896983                
23      35             0.09450909648064636                
21      22             0.0940205901253715                 
37      38             0.09319555457132052                
24      25             0.08962584064057467                
1       18             0.08961187717424038                
2       12             0.08750704903882378                
3       35             0.08746579896596017                
27      36             0.08321358020591492                
13      44             0.08284733223180672                
13      42             0.08231266855950148                
4       10             0.08167877430951487                
28      32             0.08148711546463562                
3       34             0.07734023263956805                
23      28             0.0747243670462227                 
17      40             0.07394574216861692                
12      40             0.06993804801466957                
1       27             0.06985874690583307                
18      36             0.06979520493486477                
15      28             0.06776785412150772                
8       13             0.06706619386987209                
10      12             0.06573270549409396                
18      22             0.06554223873434298                
8       42             0.06509574953548675                
28      29             0.06495452205435037                
32      36             0.06450862111960272                
5       12             0.06413507745110841                
39      41             0.06361475945953667                
2       5              0.06287150771144358                
30      33             0.0597158429278719                 
1       36             0.05968947360829513                
2       40             0.058986755077411385               
5       9              0.05869056837406182                
9       12             0.058497832188529233               
5       10             0.058486076889459046               
28      43             0.05827773332275189                
4       5              0.0582132922495132                 
21      36             0.05745135450318167                
14      33             0.057385967999091014               
20      35             0.05725886113420635                
18      27             0.056320335352863696               
4       12             0.0549296780886573                 
2       10             0.054587235579196175               
38      42             0.05424650379674069                
14      38             0.05366505391870999                
9       10             0.05355447316852801                
2       4              0.0533966438698383                 
18      32             0.0529273725631791                 
1       32             0.05210783178347618                
12      17             0.051612796951271425               
15      36             0.05159104508025321                
30      34             0.051552531588491254               
21      37             0.051264662378848566               
40      41             0.0507100626190551                 
32      34             0.04982761096953707                
22      32             0.049484323380639364               
8       29             0.04928493712316847                
37      41             0.049278593295706                  
5       7              0.04924957930866741                
37      39             0.04917894957181809                
18      21             0.048447217058092004               
8       44             0.047636074553121216               
25      42             0.04738810865297559                
41      42             0.047020452331434204               
20      23             0.047007842391150814               
25      38             0.04700428575033583                
28      34             0.0468608410400026                 
11      31             0.046820671087054365               
7       12             0.04676710301839321                
5       6              0.046676684067898926               
13      29             0.0461687513649807                 
23      43             0.04611061204439446                
24      38             0.04594681109046181                
2       9              0.04582954628115585                
1       22             0.04504346511800139                
2       17             0.044731364141986696               
43      44             0.04344871823914672                
21      27             0.042973917988609306               
27      28             0.042332952382416314               
7       10             0.042302664553186535               
15      27             0.04183851928879426                
3       22             0.041615901921766674               
2       7              0.04150547737991407                
27      35             0.041110153390708115               
6       9              0.04109633844503409                
39      40             0.04076689497319079                
6       7              0.040717992185745365               
26      27             0.04067683394877748                
4       9              0.0404944064280077                 
5       17             0.04045918735432682                
25      29             0.040149377493872485               
34      37             0.03973679397997448                
24      42             0.039433468242507694               
23      29             0.03942922809361728                
4       6              0.03940247442781917                
22      28             0.0389146337467432                 
4       7              0.038279617846333575               
21      30             0.037748835526050566               
10      17             0.03771899409379758                
35      36             0.03744528332866738                
38      39             0.0373011280224068                 
1       21             0.036736594931819216               
6       12             0.03628223198508894                
29      42             0.03620730061764365                
13      24             0.03614911436372657                
38      41             0.03608494843543561                
14      30             0.03585069709681367                
13      25             0.03562832842287371                
24      29             0.035422303620877484               
32      33             0.0353078841030018                 
28      35             0.03525826875076568                
22      27             0.03515124618145492                
5       11             0.034840591012618924               
9       17             0.03469443399532572                
20      33             0.034676299859374524               
42      44             0.034031016296641944               
20      37             0.03400217873062174                
3       11             0.03396627906821384                
6       40             0.03394702224178167                
15      22             0.03386058752165813                
10      11             0.033819278358812                  
39      42             0.03363946908801961                
4       17             0.03231862005925881                
15      32             0.03229198761167887                
9       11             0.032219829489812855               
6       10             0.032189401100976435               
21      44             0.03218155732758175                
23      26             0.03174891691144758                
14      44             0.03160530312609508                
7       9              0.031030773523600542               
31      34             0.03096643466337977                
31      33             0.030100737186091686               
13      14             0.029974273547242303               
18      31             0.02991636563153644                
2       6              0.029432728620238623               
21      32             0.02933670667498621                
14      21             0.02932546508692982                
36      37             0.029114387520056906               
34      43             0.029023378144133846               
19      20             0.02898639212161524                
29      44             0.028934870747174657               
15      21             0.02884485187026567                
5       40             0.02875107375260534                
33      37             0.02874839723472407                
14      35             0.02861626872035443                
7       17             0.028443824364609335               
20      34             0.028144926603624977               
14      23             0.028023787488379304               
16      19             0.02776565266205938                
10      40             0.027652926747784454               
4       11             0.027413537421873545               
14      28             0.02711370523865772                
11      12             0.02693133310130237                
21      38             0.02617744261692488                
3       14             0.026025576344267845               
26      29             0.02589687668173174                
16      20             0.025807615416644586               
13      26             0.0256825211136454                 
11      16             0.025618327247486944               
22      26             0.025576826539378428               
23      31             0.02550621053512061                
8       23             0.025304184984786246               
2       11             0.024965944266404694               
6       14             0.024819445672551607               
23      44             0.024614327034027758               
37      40             0.02457850271378302                
30      31             0.024542906972178404               
19      25             0.023474248850199372               
17      25             0.02307392158623659                
3       33             0.0230664043562277                 
16      24             0.022828126733007256               
7       11             0.022560213272199647               
30      43             0.02245041041702319                
16      41             0.02225725777483943                
9       40             0.022091618828693163               
13      35             0.021583821313587756               
16      25             0.02157269930965114                
28      44             0.021569049671394114               
33      38             0.02154516092193883                
34      44             0.02135264723604889                
17      41             0.021339653606099462               
17      19             0.02133934057162923                
19      41             0.02124313964977248                
19      24             0.021175441655285662               
16      17             0.02112489982887024                
4       40             0.02112176547905864                
8       24             0.02106320310443388                
27      29             0.021015322063243982               
8       25             0.020898325964311043               
5       19             0.02079102956045198                
26      30             0.020533826163678666               
16      39             0.020236659655263056               
40      42             0.020144990710911803               
30      44             0.019888257281342712               
6       17             0.019864602315331784               
36      41             0.01977479453787144                
15      26             0.01962838606016533                
5       8              0.01950106407128689                
13      23             0.0194503727754905                 
24      41             0.019348510646545726               
6       43             0.01927339516777543                
19      39             0.018989040709057062               
27      33             0.018729544610152207               
20      29             0.018681636871083054               
23      32             0.01864431856629835                
4       43             0.01844437574257478                
8       33             0.018360201549181693               
13      34             0.01826498970391896                
14      36             0.01788118824795855                
13      43             0.017720180534528535               
11      19             0.017698391594890617               
10      24             0.017639260884881554               
20      39             0.017635090707537993               
25      26             0.017566384818389777               
16      37             0.017554912196870928               
3       7              0.01733730110162414                
33      43             0.017190284095819512               
25      41             0.017019927543808745               
19      37             0.016869455773948855               
13      15             0.016771260806649077               
35      42             0.01638533997573767                
13      30             0.016189228511534884               
10      25             0.016157247359595527               
37      42             0.01607165442996375                
6       11             0.015999460338665283               
21      34             0.015569088249774071               
5       16             0.015267496176303824               
34      38             0.015171997432517903               
30      38             0.014856540009168709               
15      37             0.014712073329002928               
7       40             0.014688823261295447               
3       43             0.014637286825959467               
4       24             0.014599577334394258               
8       34             0.014558128039494439               
36      39             0.01452919667066832                
16      26             0.014380144726039254               
24      26             0.014133649609949325               
20      30             0.013694156036258835               
32      43             0.013317083125569028               
19      26             0.013150809733060792               
21      28             0.013034047280800223               
33      44             0.012937254850535956               
4       25             0.012784567458742645               
1       44             0.012554740613515358               
20      38             0.012378060602465032               
35      40             0.012210434409609991               
35      44             0.012156955237109551               
3       31             0.011968240307316247               
10      43             0.011917598760283914               
2       31             0.011825846922946873               
10      16             0.01149235852408266                
6       33             0.011309404876327728               
26      28             0.011290705128829175               
11      25             0.01116487847688414                
25      30             0.01111828607497841                
15      19             0.010874467849838407               
9       16             0.010839282122178842               
20      24             0.010775305214507647               
38      40             0.010738223326803437               
10      19             0.010707159939510852               
35      43             0.010702210567946041               
12      31             0.0106630088084552                 
15      16             0.010464769785631406               
6       41             0.010453593767889707               
18      44             0.010430343467090028               
10      31             0.010376943238169845               
8       12             0.010237758048528653               
11      24             0.010160559493227528               
9       26             0.010105780672199909               
19      29             0.009963868140466195               
23      39             0.009858493922118086               
14      15             0.009807208984886462               
22      44             0.009727936747317818               
17      39             0.009372578402047124               
16      38             0.009277306310928768               
9       19             0.009231555360009372               
32      44             0.009165623278838797               
10      26             0.009147390812978815               
10      38             0.009109337159221728               
29      30             0.009005424499529992               
22      30             0.008906575005020095               
4       16             0.008857078770453802               
11      41             0.008781076727099782               
22      31             0.00874784149759527                
3       28             0.008736683641724988               
13      31             0.008658493891225374               
14      27             0.008656882394799503               
4       19             0.008653436310567114               
25      31             0.008621126017572318               
17      20             0.008432915353547836               
19      38             0.008419501383886113               
29      39             0.008364397746249974               
28      31             0.008322796538653365               
17      24             0.008316175634994045               
26      36             0.008191412465475112               
36      44             0.008095305374110781               
3       23             0.007862680460519439               
32      35             0.007212334410865606               
8       21             0.007186984039367392               
7       31             0.007071556440819762               
3       5              0.007028649665209413               
16      23             0.006989665046859189               
8       43             0.006972926341960298               
7       19             0.006911394228611686               
8       22             0.006722102260460078               
30      37             0.00671540982416087                
28      39             0.00657798151974022                
2       3              0.006556950996863778               
11      39             0.0065449458205608935              
14      34             0.006449637914360609               
6       19             0.006202961921630168               
7       16             0.005982031079567837               
4       26             0.005925933547539133               
16      29             0.0058068698403652835              
6       39             0.0057635529089821655              
11      20             0.00573419609405669                
1       30             0.005707188571699259               
1       13             0.005652672161511149               
30      32             0.005473466915956807               
20      21             0.005349255160962858               
4       31             0.005295433930519004               
29      35             0.004659075015105096               
28      30             0.004550352144448461               
15      20             0.0042736968315985335              
24      39             0.004152123004844216               
11      26             0.004145439679208884               
14      25             0.004065976720354983               
8       10             0.00401956072205302                
3       24             0.0039740751046705575              
25      39             0.003890925814412187               
22      23             0.0038361774030711074              
17      37             0.003807405409474121               
3       41             0.0037866397268259966              
7       43             0.0037663995226044217              
26      33             0.003757109395361044               
18      19             0.0036841543666969595              
11      34             0.003677152503659867               
17      26             0.003630507846855119               
1       16             0.0036206536106508647              
11      37             0.0035884380615602424              
2       16             0.0035772480880574553              
13      38             0.0035617879588344947              
23      27             0.003560781835108287               
22      42             0.003445922137348803               
1       19             0.0034094016735082555              
14      37             0.0034064936092315784              
24      30             0.003329107805098125               
1       23             0.003192100876680176               
6       16             0.003189081732006785               
8       31             0.0030929537593414116              
2       19             0.003052457076080997               
6       20             0.0029546670004822403              
12      16             0.0028635309767821304              
4       14             0.0027793901839175406              
16      18             0.0026638631720040246              
14      24             0.002635592207326398               
33      40             0.0025716714109782074              
1       31             0.002509632473936159               
9       43             0.00239067040072629                
4       8              0.0023599289157043013              
12      19             0.002271661975537395               
31      40             0.00225889236465876                
5       39             0.0022290860170956148              
35      39             0.0022022874576315132              
3       4              0.0021735326377735065              
13      22             0.002111622090678958               
4       38             0.002053158211689908               
31      32             0.0018876878596821578              
26      32             0.0017633704211042767              
5       41             0.001701954284316555               
8       35             0.0016972723449144578              
16      40             0.0016936389763863718              
8       32             0.0015679729499416123              
2       8              0.0013885559509071443              
20      41             0.001380268261705682               
5       24             0.001351017340691145               
19      23             0.0012568668059129706              
27      44             0.0012239340832859713              
15      17             0.0010469141391393488              
15      44             0.0010295206210967633              
14      18             0.0009356528526164587              
31      36             0.0009109326190060996              
20      25             0.0008666090183626629              
5       25             0.0007622759112662497              
6       8              0.0006736554571639686              
3       18             0.0004083621081916039              
26      31             0.0001636552438950764              
19      40             0.00012102241654649015             
8       20             4.455171180355738e-05              
3       9              -1.522387285965432e-05             
28      36             -0.00012016750478073546            
16      42             -0.00019881371243166135            
3       10             -0.0002571468550727485             
3       30             -0.00041976751334265455            
31      35             -0.0005001994564899775             
1       34             -0.0005045645599285886             
8       9              -0.0007014310541076929             
28      33             -0.0008274888387685975             
23      42             -0.0008422059098852908             
27      30             -0.0010001075073498983             
15      41             -0.001105390000491896              
11      15             -0.0011407943393510617             
5       20             -0.0011748716528090092             
3       12             -0.0012859347193877047             
31      42             -0.0012930164442150546             
15      24             -0.0013855727357629383             
9       15             -0.001573644897694404              
20      26             -0.0016689179712270838             
10      14             -0.0017258785362298384             
10      39             -0.0017463108356556845             
5       31             -0.0018247244491408007             
1       26             -0.0018564244165248378             
19      42             -0.0018938935564034587             
1       5              -0.001931111054737908              
10      41             -0.0019961126376378396             
34      40             -0.0020388685654744304             
4       29             -0.0020638840259270957             
3       19             -0.0021288261565670097             
3       16             -0.0022854052288871635             
29      31             -0.0023733111119978306             
24      31             -0.0025368952317955593             
17      42             -0.002728729196496499              
30      36             -0.00273049223152904               
15      25             -0.0027809307519564563             
27      37             -0.00280713717358215               
11      17             -0.002844813345014685              
9       25             -0.0029425198103824185             
18      23             -0.002946992897451345              
5       43             -0.003215288147537937              
7       15             -0.003377855642806085              
26      43             -0.003433008622093267              
15      38             -0.003433454038905437              
40      43             -0.0036182552242810806             
41      43             -0.003688339961227728              
11      33             -0.003953917559632453              
5       26             -0.003976796808332218              
13      16             -0.004140527402507935              
15      39             -0.00418683515869947               
12      25             -0.004362568801370897              
9       41             -0.004406902152094924              
26      41             -0.004452133125139264              
5       15             -0.004462801733822491              
9       39             -0.00452173912960506               
13      19             -0.004525424998080285              
16      21             -0.004633327736067644              
23      34             -0.004649532396868952              
5       37             -0.004753055258653015              
2       43             -0.004798788228685923              
1       17             -0.004906207141534433              
6       44             -0.004942889427343708              
9       21             -0.005048927298463943              
18      30             -0.005086603970778494              
9       31             -0.005148310758937472              
23      33             -0.005244051060613861              
19      21             -0.005321104054124767              
7       8              -0.005493356290695667              
8       26             -0.005612224153005968              
1       41             -0.005649817332907703              
21      42             -0.005654587408394418              
22      38             -0.005711274419546039              
19      22             -0.005869893007751079              
8       17             -0.0058976840428176525             
36      40             -0.00609023858054622               
19      30             -0.006167968956528554              
9       24             -0.006188151906133241              
26      39             -0.006229471461206559              
22      34             -0.006274435454599853              
4       41             -0.006292956051021599              
25      37             -0.00630226808912835               
26      35             -0.0063583158046258                
33      36             -0.006382660438274193              
12      24             -0.006462808437687803              
22      29             -0.0064744614547612225             
24      37             -0.006586888556651231              
22      41             -0.00659781293649004               
20      28             -0.006647857626084053              
18      33             -0.006650126438987269              
4       39             -0.006739876857602904              
8       28             -0.006831783823169041              
39      43             -0.006877630058580456              
8       11             -0.0069689861969497585             
29      41             -0.006987311510791058              
17      38             -0.006996572555625774              
27      34             -0.0071037295994479804             
3       27             -0.00711290442945485               
25      40             -0.007213216048103224              
34      42             -0.00723374250234024               
6       32             -0.007321401241418918              
18      34             -0.007477124759772746              
1       11             -0.007607002909878799              
2       25             -0.007716456545453804              
16      22             -0.007986078346951475              
1       39             -0.007992909196980591              
3       39             -0.0080134066370902                
3       8              -0.008017602904442672              
10      15             -0.008041266918257253              
12      41             -0.008096716048509492              
13      36             -0.008131501524039006              
15      18             -0.008301481797925434              
12      39             -0.008335813925205729              
1       8              -0.008344976608625876              
3       6              -0.008361068453763429              
28      41             -0.008380768943031587              
11      18             -0.008388187530197544              
2       41             -0.008393935345111167              
23      30             -0.008441976074283507              
11      38             -0.00848560426411326               
16      30             -0.008501678497754066              
17      43             -0.008518780674348747              
2       24             -0.008528854797554893              
36      42             -0.008548125534165382              
17      29             -0.008587149566445768              
24      44             -0.008678850389178878              
10      37             -0.008700691498270227              
36      38             -0.008872874930272806              
1       20             -0.009082628405768164              
18      35             -0.009099881366760446              
7       41             -0.00910413723968874               
6       24             -0.00912980832538967               
2       39             -0.009217326106663107              
10      20             -0.009227011793384254              
1       4              -0.009251477212076947              
29      32             -0.009302094373640074              
15      29             -0.009346351929191886              
29      43             -0.009542531296864172              
17      18             -0.009619837742264686              
7       24             -0.009655998247659815              
18      20             -0.009658467496224538              
7       25             -0.009702546692559363              
27      38             -0.00979537122314389               
1       24             -0.009831328517637669              
15      42             -0.009934958560838716              
7       39             -0.01005970964539156               
4       20             -0.01011088742626623               
4       15             -0.010271348230183955              
1       25             -0.010312112150207567              
11      23             -0.01032241866188225               
18      28             -0.01041274653027184               
18      41             -0.010552643578067539              
9       30             -0.011019808521778265              
25      44             -0.011119574681932462              
32      38             -0.011166648602289546              
16      31             -0.01117865923173398               
6       31             -0.01124976700323628               
12      43             -0.011252496421204822              
11      29             -0.011259814862034319              
3       25             -0.011275119205471001              
2       15             -0.011338996244219232              
7       14             -0.011348262750304039              
7       35             -0.011398175224895571              
1       15             -0.011420161937825746              
13      21             -0.011425933201058391              
11      43             -0.011452081731616472              
19      31             -0.01148757651552703               
1       42             -0.011490226537777287              
31      44             -0.011537522703955791              
3       32             -0.011566665774048551              
8       36             -0.011578064448953457              
2       26             -0.011808858611119397              
15      23             -0.011818783812365563              
1       2              -0.01186386673844074               
1       6              -0.012112801097648548              
21      31             -0.01216411520420494               
2       33             -0.012173599544894692              
16      36             -0.012233359132261493              
33      41             -0.012273012232777977              
13      20             -0.012325228294497684              
29      38             -0.01246220454794647               
33      42             -0.012468753716371184              
3       26             -0.012689374326063166              
12      37             -0.01271226856927303               
9       32             -0.012781863536104998              
26      37             -0.012837431568517764              
6       15             -0.012848410860900869              
21      29             -0.012851684442915401              
3       44             -0.01289678190379713               
18      39             -0.013017404723030424              
20      31             -0.013059945248282114              
19      36             -0.01307871984468778               
27      39             -0.01323552718896144               
1       7              -0.01325144674033242               
11      42             -0.013280959351014393              
28      37             -0.01331495896842061               
1       37             -0.013419777837578667              
6       42             -0.013430341225693504              
7       20             -0.01344821384435893               
9       37             -0.013578264058606633              
1       35             -0.013630988875997424              
6       37             -0.013713676000642966              
12      26             -0.013831315100748184              
20      44             -0.013848022122937696              
11      35             -0.013863218467435698              
30      40             -0.013899284634957786              
12      15             -0.013907501404079037              
32      39             -0.013977504923957787              
27      43             -0.01403642376162903               
7       26             -0.014047360504557259              
21      33             -0.014051436308369039              
2       37             -0.014146859566183459              
13      17             -0.014245939285469633              
9       28             -0.014279941219614907              
24      40             -0.014355585690291578              
7       30             -0.014451468854368904              
15      34             -0.014481480504037844              
6       25             -0.014538486849823978              
1       29             -0.014678519861927378              
1       3              -0.014710649901340009              
3       15             -0.014788214365845709              
2       20             -0.014891421141850526              
12      20             -0.014964715870957358              
6       30             -0.01502980595495701               
27      31             -0.015076344156730322              
22      39             -0.015190132104588389              
5       29             -0.015308963735304604              
12      34             -0.015392996008115292              
17      35             -0.01539681357365899               
18      43             -0.015419224870024034              
8       30             -0.015460114607194299              
14      26             -0.015497502720730236              
12      33             -0.015583769998359379              
11      13             -0.015587626817486225              
12      28             -0.015624967979941659              
42      43             -0.015648063187661043              
1       10             -0.01566615569355742               
8       38             -0.015677939352809048              
18      25             -0.015803742899325957              
29      33             -0.015818711481083207              
7       44             -0.015834549661903834              
9       44             -0.015900760730824498              
14      32             -0.015941256919875385              
31      39             -0.015952009720893626              
2       30             -0.016013815090033273              
5       38             -0.016020902731991353              
9       20             -0.01608685105002447               
17      23             -0.016110760884849314              
22      33             -0.01621139839151546               
30      42             -0.0162129988118822                
1       9              -0.016354494276239334              
18      24             -0.0163811330642209                
29      36             -0.016453416006876644              
31      41             -0.016617854004529475              
16      27             -0.016713045313003605              
20      40             -0.016719141605129606              
9       14             -0.016743362204885676              
20      42             -0.016758461765254466              
17      21             -0.016783573737696664              
4       37             -0.01683281452450075               
6       18             -0.016846118173866886              
12      30             -0.016953460586752747              
1       33             -0.017055091128990243              
19      43             -0.017102140322986445              
15      40             -0.017242914194759526              
2       21             -0.017284936000360587              
6       26             -0.017396323142640308              
5       42             -0.017444458254487788              
9       23             -0.017468316022437785              
8       19             -0.017611814905590634              
16      28             -0.0176234260532398                
13      41             -0.0176446595902824                
23      25             -0.01771352728746064               
19      27             -0.017787601846601053              
6       13             -0.017844232498471113              
1       38             -0.01787076846969765               
7       37             -0.017876174576807055              
7       23             -0.018070770824619997              
6       23             -0.018137833301020256              
23      41             -0.018149148566623488              
3       20             -0.01815593773629831               
21      24             -0.01817293786115272               
26      44             -0.018240749889443915              
19      28             -0.01852247269697095               
22      43             -0.01853368612055959               
36      43             -0.018549652519750964              
32      37             -0.018567989729705393              
16      43             -0.018691295070748543              
14      20             -0.018919525926088546              
5       13             -0.018977176689841946              
35      41             -0.0190456395589821                
26      42             -0.019140483433417302              
13      39             -0.01918459418570699               
2       29             -0.019317924030671063              
26      38             -0.019557104963835288              
29      34             -0.019595759655846416              
22      24             -0.019644352590356892              
5       44             -0.01964682286488796               
2       34             -0.019703114081460457              
37      44             -0.01973260186812735               
3       37             -0.01973888317638081               
5       18             -0.01988324058359471               
15      31             -0.0199797435173706                
3       29             -0.02002955221573191               
1       14             -0.020088396950556794              
2       14             -0.020101491302656302              
2       38             -0.02011928972831214               
8       16             -0.02026043102733903               
11      22             -0.020367450861781433              
21      41             -0.020543084436935338              
11      21             -0.02055290546613081               
6       28             -0.020633299232668913              
14      29             -0.020641568589065323              
9       33             -0.02071579166787106               
15      35             -0.020833431003429354              
34      36             -0.020861853742181427              
14      40             -0.020958369022718665              
17      36             -0.020989497368378504              
10      42             -0.02104243343427316               
3       42             -0.02105844846955382               
22      37             -0.021064634740897946              
1       43             -0.02113333168346554               
2       42             -0.021172824008139246              
8       15             -0.021182517111617796              
41      44             -0.021210728588310315              
7       42             -0.02127907957163115               
9       42             -0.021296079264467027              
4       30             -0.021377941245606477              
26      40             -0.021521303677214096              
12      38             -0.021573506601605202              
3       38             -0.0216918416025932                
4       44             -0.021720363669872636              
12      35             -0.021789626296468675              
6       27             -0.02183775619526873               
11      40             -0.021969125204169382              
6       29             -0.021970443380522356              
4       42             -0.021997153803583067              
21      25             -0.021999231093014063              
7       21             -0.02202734925077815               
1       12             -0.022062988111252624              
30      35             -0.02231626839675445               
15      30             -0.02241471398926139               
21      23             -0.02241643686098567               
9       35             -0.0224579121891888                
2       32             -0.022542852535937116              
10      18             -0.022805369937327694              
3       13             -0.022890908160378684              
6       34             -0.02300446134650662               
10      29             -0.023073392647802247              
25      35             -0.02308661434362594               
14      19             -0.02319986850624195               
18      26             -0.023206891436498303              
14      16             -0.023284310892787624              
2       44             -0.02329497543987996               
9       27             -0.023366531816514408              
14      41             -0.023503992258696996              
40      44             -0.023541734062566405              
24      43             -0.02363996430672824               
5       14             -0.023654076496523305              
3       17             -0.023865216552122967              
24      32             -0.02389556333337988               
23      24             -0.02389558521529639               
7       33             -0.023943166497497004              
20      32             -0.02412232072276438               
39      44             -0.02416861694916879               
4       21             -0.02424260128398624               
9       13             -0.024322767379897664              
28      40             -0.0243939501016881                
11      36             -0.024452997803538823              
16      32             -0.024600804609321972              
30      41             -0.024631089929447514              
1       40             -0.024633609157265784              
5       21             -0.02473194146933301               
7       38             -0.024853089136490612              
12      42             -0.024862150853301568              
3       40             -0.024864937088136196              
22      40             -0.024872790622529298              
17      44             -0.024897623863323774              
35      37             -0.024922463294923772              
11      30             -0.02492759397830261               
2       13             -0.024957173654335488              
10      13             -0.025020922830659473              
20      27             -0.025175480941414696              
18      37             -0.025219232807306965              
11      27             -0.02522707606270609               
30      39             -0.025321172678599825              
12      32             -0.02536398959429309               
2       18             -0.025367576475590792              
8       39             -0.025385028596090528              
28      42             -0.025396063464449434              
13      32             -0.025523000073960037              
6       22             -0.025560747533853505              
2       28             -0.025638172330764417              
9       38             -0.025645868072489177              
17      31             -0.025647007967130563              
18      29             -0.02566186160400117               
13      37             -0.025665114937132333              
12      29             -0.02577303661618608               
29      40             -0.02577911305036462               
7       13             -0.02579159019953073               
10      21             -0.025813967580694888              
38      43             -0.025814639468236027              
21      26             -0.025818943444910925              
11      44             -0.02594652460216894               
4       18             -0.02612419147631169               
9       22             -0.026130448772727584              
14      17             -0.026161180417031665              
6       35             -0.026189636348238718              
9       34             -0.026222361910355194              
2       22             -0.026235643380859167              
12      21             -0.026280797761636165              
10      44             -0.02646543179969208               
25      43             -0.026480719112111292              
13      27             -0.0265375374986013                
18      42             -0.02658506237315883               
34      41             -0.02682601626530541               
32      42             -0.02689450394004976               
6       38             -0.026910512170743632              
21      39             -0.027045451356358982              
8       14             -0.0271803382027537                
14      39             -0.027283048092204887              
12      18             -0.027410631268593222              
17      22             -0.027417419575958515              
9       18             -0.027428327513823875              
7       29             -0.027558559277658996              
23      37             -0.02758501959844617               
11      14             -0.027699619361081965              
10      27             -0.027712256093630178              
28      38             -0.027764312064765137              
13      33             -0.027838255380787172              
19      32             -0.028194730839839144              
4       13             -0.02820365250927649               
32      40             -0.028254885322885365              
4       27             -0.028373818368733858              
12      44             -0.028451164557744116              
12      13             -0.028706116032268997              
25      27             -0.028743084499449262              
14      22             -0.02878828460621924               
21      40             -0.028915299437995423              
17      33             -0.029124167069942405              
8       40             -0.029135597827063375              
34      39             -0.029194722956480915              
31      38             -0.029267846318521522              
17      30             -0.029468527705207706              
7       34             -0.029487288281078702              
10      30             -0.02954164202663076               
1       28             -0.02956957345679427               
25      36             -0.029689564231064544              
7       27             -0.029767744104369248              
21      43             -0.029784188006375042              
22      25             -0.0297846271233956                
7       32             -0.029933131948575616              
18      40             -0.029965092142712757              
17      27             -0.030562693963271118              
4       33             -0.030571159601873704              
6       21             -0.0306205610231349                
2       23             -0.030771737121848754              
33      39             -0.030799766205237056              
15      43             -0.030824521958226242              
24      27             -0.030824627181450487              
24      28             -0.030859558647636245              
19      33             -0.03090730734119211               
23      40             -0.03099976058326913               
12      14             -0.03102705628178272               
32      41             -0.03118265736435908               
7       36             -0.031348777455088156              
19      44             -0.03156666608859421               
5       30             -0.03161548773714832               
2       36             -0.03165751824689071               
31      43             -0.031675742481517374              
18      38             -0.031795872706996325              
14      31             -0.03188105575867772               
13      28             -0.03196637002655364               
20      43             -0.03205636310312762               
13      18             -0.03207931379342027               
2       27             -0.0321780228639032                
38      44             -0.03227523240517726               
31      37             -0.032280726721659214              
12      23             -0.03232745820030489               
27      41             -0.03241852634826688               
16      44             -0.03287723770870257               
5       36             -0.032913780993061095              
16      33             -0.03309226800915589               
13      40             -0.03318892512772277               
5       23             -0.03321201862379413               
24      36             -0.03329526705170616               
12      22             -0.03356657526065461               
8       18             -0.03371030033257966               
20      22             -0.03371792122271329               
4       22             -0.033976293948933985              
20      36             -0.03409201526986595               
9       29             -0.03413449353570417               
4       34             -0.03431397574041621               
7       28             -0.03509398442638732               
37      43             -0.03512116673247348               
3       36             -0.035905478009304145              
5       22             -0.035920014759056394              
6       36             -0.03599190332713963               
5       27             -0.03600642399232605               
29      37             -0.036056425193390126              
4       32             -0.036182667465883535              
2       35             -0.03654191594918589               
35      38             -0.03670077743263642               
12      36             -0.036908282915959836              
24      33             -0.036937532812284936              
10      36             -0.03707946356722455               
19      35             -0.03708449776776314               
3       21             -0.03752259551254941               
16      35             -0.03768650328309593               
10      23             -0.03777564163019855               
27      40             -0.03782299759502522               
21      35             -0.03787857585211983               
12      27             -0.03810554320729467               
17      34             -0.038245551817746415              
23      36             -0.03845114150754532               
9       36             -0.038746864692739025              
4       28             -0.03882655786005663               
7       22             -0.039031481624738185              
10      22             -0.03903214671376691               
22      35             -0.039106917437380706              
25      28             -0.03931118210245086               
8       27             -0.039702328435478135              
25      33             -0.04009431909292375               
4       36             -0.040435799842425846              
19      34             -0.04048916278220846               
10      28             -0.04119540307221664               
27      42             -0.0414301128730514                
16      34             -0.04149314925837182               
10      34             -0.0415121359950385                
8       37             -0.0415847033831251                
14      42             -0.0418398076625094                
5       32             -0.0419606801088181                
17      28             -0.04211178181628988               
5       34             -0.042152122926643096              
24      35             -0.04240359640474385               
4       23             -0.04356479995048262               
24      34             -0.04392106456148634               
11      28             -0.044727567331615294              
4       35             -0.045065432649811415              
5       33             -0.04523504025054903               
8       41             -0.04546088307522703               
11      32             -0.04557004933018445               
5       28             -0.0457185864629061                
23      38             -0.04593786657651004               
15      33             -0.04609640931146805               
10      35             -0.04677684417607933               
25      32             -0.04717110480190774               
10      33             -0.04899585573606023               
25      34             -0.04904591726175707               
26      34             -0.05004619135791381               
10      32             -0.050281439326974355              
5       35             -0.05358669140346378               
17      32             -0.054550645180614865              
