#======================================================================
# PARAMETERS USED FOR THIS COMPUTATION: 
#	Sequence type: RNA
#	Total number of sequences in alignment data: 12
#	Length of sequences in alignment data: 32
#	Value of sequence identity: 0.8
#	lambda_h: 6.2
#	lambda_J: 6.2
#	Number of gradient decent iterations: 500
# The First and Second columns represent sites and the
# Third column is PLMDCA Frobenius norm, average product corrected (APC) DCA score
#======================================================================
9       24             0.17584662852467675                
3       30             0.16882832998209532                
8       25             0.15874837313756762                
7       26             0.1518983189615684                 
10      23             0.14834717909814582                
5       28             0.14020969880716494                
1       32             0.13857732387820837                
13      20             0.12649598151156016                
12      21             0.12496876974230774                
10      18             0.11264673625146737                
18      23             0.11264672076485788                
14      19             0.11005595591259115                
18      19             0.10928846440594293                
2       31             0.10873169369249897                
4       29             0.1063599511891718                 
17      21             0.10471340602960712                
12      17             0.1047133939264868                 
20      31             0.09572743833158075                
2       20             0.09572743751407707                
14      18             0.09418679619660726                
13      31             0.08847389674126656                
2       13             0.08847389592130736                
19      23             0.0867561077378273                 
10      19             0.08675609343013191                
7       15             0.07432790252297747                
15      26             0.07432789742795684                
10      14             0.0720953795655628                 
14      23             0.07209537897164275                
20      25             0.06733830656761639                
8       20             0.06733830539975401                
29      32             0.06506881666165246                
1       4              0.06506880648844267                
4       32             0.0650688044383394                 
1       29             0.0650688038105946                 
15      17             0.059552341302956086               
25      31             0.056986916215902655               
2       25             0.0569869002988012                 
8       31             0.05698690014081502                
2       8              0.05698689912487474                
23      30             0.05612907845483403                
3       23             0.05612907765541211                
10      30             0.05612906427403383                
3       10             0.05612906347461191                
8       30             0.055096289088933104               
25      30             0.055096260727332674               
3       25             0.05509625985652672                
3       8              0.05509625841580476                
7       17             0.05406688989293977                
17      26             0.05406688569587842                
10      15             0.051240064543094876               
15      23             0.051240063835453126               
13      25             0.04181006220244324                
8       13             0.04181006103107297                
6       16             0.04030568397391403                
6       22             0.04030568367814186                
16      27             0.040305683086597474               
22      27             0.040305682790825303               
16      22             0.04030568111478289                
11      27             0.04030567242483753                
11      16             0.040305670748795236               
11      22             0.04030567045302308                
6       11             0.04030566586157344                
6       27             0.04030566329821457                
7       28             0.03773865938571806                
26      28             0.03773865541782173                
5       26             0.03773865421732504                
5       7              0.03773864328406022                
5       15             0.03450031304727634                
15      28             0.034500299419870276               
21      26             0.03428055756360192                
7       12             0.03428055003110478                
7       21             0.03428054682978039                
12      26             0.034280545863765235               
24      26             0.03422741434933339                
7       24             0.03422740430151694                
9       26             0.03422740184916559                
7       9              0.03422739180134904                
15      21             0.033857299067227245               
12      15             0.03385728756274646                
14      28             0.03169987891385141                
5       14             0.03169987784479533                
20      32             0.03153033068739522                
1       20             0.03153031812195882                
8       32             0.027182914838316155               
1       25             0.027182904004123237               
1       8              0.02718290283984147                
25      32             0.027182901101436757               
15      30             0.02489543435943714                
3       15             0.024895433510267045               
27      29             0.02341985546304859                
16      29             0.023419846269880154               
22      29             0.02341984596236467                
4       16             0.023419841086886328               
4       22             0.023419840779370843               
4       6              0.023419836301439984               
6       29             0.023419834033853296               
4       11             0.02341983059344717                
11      29             0.02341982832586055                
4       27             0.023419827928312917               
12      25             0.02324079262209762                
8       12             0.023240776563342128               
8       21             0.023240773080118307               
21      25             0.023240759336551453               
4       9              0.017200731971104513               
4       24             0.01720073012601156                
9       29             0.017200728870356563               
24      29             0.017200719574682957               
5       11             0.01603936706196124                
5       6              0.016039365188232388               
5       27             0.0160393641962583                 
22      28             0.016039362879187988               
5       16             0.01603936232252945                
5       22             0.016039361991871434               
11      28             0.01603936049869714                
6       28             0.016039358624968317               
27      28             0.016039357632994244               
16      28             0.016039355759265406               
3       18             0.014624419241890826               
18      30             0.014624405043267591               
14      30             0.013404444879692043               
3       14             0.01340444416698798                
24      31             0.012403619197231167               
9       31             0.01240361385971818                
2       24             0.01240361080294465                
2       9              0.012403605465431677               
9       13             0.011756427223717433               
13      24             0.011756425115250893               
10      25             0.010912414409665366               
23      25             0.010912413683993732               
8       10             0.01091241307729554                
8       23             0.010912412351623935               
1       30             0.010792172566450431               
1       3              0.010792171867881353               
30      32             0.010792169685006514               
3       32             0.010792168986437436               
21      22             0.008311804494002567               
6       21             0.008311800400445574               
12      16             0.008311799756877764               
12      22             0.008311799409599474               
21      27             0.008311799358610664               
16      21             0.00831179739070026                
11      12             0.008311789833372135               
6       12             0.008311787865461787               
11      21             0.008311787467194784               
12      27             0.008311786823626918               
16      19             0.008311561726144237               
11      19             0.008311559379369587               
6       19             0.008311557361585842               
19      22             0.008311553919484169               
19      27             0.008311548842766803               
1       27             0.007954325791576414               
27      32             0.007954323819761883               
16      32             0.007954321840482809               
22      32             0.00795432149119829                
1       16             0.007954316361716798               
1       22             0.00795431601243228                
1       11             0.00795431391754782                
11      32             0.007954311945733358               
1       6              0.007954311938268802               
6       32             0.007954309966454298               
14      24             0.0073660919253014795              
9       14             0.00736608661283307                
9       15             0.0064554024403016                 
15      24             0.006455384991630092               
2       16             0.006359152936233181               
11      31             0.006359151223671422               
2       11             0.006359150533536376               
6       31             0.0063591492279964495              
2       6              0.0063591485378613755              
2       27             0.006359147481327571               
2       22             0.0063591451334746585              
27      31             0.006359140720882048               
16      31             0.006359138725207075               
22      31             0.006359138373029163               
11      17             0.0059623560305139545              
6       17             0.005962354048568319               
16      17             0.005962351017357356               
17      22             0.005962350667602256               
17      27             0.005962345548722395               
13      15             0.004668269448226223               
15      18             0.004035074117531054               
9       10             0.0033984239431446572              
9       23             0.0033984232690690147              
10      24             0.00339842154487896                
23      24             0.0033984208708033037              
3       12             0.0006094336987434862              
21      30             0.0006094309355673955              
3       21             0.000609430241010761               
12      30             0.0006094194921388851              
13      32             -0.00017438538021646854            
1       13             -0.0001743904880564806             
8       17             -0.000820852527944102              
17      25             -0.0008208588126743382             
28      30             -0.0010120878580543308             
5       30             -0.0010120891547040906             
3       5              -0.001012089816020162              
3       28             -0.001012095969950999              
4       28             -0.0021737659496613854             
4       5              -0.002173766872207855              
28      29             -0.002173768484706254              
5       29             -0.0021737694072527514             
9       20             -0.0029479316588858356             
20      24             -0.002947933761038163              
7       23             -0.003049477007786086              
7       10             -0.0030494837914240985             
10      26             -0.003049488587955479              
23      26             -0.003049496705478702              
19      24             -0.0035284341505343736             
9       19             -0.0035284394646380585             
18      27             -0.0042607267694561995             
16      18             -0.004260728759980431              
18      22             -0.0042607291112493895             
11      18             -0.004260731175705648              
6       18             -0.004260733166229866              
11      14             -0.004299957592064835              
6       14             -0.0042999670619736086             
14      27             -0.004299968131029688              
14      16             -0.004299970150357851              
14      22             -0.004299970506709869              
1       26             -0.004361191418239985              
7       32             -0.0043611973451765235             
1       7              -0.00436120212798681               
26      32             -0.0043612089871716                
13      23             -0.005946979647940401              
10      13             -0.0059469865128358584             
13      30             -0.006991559869302541              
3       13             -0.00699156057212473               
20      27             -0.007156105233617371              
11      20             -0.007156109647755732              
6       20             -0.007156111633121812              
16      20             -0.007156114669564048              
20      22             -0.0071561150199227624             
7       18             -0.007731523901014711              
18      26             -0.0077315281162424615             
9       18             -0.007877158558706118              
18      24             -0.007877160666319993              
13      17             -0.008218235122477643              
18      25             -0.00929424545433348               
8       18             -0.009294246625230054              
6       7              -0.009370423616181137              
11      26             -0.009370424897842386              
6       26             -0.009370427165447254              
7       11             -0.009370428799156949              
16      26             -0.00937043063354881               
22      26             -0.009370431033714363              
7       27             -0.009370432267258366              
7       16             -0.00937043453486315               
7       22             -0.009370434935028676              
26      27             -0.009370435816524525              
17      24             -0.009976225603986338              
9       17             -0.00997623840661685               
4       19             -0.01013766089869833               
19      29             -0.010137663628641047              
19      30             -0.010720599783719323              
3       19             -0.010720600495878307              
4       21             -0.010889252039783887              
12      29             -0.01088925224212689               
21      29             -0.010889254702250883              
4       12             -0.01088925703024056               
9       28             -0.011400687690686237              
24      28             -0.01140068967463441               
5       24             -0.011400690887970591              
5       9              -0.011400696354602988              
17      29             -0.011663364813689014              
4       17             -0.011663369582813762              
3       9              -0.012281369753104537              
24      30             -0.01228137153751327               
3       24             -0.012281372346404085              
9       30             -0.012281376394794347              
2       29             -0.01245754729683983               
4       31             -0.012457551329853433              
2       4              -0.012457552047389561              
29      31             -0.012457554029884271              
9       11             -0.012546909195816122              
11      24             -0.012546910970449132              
6       24             -0.012546913262306378              
24      27             -0.012546914475642545              
9       16             -0.01254691499286667               
9       22             -0.012546915397312036              
16      24             -0.012546916767499805              
22      24             -0.012546917171945185              
6       9              -0.012546918938253923              
9       27             -0.012546920151590063              
3       31             -0.01256283379760792               
30      31             -0.012562840543832637              
2       30             -0.012562841552338                 
2       3              -0.012562842256693893              
8       14             -0.013182750128006043              
14      25             -0.013182756390746564              
6       13             -0.013466229597110232              
13      27             -0.013466230651343489              
11      13             -0.01346623505636134               
13      16             -0.01346624009325359               
13      22             -0.013466240444664657              
15      20             -0.013474888953611514              
7       20             -0.014159818970419152              
20      26             -0.014159823174723793              
5       17             -0.014778760171900704              
17      28             -0.014778766573215973              
12      28             -0.0154794525281379                
5       12             -0.015479453569972768              
21      28             -0.015479455173402115              
5       21             -0.015479456215237025              
4       25             -0.016208794031962723              
4       8              -0.01620879505701435               
25      29             -0.016208797370052166              
8       29             -0.016208805845684432              
1       28             -0.016235136390226113              
28      32             -0.016235138594612952              
5       32             -0.016235139642466576              
1       5              -0.01623514488866029               
19      26             -0.016531942044028178              
7       19             -0.01653194522165495               
26      29             -0.017022377161683727              
4       7              -0.017022377854142443              
7       29             -0.017022380922078306              
4       26             -0.017022381544328336              
7       14             -0.017298716933235453              
14      26             -0.0172987212094598                
5       19             -0.017588149096949363              
19      28             -0.017588155479291517              
1       17             -0.017911624110489605              
17      32             -0.017911633892770937              
3       20             -0.017985931149190865              
20      30             -0.01798593789905402               
15      32             -0.01810826973030534               
1       15             -0.01810828180089953               
2       28             -0.0183596995004158                
28      31             -0.01835970617946099               
5       31             -0.018359707235994796              
2       5              -0.0183597080075302                
9       12             -0.019737409325251795              
12      24             -0.019737411408921574              
9       21             -0.01973741256081489               
21      24             -0.019737414644484724              
25      28             -0.019887269118246412              
5       25             -0.019887270424455317              
5       8              -0.01988727152664875               
8       28             -0.019887277671020415              
4       30             -0.020310284371649473              
3       4              -0.020310284986680457              
29      30             -0.020310287685309972              
3       29             -0.02031028830034097               
21      32             -0.0204009182316343                
1       12             -0.02040092057274996               
12      32             -0.020400922887938586              
1       21             -0.020400923367026202              
13      18             -0.020609051454886618              
11      23             -0.021287487908130995              
6       23             -0.021287490173159715              
10      27             -0.021287490879338927              
10      16             -0.021287493144367634              
10      22             -0.021287493544078565              
10      11             -0.021287494865757983              
6       10             -0.02128749713078669               
16      23             -0.02128750108790188               
22      23             -0.02128750148761281               
23      27             -0.021287506273453757              
14      15             -0.022324679973104264              
12      13             -0.02273204730578686               
13      21             -0.022732057567656158              
14      29             -0.023082089748861875              
4       14             -0.02308209074211995               
1       31             -0.023209595255042237              
1       2              -0.02320959607003946               
2       32             -0.023209598417892385              
31      32             -0.023209605053475732              
17      19             -0.023242389802315022              
1       19             -0.023863776635714193              
19      32             -0.02386377900957741               
19      21             -0.024039733136440894              
12      19             -0.024039737738385622              
12      31             -0.02412832898459928               
2       12             -0.02412832979491529               
21      31             -0.024128331802022757              
2       21             -0.024128332612338793              
4       18             -0.024350019468961925              
18      29             -0.0243500221620241                
15      19             -0.024389064966208893              
2       17             -0.024454635763879212              
17      31             -0.02445464239836455               
14      17             -0.0253234894470986                
19      31             -0.025648150060519362              
2       19             -0.025648150891371485              
4       13             -0.026374440698755178              
13      29             -0.026374447118197142              
17      30             -0.026860620309229782              
3       17             -0.026860621008740024              
7       31             -0.02748818063072661               
2       7              -0.027488181564446226              
26      31             -0.027488184856861844              
2       26             -0.027488185790581487              
18      28             -0.02794325109590169               
5       18             -0.02794325587499892               
20      29             -0.028080797003680588              
4       20             -0.028080798042887378              
13      19             -0.02824083357240291               
13      14             -0.028588735086850878              
5       20             -0.029676418234666657              
20      28             -0.029676420908880813              
17      18             -0.030050014766566685              
8       19             -0.03008995785077266               
19      25             -0.03008996411442165               
17      20             -0.03168503435527738               
1       18             -0.032402679216089636              
18      32             -0.03240268155788284               
10      20             -0.032557520316916236              
20      23             -0.032557520900847445              
13      28             -0.032854972063522794              
5       13             -0.032854976843046335              
9       25             -0.03309040402503119               
8       9              -0.033090405373182474              
24      25             -0.03309040663744903               
8       24             -0.03309040798560031               
15      31             -0.03352263232253676               
2       15             -0.033522640763815795              
1       14             -0.033560490247998134              
14      32             -0.03356049262367833               
18      21             -0.03371795580780558               
12      18             -0.033717956722944045              
2       18             -0.03383502667850925               
18      31             -0.03383502958417195               
14      21             -0.03424700276113497               
12      14             -0.03424700363560905               
15      27             -0.03526767643524821               
6       15             -0.035267678886783366              
15      22             -0.03526767926581521               
11      15             -0.03526768393138199               
15      16             -0.035267686291810776              
19      20             -0.035446017229660065              
12      20             -0.035447447516641306              
20      21             -0.03544745031951106               
2       14             -0.035991657017749826              
14      31             -0.035991663636842364              
13      26             -0.037270626119936506              
7       13             -0.03727062935358405               
15      29             -0.037916087303345294              
4       15             -0.03791608777348353               
10      31             -0.03793908938727715               
23      31             -0.03793908997424039               
2       10             -0.03793909031993602               
2       23             -0.037939090906899245              
18      20             -0.0382562232295242                
10      28             -0.03882806779721784               
23      28             -0.038828068348314565              
5       10             -0.038828068996350676              
5       23             -0.038828069547447386              
27      30             -0.039022065494125596              
3       11             -0.039022066065083155              
3       27             -0.039022066085669965              
3       6              -0.039022068514310504              
3       16             -0.039022068534897314              
3       22             -0.03902206896711388               
11      30             -0.0390220691988291                
6       30             -0.03902207164805643               
16      30             -0.03902207166864323               
22      30             -0.0390220721008598                
10      17             -0.03916776606908852               
17      23             -0.039167766652013714              
10      29             -0.04033409587959967               
4       10             -0.04033409654043939               
4       23             -0.0403341007782555                
23      29             -0.04033410384270611               
1       10             -0.041116328380653294              
1       23             -0.04111632896279417               
10      32             -0.041116331045392945              
23      32             -0.04111633162753385               
1       9              -0.04114139948854466               
9       32             -0.04114140218484723               
1       24             -0.041141409034832446              
24      32             -0.04114141173113506               
8       15             -0.04124547248469773               
15      25             -0.041245478519994855              
14      20             -0.0420399357625906                
6       25             -0.04266423193519629               
11      25             -0.042664233193203074              
8       11             -0.04266423417911029               
22      25             -0.04266423614409168               
6       8              -0.042664236646393836              
25      27             -0.042664236966695496              
8       27             -0.042664237952602754              
16      25             -0.04266423943397901               
8       16             -0.0426642404198863                
8       22             -0.04266424085528926               
10      12             -0.04670067225261408               
21      23             -0.04670067230380853               
12      23             -0.04670067283141123               
10      21             -0.04670067917559195               
26      30             -0.04671318311383238               
3       26             -0.04671319136474414               
7       30             -0.046713192828394534              
3       7              -0.04671319362872564               
25      26             -0.07180033424454571               
7       8              -0.07180033780417577               
8       26             -0.0718003393037212                
7       25             -0.07180034019558093               
