#======================================================================
# PARAMETERS USED FOR THIS COMPUTATION: 
#	Sequence type: RNA
#	Total number of sequences in alignment data: 4
#	Length of sequences in alignment data: 40
#	Value of sequence identity: 0.8
#	lambda_h: 7.800000000000001
#	lambda_J: 7.800000000000001
#	Number of gradient decent iterations: 500
# The First and Second columns represent sites and the
# Third column is PLMDCA Frobenius norm, average product corrected (APC) DCA score
#======================================================================
1       2              0.05883120792147688                
1       40             0.05883120621802756                
2       40             0.058831206132855085               
1       39             0.05883120545147536                
2       39             0.05883120536630289                
39      40             0.05883120366285346                
1       18             0.04780128929635544                
2       18             0.047801289230549215               
18      40             0.04780128791442469                
18      39             0.04780128732216865                
18      21             0.03197695164882259                
18      19             0.031976948581594555               
18      20             0.03197694812095096                
2       19             0.027689510247515765               
1       20             0.027689509722037327               
2       20             0.0276895096513085                 
1       21             0.027689509466519928               
2       21             0.027689509395791102               
19      40             0.02768950883293931                
20      40             0.027689508236732017               
19      39             0.0276895081963799                 
21      40             0.02768950798121461                
20      39             0.0276895076001726                 
21      39             0.02768950734465519                
1       19             0.027689506592954292               
19      20             0.024443644917334924               
19      21             0.024443644705148457               
20      21             0.024443644210046682               
26      30             0.0022453057033531357              
26      31             0.0022453057033531357              
24      26             0.002245305603286625               
3       26             0.0022453055532533836              
7       26             0.0022453055532533836              
8       26             0.0022453055532533836              
10      26             0.0022453055532533836              
5       26             0.0022453032016906613              
4       5              0.0022453026513248875              
5       6              0.0022453026513248875              
5       12             0.0022453026513248875              
5       13             0.0022453026513248875              
5       16             0.0022453026513248875              
5       25             0.002245302601291639               
5       27             0.002245302601291639               
5       30             0.002245302601291639               
5       31             0.002245302601291639               
5       32             0.002245302601291639               
5       33             0.002245302601291639               
5       36             0.002245302601291639               
5       17             0.002245302551258384               
5       24             0.0022453025012251285              
5       29             0.0022453025012251285              
3       5              0.002245302451191887               
5       7              0.002245302451191887               
5       8              0.002245302451191887               
5       10             0.002245302451191887               
26      27             0.002245301978062837               
26      28             0.002245301978062837               
26      32             0.002245301978062837               
26      33             0.002245301978062837               
26      34             0.002245301978062837               
26      35             0.002245301978062837               
26      36             0.002245301978062837               
26      38             0.002245301978062837               
11      14             0.0022453018779963335              
11      15             0.0022453018779963335              
14      15             0.0022453018779963335              
26      29             0.0022453018779963266              
26      37             0.0022453018779963266              
11      22             0.002245301827963078               
11      23             0.002245301827963078               
14      22             0.002245301827963078               
14      23             0.002245301827963078               
15      22             0.002245301827963078               
15      23             0.002245301827963078               
9       11             0.00224530177792983                
9       14             0.00224530177792983                
9       15             0.00224530177792983                
22      23             0.002245301777929823               
9       22             0.0022453017278965745              
9       23             0.0022453017278965745              
4       11             0.002245301677863333               
4       14             0.002245301677863333               
4       15             0.002245301677863333               
6       11             0.002245301677863333               
6       14             0.002245301677863333               
6       15             0.002245301677863333               
12      14             0.002245301677863333               
12      15             0.002245301677863333               
13      14             0.002245301677863333               
13      15             0.002245301677863333               
11      12             0.002245301677863326               
11      13             0.002245301677863326               
11      16             0.002245301677863326               
14      16             0.002245301677863326               
15      16             0.002245301677863326               
11      25             0.0022453016278300847              
11      27             0.0022453016278300847              
11      28             0.0022453016278300847              
11      30             0.0022453016278300847              
11      31             0.0022453016278300847              
11      32             0.0022453016278300847              
11      33             0.0022453016278300847              
11      34             0.0022453016278300847              
11      35             0.0022453016278300847              
11      36             0.0022453016278300847              
11      38             0.0022453016278300847              
14      25             0.0022453016278300847              
14      27             0.0022453016278300847              
14      28             0.0022453016278300847              
14      30             0.0022453016278300847              
14      31             0.0022453016278300847              
14      32             0.0022453016278300847              
14      33             0.0022453016278300847              
14      34             0.0022453016278300847              
14      35             0.0022453016278300847              
14      36             0.0022453016278300847              
14      38             0.0022453016278300847              
15      25             0.0022453016278300847              
15      27             0.0022453016278300847              
15      28             0.0022453016278300847              
15      30             0.0022453016278300847              
15      31             0.0022453016278300847              
15      32             0.0022453016278300847              
15      33             0.0022453016278300847              
15      34             0.0022453016278300847              
15      35             0.0022453016278300847              
15      36             0.0022453016278300847              
15      38             0.0022453016278300847              
4       22             0.0022453016278300778              
4       23             0.0022453016278300778              
6       22             0.0022453016278300778              
6       23             0.0022453016278300778              
12      22             0.0022453016278300778              
12      23             0.0022453016278300778              
13      22             0.0022453016278300778              
13      23             0.0022453016278300778              
16      22             0.0022453016278300778              
16      23             0.0022453016278300778              
4       9              0.0022453015777968363              
6       9              0.0022453015777968363              
9       12             0.0022453015777968294              
9       13             0.0022453015777968294              
9       16             0.0022453015777968294              
11      17             0.0022453015777968294              
14      17             0.0022453015777968294              
15      17             0.0022453015777968294              
22      25             0.0022453015777968294              
22      27             0.0022453015777968294              
22      28             0.0022453015777968294              
22      30             0.0022453015777968294              
22      31             0.0022453015777968294              
22      32             0.0022453015777968294              
22      33             0.0022453015777968294              
22      34             0.0022453015777968294              
22      35             0.0022453015777968294              
22      36             0.0022453015777968294              
22      38             0.0022453015777968294              
23      25             0.0022453015777968294              
23      27             0.0022453015777968294              
23      28             0.0022453015777968294              
23      30             0.0022453015777968294              
23      31             0.0022453015777968294              
23      32             0.0022453015777968294              
23      33             0.0022453015777968294              
23      34             0.0022453015777968294              
23      35             0.0022453015777968294              
23      36             0.0022453015777968294              
23      38             0.0022453015777968294              
9       25             0.002245301527763588               
9       27             0.002245301527763588               
9       28             0.002245301527763588               
9       30             0.002245301527763588               
9       31             0.002245301527763588               
9       32             0.002245301527763588               
9       33             0.002245301527763588               
9       34             0.002245301527763588               
9       35             0.002245301527763588               
9       36             0.002245301527763588               
9       38             0.002245301527763588               
11      24             0.002245301527763581               
11      29             0.002245301527763581               
11      37             0.002245301527763581               
14      24             0.002245301527763581               
14      29             0.002245301527763581               
14      37             0.002245301527763581               
15      24             0.002245301527763581               
15      29             0.002245301527763581               
15      37             0.002245301527763581               
17      22             0.002245301527763574               
17      23             0.002245301527763574               
3       11             0.0022453014777303396              
3       14             0.0022453014777303396              
3       15             0.0022453014777303396              
7       11             0.0022453014777303396              
7       14             0.0022453014777303396              
7       15             0.0022453014777303396              
8       11             0.0022453014777303396              
8       14             0.0022453014777303396              
8       15             0.0022453014777303396              
10      11             0.0022453014777303396              
10      14             0.0022453014777303396              
10      15             0.0022453014777303396              
9       17             0.0022453014777303326              
4       6              0.0022453014777303257              
4       12             0.0022453014777303257              
4       13             0.0022453014777303257              
4       16             0.0022453014777303257              
6       12             0.0022453014777303257              
6       13             0.0022453014777303257              
6       16             0.0022453014777303257              
12      13             0.0022453014777303257              
12      16             0.0022453014777303257              
13      16             0.0022453014777303257              
22      24             0.0022453014777303257              
22      29             0.0022453014777303257              
22      37             0.0022453014777303257              
23      24             0.0022453014777303257              
23      29             0.0022453014777303257              
23      37             0.0022453014777303257              
3       22             0.0022453014276970842              
3       23             0.0022453014276970842              
4       25             0.0022453014276970842              
4       27             0.0022453014276970842              
4       28             0.0022453014276970842              
4       30             0.0022453014276970842              
4       31             0.0022453014276970842              
4       32             0.0022453014276970842              
4       33             0.0022453014276970842              
4       34             0.0022453014276970842              
4       35             0.0022453014276970842              
4       36             0.0022453014276970842              
4       38             0.0022453014276970842              
6       25             0.0022453014276970842              
6       27             0.0022453014276970842              
6       28             0.0022453014276970842              
6       30             0.0022453014276970842              
6       31             0.0022453014276970842              
6       32             0.0022453014276970842              
6       33             0.0022453014276970842              
6       34             0.0022453014276970842              
6       35             0.0022453014276970842              
6       36             0.0022453014276970842              
6       38             0.0022453014276970842              
7       22             0.0022453014276970842              
7       23             0.0022453014276970842              
8       22             0.0022453014276970842              
8       23             0.0022453014276970842              
10      22             0.0022453014276970842              
10      23             0.0022453014276970842              
12      25             0.0022453014276970842              
12      27             0.0022453014276970842              
12      28             0.0022453014276970842              
12      30             0.0022453014276970842              
12      31             0.0022453014276970842              
12      32             0.0022453014276970842              
12      33             0.0022453014276970842              
12      34             0.0022453014276970842              
12      35             0.0022453014276970842              
12      36             0.0022453014276970842              
12      38             0.0022453014276970842              
13      25             0.0022453014276970842              
13      27             0.0022453014276970842              
13      28             0.0022453014276970842              
13      30             0.0022453014276970842              
13      31             0.0022453014276970842              
13      32             0.0022453014276970842              
13      33             0.0022453014276970842              
13      34             0.0022453014276970842              
13      35             0.0022453014276970842              
13      36             0.0022453014276970842              
13      38             0.0022453014276970842              
16      25             0.0022453014276970842              
16      27             0.0022453014276970842              
16      28             0.0022453014276970842              
16      30             0.0022453014276970842              
16      31             0.0022453014276970842              
16      32             0.0022453014276970842              
16      33             0.0022453014276970842              
16      34             0.0022453014276970842              
16      35             0.0022453014276970842              
16      36             0.0022453014276970842              
16      38             0.0022453014276970842              
9       24             0.0022453014276970773              
9       29             0.0022453014276970773              
9       37             0.0022453014276970773              
3       9              0.002245301377663843               
7       9              0.002245301377663843               
8       9              0.002245301377663843               
9       10             0.002245301377663836               
25      27             0.002245301377663836               
25      28             0.002245301377663836               
25      30             0.002245301377663836               
25      31             0.002245301377663836               
25      32             0.002245301377663836               
25      33             0.002245301377663836               
25      34             0.002245301377663836               
25      35             0.002245301377663836               
25      36             0.002245301377663836               
25      38             0.002245301377663836               
27      28             0.002245301377663836               
27      30             0.002245301377663836               
27      31             0.002245301377663836               
27      32             0.002245301377663836               
27      33             0.002245301377663836               
27      34             0.002245301377663836               
27      35             0.002245301377663836               
27      36             0.002245301377663836               
27      38             0.002245301377663836               
28      30             0.002245301377663836               
28      31             0.002245301377663836               
28      32             0.002245301377663836               
28      33             0.002245301377663836               
28      34             0.002245301377663836               
28      35             0.002245301377663836               
28      36             0.002245301377663836               
28      38             0.002245301377663836               
30      31             0.002245301377663836               
30      32             0.002245301377663836               
30      33             0.002245301377663836               
30      34             0.002245301377663836               
30      35             0.002245301377663836               
30      36             0.002245301377663836               
30      38             0.002245301377663836               
31      32             0.002245301377663836               
31      33             0.002245301377663836               
31      34             0.002245301377663836               
31      35             0.002245301377663836               
31      36             0.002245301377663836               
31      38             0.002245301377663836               
32      33             0.002245301377663836               
32      34             0.002245301377663836               
32      35             0.002245301377663836               
32      36             0.002245301377663836               
32      38             0.002245301377663836               
33      34             0.002245301377663836               
33      35             0.002245301377663836               
33      36             0.002245301377663836               
33      38             0.002245301377663836               
34      35             0.002245301377663836               
34      36             0.002245301377663836               
34      38             0.002245301377663836               
35      36             0.002245301377663836               
35      38             0.002245301377663836               
36      38             0.002245301377663836               
4       17             0.002245301377663829               
6       17             0.002245301377663829               
12      17             0.002245301377663829               
13      17             0.002245301377663829               
16      17             0.002245301377663829               
17      25             0.0022453013276305805              
17      27             0.0022453013276305805              
17      28             0.0022453013276305805              
17      30             0.0022453013276305805              
17      31             0.0022453013276305805              
17      32             0.0022453013276305805              
17      33             0.0022453013276305805              
17      34             0.0022453013276305805              
17      35             0.0022453013276305805              
17      36             0.0022453013276305805              
17      38             0.0022453013276305805              
4       24             0.0022453013276305736              
4       29             0.0022453013276305736              
4       37             0.0022453013276305736              
6       24             0.0022453013276305736              
6       29             0.0022453013276305736              
6       37             0.0022453013276305736              
12      24             0.0022453013276305736              
12      29             0.0022453013276305736              
12      37             0.0022453013276305736              
13      24             0.0022453013276305736              
13      29             0.0022453013276305736              
13      37             0.0022453013276305736              
16      24             0.0022453013276305736              
16      29             0.0022453013276305736              
16      37             0.0022453013276305736              
24      25             0.002245301277597339               
24      27             0.002245301277597339               
24      28             0.002245301277597339               
24      30             0.002245301277597339               
24      31             0.002245301277597339               
24      32             0.002245301277597339               
24      33             0.002245301277597339               
24      34             0.002245301277597339               
24      35             0.002245301277597339               
24      36             0.002245301277597339               
24      38             0.002245301277597339               
29      30             0.002245301277597339               
29      31             0.002245301277597339               
29      32             0.002245301277597339               
29      33             0.002245301277597339               
29      34             0.002245301277597339               
29      35             0.002245301277597339               
29      36             0.002245301277597339               
29      38             0.002245301277597339               
37      38             0.002245301277597339               
3       4              0.002245301277597332               
3       6              0.002245301277597332               
3       12             0.002245301277597332               
3       13             0.002245301277597332               
3       16             0.002245301277597332               
4       7              0.002245301277597332               
4       8              0.002245301277597332               
4       10             0.002245301277597332               
6       7              0.002245301277597332               
6       8              0.002245301277597332               
6       10             0.002245301277597332               
7       12             0.002245301277597332               
7       13             0.002245301277597332               
7       16             0.002245301277597332               
8       12             0.002245301277597332               
8       13             0.002245301277597332               
8       16             0.002245301277597332               
10      12             0.002245301277597332               
10      13             0.002245301277597332               
10      16             0.002245301277597332               
25      29             0.002245301277597332               
25      37             0.002245301277597332               
27      29             0.002245301277597332               
27      37             0.002245301277597332               
28      29             0.002245301277597332               
28      37             0.002245301277597332               
30      37             0.002245301277597332               
31      37             0.002245301277597332               
32      37             0.002245301277597332               
33      37             0.002245301277597332               
34      37             0.002245301277597332               
35      37             0.002245301277597332               
36      37             0.002245301277597332               
3       25             0.0022453012275640907              
3       27             0.0022453012275640907              
3       28             0.0022453012275640907              
3       30             0.0022453012275640907              
3       31             0.0022453012275640907              
3       32             0.0022453012275640907              
3       33             0.0022453012275640907              
3       34             0.0022453012275640907              
3       35             0.0022453012275640907              
3       36             0.0022453012275640907              
3       38             0.0022453012275640907              
7       25             0.0022453012275640907              
7       27             0.0022453012275640907              
7       28             0.0022453012275640907              
7       30             0.0022453012275640907              
7       31             0.0022453012275640907              
7       32             0.0022453012275640907              
7       33             0.0022453012275640907              
7       34             0.0022453012275640907              
7       35             0.0022453012275640907              
7       36             0.0022453012275640907              
7       38             0.0022453012275640907              
8       25             0.0022453012275640907              
8       27             0.0022453012275640907              
8       28             0.0022453012275640907              
8       30             0.0022453012275640907              
8       31             0.0022453012275640907              
8       32             0.0022453012275640907              
8       33             0.0022453012275640907              
8       34             0.0022453012275640907              
8       35             0.0022453012275640907              
8       36             0.0022453012275640907              
8       38             0.0022453012275640907              
10      25             0.0022453012275640907              
10      27             0.0022453012275640907              
10      28             0.0022453012275640907              
10      30             0.0022453012275640907              
10      31             0.0022453012275640907              
10      32             0.0022453012275640907              
10      33             0.0022453012275640907              
10      34             0.0022453012275640907              
10      35             0.0022453012275640907              
10      36             0.0022453012275640907              
10      38             0.0022453012275640907              
17      24             0.002245301227564077               
17      29             0.002245301227564077               
17      37             0.002245301227564077               
3       17             0.0022453011775308354              
7       17             0.0022453011775308354              
8       17             0.0022453011775308354              
10      17             0.0022453011775308354              
24      29             0.0022453011775308285              
24      37             0.0022453011775308285              
29      37             0.0022453011775308285              
3       24             0.00224530112749758                
3       29             0.00224530112749758                
3       37             0.00224530112749758                
7       24             0.00224530112749758                
7       29             0.00224530112749758                
7       37             0.00224530112749758                
8       24             0.00224530112749758                
8       29             0.00224530112749758                
8       37             0.00224530112749758                
10      24             0.00224530112749758                
10      29             0.00224530112749758                
10      37             0.00224530112749758                
3       7              0.0022453010774643387              
3       8              0.0022453010774643387              
3       10             0.0022453010774643387              
7       8              0.0022453010774643387              
7       10             0.0022453010774643387              
8       10             0.0022453010774643387              
5       11             0.0022452991261676034              
5       14             0.0022452991261676034              
5       15             0.0022452991261676034              
5       22             0.002245299076134348               
5       23             0.002245299076134348               
5       9              0.0022452990261010997              
5       28             0.0022452988760013406              
5       34             0.0022452988760013406              
5       35             0.0022452988760013406              
5       38             0.0022452988760013406              
5       37             0.00224529877593483                
4       26             0.0022452983028057732              
6       26             0.0022452983028057732              
12      26             0.0022452983028057732              
13      26             0.0022452983028057732              
16      26             0.0022452983028057732              
25      26             0.002245298252772532               
17      26             0.0022452982027392765              
11      26             0.0022452947776484752              
14      26             0.0022452947776484752              
15      26             0.0022452947776484752              
22      26             0.002245294727615227               
23      26             0.002245294727615227               
9       26             0.0022452946775819785              
19      26             -0.006282506518314322              
20      26             -0.006282507218779813              
21      26             -0.006282507518979304              
9       20             -0.0062825075370595215             
20      25             -0.006282507643152753              
17      20             -0.006282507678517173              
20      29             -0.0062825077138815855             
20      37             -0.0062825077138815855             
10      20             -0.006282507749245991              
21      22             -0.006282507801894606              
9       21             -0.006282507837259012              
21      25             -0.00628250794335225               
21      35             -0.00628250794335225               
17      21             -0.006282507978716663              
21      29             -0.006282508014081076              
21      37             -0.006282508014081076              
10      21             -0.0062825080494454885             
5       19             -0.006282508710907832              
5       20             -0.0062825094113733645             
5       21             -0.006282509711572876              
11      19             -0.006282510491155496              
14      19             -0.006282510491155496              
15      19             -0.006282510491155496              
19      22             -0.006282510526519909              
19      23             -0.006282510526519909              
9       19             -0.006282510561884322              
4       19             -0.0062825106326131475             
6       19             -0.0062825106326131475             
12      19             -0.0062825106326131475             
13      19             -0.0062825106326131475             
16      19             -0.0062825106326131475             
19      25             -0.006282510667977553              
19      27             -0.006282510667977553              
19      28             -0.006282510667977553              
19      30             -0.006282510667977553              
19      31             -0.006282510667977553              
19      32             -0.006282510667977553              
19      33             -0.006282510667977553              
19      34             -0.006282510667977553              
19      35             -0.006282510667977553              
19      36             -0.006282510667977553              
19      38             -0.006282510667977553              
17      19             -0.006282510703341966              
19      24             -0.006282510738706379              
19      29             -0.006282510738706379              
19      37             -0.006282510738706379              
3       19             -0.006282510774070785              
7       19             -0.006282510774070785              
8       19             -0.006282510774070785              
10      19             -0.006282510774070785              
11      20             -0.006282511191620994              
14      20             -0.006282511191620994              
15      20             -0.006282511191620994              
20      22             -0.006282511226985407              
20      23             -0.006282511226985407              
4       20             -0.0062825113330786456             
6       20             -0.0062825113330786456             
12      20             -0.0062825113330786456             
13      20             -0.0062825113330786456             
16      20             -0.0062825113330786456             
20      27             -0.006282511368443051              
20      28             -0.006282511368443051              
20      30             -0.006282511368443051              
20      31             -0.006282511368443051              
20      32             -0.006282511368443051              
20      33             -0.006282511368443051              
20      34             -0.006282511368443051              
20      35             -0.006282511368443051              
20      36             -0.006282511368443051              
20      38             -0.006282511368443051              
20      24             -0.006282511439171884              
3       20             -0.00628251147453629               
7       20             -0.00628251147453629               
8       20             -0.00628251147453629               
11      21             -0.006282511491820485              
14      21             -0.006282511491820485              
15      21             -0.006282511491820485              
21      23             -0.006282511527184904              
4       21             -0.006282511633278136              
6       21             -0.006282511633278136              
12      21             -0.006282511633278136              
13      21             -0.006282511633278136              
16      21             -0.006282511633278136              
21      27             -0.006282511668642549              
21      28             -0.006282511668642549              
21      30             -0.006282511668642549              
21      31             -0.006282511668642549              
21      32             -0.006282511668642549              
21      33             -0.006282511668642549              
21      34             -0.006282511668642549              
21      36             -0.006282511668642549              
21      38             -0.006282511668642549              
21      24             -0.006282511739371374              
3       21             -0.006282511774735787              
7       21             -0.006282511774735787              
8       21             -0.006282511774735787              
18      26             -0.009301200409938808              
18      22             -0.009301200673163715              
18      23             -0.009301200673163715              
18      28             -0.009301200804776165              
18      34             -0.009301200804776165              
18      35             -0.009301200804776165              
18      38             -0.009301200804776165              
18      37             -0.009301200870582393              
5       18             -0.00930120244993183               
11      18             -0.009301202502905746              
14      18             -0.009301202502905746              
15      18             -0.009301202502905746              
9       18             -0.009301202568711975              
4       18             -0.009301202634518203              
6       18             -0.009301202634518203              
12      18             -0.009301202634518203              
13      18             -0.009301202634518203              
16      18             -0.009301202634518203              
17      18             -0.009301202700324432              
3       18             -0.009301202766130653              
7       18             -0.009301202766130653              
8       18             -0.009301202766130653              
10      18             -0.009301202766130653              
18      25             -0.009301204530066463              
18      27             -0.009301204530066463              
18      30             -0.009301204530066463              
18      31             -0.009301204530066463              
18      32             -0.009301204530066463              
18      33             -0.009301204530066463              
18      36             -0.009301204530066463              
18      24             -0.009301204595872692              
18      29             -0.009301204595872692              
1       26             -0.009753034760466961              
2       26             -0.009753034860533465              
26      40             -0.009753036861863427              
11      40             -0.009753037159967073              
14      40             -0.009753037159967073              
15      40             -0.009753037159967073              
23      40             -0.009753037202553307              
4       40             -0.009753037330312013              
6       40             -0.009753037330312013              
12      40             -0.009753037330312013              
13      40             -0.009753037330312013              
16      40             -0.009753037330312013              
27      40             -0.009753037372898246              
28      40             -0.009753037372898246              
32      40             -0.009753037372898246              
33      40             -0.009753037372898246              
34      40             -0.009753037372898246              
36      40             -0.009753037372898246              
38      40             -0.009753037372898246              
1       5              -0.009753037400813416              
24      40             -0.00975303745807072               
3       40             -0.009753037500656946              
7       40             -0.009753037500656946              
8       40             -0.009753037500656946              
2       5              -0.00975303750087992               
26      39             -0.009753037762461912              
11      39             -0.009753038060565565              
14      39             -0.009753038060565565              
15      39             -0.009753038060565565              
22      39             -0.009753038103151805              
23      39             -0.009753038103151805              
9       39             -0.009753038145738038              
4       39             -0.009753038230910512              
6       39             -0.009753038230910512              
12      39             -0.009753038230910512              
13      39             -0.009753038230910512              
16      39             -0.009753038230910512              
25      39             -0.009753038273496745              
27      39             -0.009753038273496745              
28      39             -0.009753038273496745              
30      39             -0.009753038273496745              
31      39             -0.009753038273496745              
32      39             -0.009753038273496745              
33      39             -0.009753038273496745              
34      39             -0.009753038273496745              
35      39             -0.009753038273496745              
36      39             -0.009753038273496745              
38      39             -0.009753038273496745              
17      39             -0.009753038316082985              
24      39             -0.009753038358669218              
29      39             -0.009753038358669218              
37      39             -0.009753038358669218              
3       39             -0.009753038401255451              
7       39             -0.009753038401255451              
8       39             -0.009753038401255451              
1       11             -0.009753038783860891              
1       14             -0.009753038783860891              
1       15             -0.009753038783860891              
1       22             -0.009753038826447125              
1       23             -0.009753038826447125              
1       9              -0.00975303886903335               
2       11             -0.009753038883927388              
2       14             -0.009753038883927388              
2       15             -0.009753038883927388              
2       22             -0.009753038926513628              
2       23             -0.009753038926513628              
1       4              -0.009753038954205824              
1       6              -0.009753038954205824              
1       12             -0.009753038954205824              
1       13             -0.009753038954205824              
1       16             -0.009753038954205824              
2       9              -0.009753038969099855              
1       25             -0.009753038996792057              
1       27             -0.009753038996792057              
1       28             -0.009753038996792057              
1       30             -0.009753038996792057              
1       31             -0.009753038996792057              
1       32             -0.009753038996792057              
1       33             -0.009753038996792057              
1       34             -0.009753038996792057              
1       35             -0.009753038996792057              
1       36             -0.009753038996792057              
1       38             -0.009753038996792057              
1       17             -0.00975303903937829               
2       4              -0.009753039054272328              
2       6              -0.009753039054272328              
2       12             -0.009753039054272328              
2       13             -0.009753039054272328              
2       16             -0.009753039054272328              
1       24             -0.00975303908196453               
1       29             -0.00975303908196453               
1       37             -0.00975303908196453               
2       25             -0.009753039096858554              
2       27             -0.009753039096858554              
2       28             -0.009753039096858554              
2       30             -0.009753039096858554              
2       31             -0.009753039096858554              
2       32             -0.009753039096858554              
2       33             -0.009753039096858554              
2       34             -0.009753039096858554              
2       35             -0.009753039096858554              
2       36             -0.009753039096858554              
2       38             -0.009753039096858554              
1       3              -0.009753039124550757              
1       7              -0.009753039124550757              
1       8              -0.009753039124550757              
1       10             -0.009753039124550757              
2       17             -0.009753039139444794              
2       24             -0.009753039182031027              
2       29             -0.009753039182031027              
2       37             -0.009753039182031027              
2       3              -0.009753039224617253              
2       7              -0.009753039224617253              
2       8              -0.009753039224617253              
2       10             -0.009753039224617253              
5       40             -0.00975303950221                  
5       39             -0.009753040402808541              
22      40             -0.009753040927843605              
9       40             -0.009753040970429838              
25      40             -0.009753041098188545              
30      40             -0.009753041098188545              
31      40             -0.009753041098188545              
35      40             -0.009753041098188545              
17      40             -0.009753041140774785              
29      40             -0.009753041183361018              
37      40             -0.009753041183361018              
10      40             -0.009753041225947244              
10      39             -0.00975304212654575               
