#======================================================================
# PARAMETERS USED FOR THIS COMPUTATION: 
#	Sequence type: RNA
#	Total number of sequences in alignment data: 19
#	Length of sequences in alignment data: 43
#	Value of sequence identity: 0.8
#	lambda_h: 8.4
#	lambda_J: 8.4
#	Number of gradient decent iterations: 500
# The First and Second columns represent sites and the
# Third column is PLMDCA Frobenius norm, average product corrected (APC) DCA score
#======================================================================
5       39             0.2418388522507104                 
9       36             0.22081208460046714                
15      33             0.20852393761882654                
1       43             0.19570073445396305                
16      32             0.14051606751953333                
17      31             0.13768281869394927                
8       37             0.13380102223776383                
19      35             0.12124136562320105                
19      29             0.12124136489963015                
29      35             0.12124136471873742                
7       38             0.1141172629760444                 
2       17             0.11311156422269683                
2       31             0.1131115495224196                 
3       41             0.10819858752365882                
4       40             0.1074000089591773                 
13      33             0.09733649104243493                
13      15             0.09733647582661818                
7       41             0.08848369178987636                
15      38             0.08466474116026795                
33      38             0.08466472665672634                
10      25             0.08455808858180952                
9       21             0.08356799533470165                
21      36             0.08355773997953049                
19      40             0.08235985735446485                
29      40             0.08235985639653756                
35      40             0.08235984226171819                
12      42             0.0822080617460989                 
14      37             0.0816006709312306                 
8       14             0.08160067037784062                
36      41             0.07924150879737743                
40      42             0.07835070284168824                
16      30             0.07572412784555693                
23      37             0.07511543965641368                
8       23             0.07511542435488419                
26      39             0.07454406261312524                
6       24             0.07248921550112114                
14      23             0.070996914429732                  
30      32             0.06997110323670147                
21      26             0.06959301233621804                
5       26             0.06890340455192065                
2       24             0.0682488563719632                 
23      28             0.0678405625427295                 
12      14             0.06769817608692034                
7       10             0.06660094446764506                
2       12             0.06591411514831413                
1       38             0.06510710873219783                
22      27             0.0642269605886761                 
1       7              0.06302918782148922                
14      24             0.06232034668448612                
5       21             0.06165127282834389                
21      39             0.061312417526488194               
7       43             0.06010132270226612                
9       41             0.059991899275522675               
22      25             0.059622030471671694               
3       10             0.05948385365647388                
38      43             0.05927775083529002                
13      36             0.056728010286328456               
13      34             0.056204325069486055               
12      24             0.05607496646557311                
7       25             0.05543144910206971                
23      34             0.055290266863086676               
27      42             0.05469939883119035                
16      33             0.05444784272042576                
15      16             0.054447842376116176               
4       35             0.05425108105123995                
4       19             0.05425106634163386                
4       29             0.05425106538385829                
7       33             0.0534615222706948                 
7       15             0.053461521852168487               
9       14             0.053413278135905184               
6       43             0.05318300837288438                
25      27             0.05226292410262558                
10      41             0.051296542187201574               
30      31             0.05124126318760032                
17      30             0.0512412630297326                 
3       9              0.05057862825243735                
11      20             0.050301781305500066               
10      21             0.04918495236710051                
32      33             0.048867341916510446               
15      32             0.04886734155484475                
14      36             0.04885541009214356                
20      28             0.0488026316596263                 
11      28             0.0488026243975539                 
10      22             0.048084641243303944               
6       10             0.047691604692278566               
19      30             0.04721390604190567                
30      35             0.04721390588403793                
29      30             0.04721390525256697                
3       36             0.04683557989044519                
25      26             0.04656037398478745                
3       40             0.046195990015095625               
1       10             0.045983411263992746               
11      34             0.04545969913367785                
20      34             0.04545969893650902                
6       12             0.0454546004955748                 
26      27             0.04489064134232368                
18      37             0.0446115679852187                 
8       18             0.04461156751286961                
6       38             0.04436758663845518                
3       7              0.04426941962390214                
7       37             0.04331182432195323                
7       8              0.04331180879300253                
28      34             0.042765512729343855               
1       6              0.04258624577980588                
7       32             0.04064083874887153                
21      41             0.040016313562841146               
15      22             0.03972893232295162                
22      33             0.039728917756429005               
3       12             0.03889614898636562                
1       24             0.03858426304138422                
6       22             0.038208774511464705               
14      42             0.03762306614213648                
2       6              0.03758449775059029                
12      40             0.0369586863604662                 
2       42             0.03687889218523266                
5       38             0.036265691095154845               
4       26             0.03534399583466119                
14      18             0.03531168047349237                
9       12             0.03530201605605403                
10      43             0.035038430890514644               
21      25             0.03497258587612863                
8       22             0.03459455426428447                
22      37             0.03459454731566175                
18      39             0.03429994682135562                
1       25             0.034086455545588215               
5       14             0.03402081443646174                
25      38             0.033624993868259165               
32      43             0.03325144587781595                
22      42             0.033205807914003946               
5       36             0.03280505381667782                
4       42             0.03277259038947952                
24      25             0.032655675604560244               
2       40             0.032638705934082884               
6       18             0.03258150012762548                
40      41             0.032508926678675526               
19      27             0.03248751433763397                
27      29             0.03248751353670337                
27      35             0.03248750672686726                
24      26             0.03244077080904349                
1       16             0.03240490799638876                
16      31             0.032027891932237665               
16      17             0.0320278917600829                 
26      31             0.03198835639490309                
17      26             0.03198834878590326                
4       18             0.031191703763152584               
10      32             0.03000691166514055                
36      39             0.029753545454849276               
27      33             0.029443143841836814               
15      27             0.02944314352146457                
2       14             0.02880802088374443                
18      23             0.02863074325227872                
5       9              0.028379453850679595               
12      41             0.028261642715216945               
1       33             0.02820328478450529                
1       15             0.028203269454646934               
1       39             0.028092078002458415               
7       13             0.027530439293749473               
11      23             0.027229442059125572               
20      23             0.027229441858941432               
2       3              0.027186220726300322               
12      36             0.02704253337221514                
4       14             0.026777970269673865               
2       30             0.026723403154697678               
1       5              0.02668929380300672                
11      12             0.026455588731806715               
12      20             0.026455573596287613               
14      43             0.02614948047786382                
6       28             0.025955126921685542               
9       39             0.02540839903726025                
5       18             0.0252540618512358                 
25      42             0.025245146628661064               
1       32             0.02521485359575637                
24      37             0.024876197209732095               
8       24             0.024876196680599844               
35      42             0.024699483519984633               
19      42             0.024699476250575628               
29      42             0.024699475344717683               
3       30             0.0244388316570351                 
16      19             0.024328772936478768               
16      35             0.024328772764323978               
16      29             0.024328764625124247               
11      18             0.023915046862519496               
18      20             0.02391503917576436                
10      27             0.02383841112996475                
24      43             0.023813507450064275               
31      32             0.023584979967818054               
17      32             0.023584979786985205               
12      28             0.023559517640354008               
24      42             0.0233509514464008                 
38      39             0.022641968000338922               
20      30             0.022606187665220497               
11      30             0.022606180451441506               
15      42             0.022598588213174453               
33      42             0.02259857367435643                
21      38             0.02210649250363042                
4       43             0.02190999635008739                
6       27             0.0217996709678996                 
30      40             0.021601316775064397               
17      39             0.021299504800213545               
31      39             0.021299497542679485               
11      13             0.021270299332365322               
13      20             0.02127029164579307                
21      31             0.02109356617390129                
17      21             0.021093558550821845               
13      23             0.02107048052330327                
18      28             0.02091481635795618                
33      36             0.020823457830943665               
15      36             0.020823457438403234               
26      38             0.020578959621882748               
12      34             0.02055064551370169                
25      43             0.020421913473115366               
28      30             0.019823946378790994               
1       14             0.018782427859799264               
30      39             0.01860998439501542                
41      43             0.018325830676180405               
38      41             0.018123249626074756               
9       18             0.018025586310834896               
18      27             0.017901771218845633               
7       24             0.01778966623683574                
2       41             0.017586051124134666               
19      32             0.017158191997012656               
29      32             0.0171581910928484                 
32      35             0.01715818436559921                
30      34             0.01706928797437303                
11      37             0.01667214130073358                
20      37             0.01667214105111714                
8       11             0.01667213345335372                
8       20             0.016672133203737283               
18      34             0.016640332548378697               
4       5              0.01646187522748277                
5       31             0.016333623787250243               
5       17             0.016333608688309215               
27      41             0.01612067894549564                
13      28             0.016064675171816215               
16      38             0.015984332529208015               
21      24             0.01584074956258441                
23      24             0.015561045625180125               
5       30             0.015044907399001953               
6       34             0.015023509532866228               
4       13             0.014817707528767654               
22      23             0.014367934663686563               
28      37             0.01410259054724941                
8       28             0.014102582719652389               
32      38             0.014060403887906636               
10      26             0.013968346613488225               
18      26             0.013968113787224498               
18      32             0.013844019245670566               
4       28             0.013693164858584031               
6       16             0.013651900827768973               
19      22             0.013310439642356148               
22      29             0.013310438805759717               
22      35             0.013310432024456267               
7       14             0.013281689958964019               
10      16             0.01298284635127081                
4       30             0.01250538684555727                
1       21             0.012499026318381179               
11      26             0.012420750550551349               
20      26             0.012420750312922474               
26      41             0.012344059221282302               
25      33             0.01221692031967607                
15      25             0.012216919953189478               
1       4              0.011776107826952126               
6       19             0.01168935295898478                
6       29             0.011689352027087596               
6       35             0.011689345322024744               
14      34             0.011490997985450752               
37      43             0.011091357217435122               
8       43             0.011091341654571846               
42      43             0.010559176794354003               
17      25             0.010521865862760618               
25      31             0.010521858595423289               
8       10             0.010509398155296612               
10      37             0.010509391329737813               
6       42             0.010471712656316204               
33      43             0.010426221796631135               
15      43             0.010426221355496423               
18      36             0.010285366111966593               
13      41             0.010201402726155745               
11      27             0.009818677703227474               
20      27             0.009818677462948289               
8       34             0.00943228017497251                
34      37             0.009432273118729573               
4       12             0.009297849202723557               
9       13             0.00899978413565404                
14      39             0.00889893138935606                
13      22             0.008875349520283432               
31      38             0.008855141973041838               
17      38             0.008855141774232064               
22      43             0.00861030845857276                
1       41             0.008217168471066946               
6       37             0.008211503220771285               
6       8              0.008211495211052355               
30      41             0.007775892989284577               
8       25             0.007574388583169958               
25      37             0.007574381682319262               
11      31             0.007569944670416884               
11      17             0.007569944538150478               
20      31             0.007569944399230963               
17      20             0.007569944266964557               
26      28             0.0075053048627165                 
3       42             0.00720963748250758                
16      39             0.007147326006003554               
21      40             0.006580449563488522               
10      30             0.00647962307705878                
2       16             0.006335026235213176               
25      35             0.005977698460228387               
25      29             0.005977697727255232               
19      25             0.005977691192891071               
6       23             0.0059576666957484176              
11      35             0.005940759954510544               
19      20             0.005940759815437874               
20      35             0.005940759683171468               
20      29             0.005940759154105801               
11      19             0.005940752636196367               
11      29             0.0059407519748642945              
28      31             0.00577452442549059                
17      28             0.005774524299818465               
3       16             0.005628267094639941               
17      19             0.005398921267981027               
29      31             0.005398913094340069               
19      31             0.005398906547712537               
31      35             0.005398906366921932               
17      35             0.005398906186029215               
17      29             0.005398890561705574               
6       11             0.005383990744290523               
6       20             0.005383990464721364               
2       26             0.005301276922618739               
1       37             0.004998853153520208               
1       8              0.004998852510474425               
4       33             0.004638678643363189               
4       15             0.004638678260252965               
16      43             0.004402364097573247               
5       16             0.004384065752577701               
27      28             0.004347905790946259               
16      20             0.004331943046188766               
11      16             0.004331935853840341               
13      38             0.004240604882516499               
39      41             0.004028365825668623               
19      28             0.0038417208508765427              
28      29             0.0038417202225158598              
28      35             0.0038417132746238064              
25      41             0.003822376383974105               
1       42             0.0034035131721775053              
15      35             0.003325004847536339               
33      35             0.003324997758741191               
15      19             0.003324997589224707               
29      33             0.0033249969896653603              
15      29             0.0033249966278799115              
19      33             0.003324990500429559               
26      34             0.003155126158003778               
9       42             0.003016918595992832               
31      34             0.0022283439505258323              
17      34             0.0022283438190799643              
23      40             0.0021730742382767426              
27      40             0.002034665868345456               
27      34             0.0014343743474514309              
9       11             0.0014206712493839563              
9       20             0.0014206709696907155              
5       41             0.0013650559454510408              
4       11             0.0012476968730310428              
4       20             0.0012476891351177744              
29      34             0.0012192358208273357              
19      34             0.0012192290274761625              
34      35             0.0012192288960302805              
7       21             0.0011695073557214664              
23      41             0.0009455204514505766              
7       23             0.0009260122542010807              
3       11             0.0008016005971015483              
3       20             0.0008016003054705095              
3       22             0.0006555012845040481              
4       39             0.000647902296178518               
4       36             0.0006472729733219412              
11      22             0.0006079214611824646              
20      22             0.0006079212102035325              
3       23             0.0005042902989432219              
4       34             0.0003236925397130941              
6       14             0.0003111936917573749              
28      40             0.00013236869811815433             
3       28             3.098609906393435e-05              
9       38             -0.00017585182854348846            
11      40             -0.00020412224734030204            
20      40             -0.00020412253471849273            
1       31             -0.0002528346493715361             
1       17             -0.0002528348637200889             
16      40             -0.0003934546529602706             
18      21             -0.00040620853632386544            
2       32             -0.0005315262644904756             
4       9              -0.0005386408346980398             
11      42             -0.0007366079763149597             
20      42             -0.0007366082480723402             
16      28             -0.0010672624112361973             
3       32             -0.00111641294630635               
1       13             -0.001383422572229051              
34      38             -0.0013964271841967746             
12      18             -0.0015472756962615214             
9       28             -0.001668457035097659              
10      12             -0.0018920854929783543             
11      32             -0.002124021529540318              
20      32             -0.002124021800789591              
11      24             -0.0021761084650746554             
20      24             -0.0021761087296407744             
36      38             -0.002418727984761976              
2       21             -0.0024319795886864615             
3       21             -0.0025685459930015198             
3       33             -0.0027542699510482715             
3       15             -0.002754270339889661              
24      38             -0.002856458004419485              
41      42             -0.0030124219656722517             
11      21             -0.0030477099295154464             
20      21             -0.003047710188263761              
7       26             -0.0031647857178097594             
32      39             -0.003169577841528756              
22      36             -0.0032480777449064996             
23      30             -0.0034538594910207276             
14      40             -0.003600543078494778              
3       34             -0.0036390580473450312             
16      34             -0.0036743107014259174             
34      40             -0.0036867311613413695             
10      38             -0.003918023134190235              
23      26             -0.004086028942583281              
4       16             -0.004105926678012406              
18      30             -0.004206452573615793              
3       4              -0.004265434441850929              
24      31             -0.004438843490932459              
17      24             -0.004438858568471052              
32      40             -0.0044604347463122335             
12      30             -0.004568761433146495              
4       32             -0.004648783854964159              
18      22             -0.004658701729811865              
9       17             -0.004677186557203672              
9       31             -0.004677201271902742              
7       16             -0.004877295181948585              
6       21             -0.004923220618596347              
36      42             -0.004967736811671869              
28      42             -0.004996786869494743              
23      27             -0.005004694901004955              
6       26             -0.005056165280878572              
3       14             -0.00515126208478274               
9       34             -0.005166161156722457              
12      23             -0.0051995746339695                
2       9              -0.005207296367638614              
8       26             -0.005353395412869569              
26      37             -0.005353402388192402              
10      35             -0.005412193925452363              
10      29             -0.005412194758814742              
10      19             -0.005412208618272962              
24      28             -0.005579025009874811              
23      25             -0.005654879056565476              
21      27             -0.005942526302364526              
21      43             -0.005963306111279501              
2       39             -0.005963736923459889              
37      40             -0.006028483147050359              
8       40             -0.0060284837218067405             
13      18             -0.006121943205377706              
22      28             -0.006152327401434336              
7       36             -0.006156268723588126              
8       27             -0.006172102602460969              
27      37             -0.006172109572483195              
18      24             -0.0065058204484256255             
5       32             -0.006603355605378711              
12      13             -0.0066231549236048515             
5       7              -0.006753342394498027              
1       22             -0.006843613240968563              
24      33             -0.007035141834422262              
15      24             -0.0070351421871770875             
2       38             -0.007112217912697019              
34      42             -0.0071179938982026125             
3       13             -0.007147754618918714              
5       23             -0.007432662385055591              
36      43             -0.007552023222114929              
3       25             -0.007704642679387003              
28      32             -0.007787467793729769              
6       33             -0.008012321466761882              
6       15             -0.008012329290101344              
14      41             -0.008420222466239566              
14      22             -0.008449607806437373              
4       23             -0.008469579265035485              
10      39             -0.00851236268231391               
37      41             -0.008758984420583815              
8       41             -0.008758985008540623              
27      43             -0.008843326966201062              
3       38             -0.008850442687193594              
9       29             -0.008882903095970507              
9       19             -0.00888291706482093               
9       35             -0.008882924701863679              
33      40             -0.009140978539255634              
15      40             -0.009140978922426546              
3       18             -0.009442320747821253              
5       13             -0.009552648441848319              
10      33             -0.009567112556969112              
10      15             -0.009567120424230899              
8       12             -0.009676671270555534              
12      37             -0.009676678252420301              
22      34             -0.00977461589906925               
3       37             -0.00979094333505498               
3       8              -0.009790943918317085              
13      43             -0.009831266426117952              
1       26             -0.009903132554604552              
13      21             -0.009905237602219036              
24      34             -0.010024561104823096              
27      38             -0.010076218413935203              
6       13             -0.010176835600664555              
38      42             -0.010194738069470063              
21      28             -0.01023646011569175               
2       36             -0.010338028180750733              
13      30             -0.010440025077761095              
39      43             -0.010474193070816762              
32      34             -0.010486443080378521              
13      40             -0.010517518170408163              
18      31             -0.01060566897825492               
17      18             -0.010605669135704585              
2       5              -0.010640888381839672              
17      23             -0.010674979291447076              
23      31             -0.010674982883281295              
23      39             -0.010817277620984514              
40      43             -0.010899104163715617              
18      40             -0.010964298934682745              
30      37             -0.01099195976888083               
8       30             -0.01099196024248407               
5       22             -0.011003056929310834              
22      39             -0.011036504511093392              
11      36             -0.011129940402120897              
20      36             -0.011129940696526217              
16      41             -0.011562417520205981              
1       2              -0.011702663327749108              
9       24             -0.01178883690525534               
6       30             -0.011845321082991134              
6       25             -0.011900985030105546              
17      36             -0.011909363848109991              
31      36             -0.011909371102420394              
22      24             -0.011986646558811223              
5       43             -0.012378954199911002              
2       4              -0.012496052346505998              
2       25             -0.01275456674691737               
5       34             -0.012870250521294008              
10      24             -0.013065700303464461              
26      40             -0.01351729623844973               
23      35             -0.013608159580149229              
19      23             -0.013608166897273732              
23      29             -0.0136081675645542                
21      34             -0.01366099771488452               
7       34             -0.01385326489915649               
13      37             -0.013872535240293388              
8       13             -0.013872535712276715              
5       10             -0.013986835625560842              
27      39             -0.014044199502866991              
37      39             -0.014078433124371112              
8       39             -0.014078433703510806              
24      36             -0.014485507764256611              
11      41             -0.014525724508664808              
20      41             -0.014525724802643206              
14      21             -0.014551060222235221              
28      36             -0.014640720115279476              
10      31             -0.014805076474575865              
10      17             -0.014805076682916446              
7       9              -0.014902294211925557              
32      41             -0.015230253832556037              
4       25             -0.015264174472474024              
18      19             -0.015412230292582013              
18      35             -0.015412237900612302              
18      29             -0.015412245980991668              
12      43             -0.01564967522006523               
4       22             -0.015696036693920126              
28      41             -0.01587500396752925               
20      25             -0.015949548896934937              
11      25             -0.0159495523473603                
10      42             -0.015961685903569167              
23      43             -0.01603616530965621               
13      31             -0.01617302458166474               
13      17             -0.016173024738992486              
18      41             -0.01618391483104814               
10      14             -0.016356695296547125              
29      36             -0.01660142106993419               
19      36             -0.0166014275391637                
35      36             -0.016601427735433924              
12      31             -0.016624748074024254              
12      17             -0.016624755680843442              
31      37             -0.016703672350432852              
17      37             -0.016703672516843807              
8       31             -0.016703672892804722              
8       17             -0.016703673059215662              
9       22             -0.01676637417621378               
24      27             -0.016897028594648478              
2       11             -0.017000049174348317              
2       20             -0.01700004947567431               
19      24             -0.017068187352936637              
24      29             -0.017068188234823672              
24      35             -0.017068194979894646              
6       7              -0.0173900416149866                
12      19             -0.0174181270854048                
12      35             -0.01741812724164339               
12      29             -0.017418127866597813              
22      40             -0.01777502480012985               
28      39             -0.017810758724560838              
12      26             -0.0178190506190975                
39      42             -0.017837865219201568              
13      19             -0.017854291195312885              
13      35             -0.017854291352640647              
13      29             -0.017854291981951737              
5       42             -0.01794283543650116               
13      14             -0.01810802601892178               
13      24             -0.018123413392244478              
34      36             -0.018177133311239352              
27      31             -0.018301693404504105              
17      27             -0.018301693564690205              
7       42             -0.018325247158523586              
4       27             -0.018620906987027855              
5       27             -0.018700933496029984              
9       32             -0.01879547061424218               
3       39             -0.01884223137376538               
13      32             -0.01906514884004401               
13      39             -0.019157702338560664              
11      14             -0.019421160476637667              
14      20             -0.019421160753332667              
9       30             -0.01963828895496808               
34      41             -0.019676546698570843              
26      30             -0.01991627151475653               
2       28             -0.019960850722592127              
4       41             -0.019999642450143768              
25      40             -0.02004440970333031               
9       33             -0.02005489461591152               
9       15             -0.020054894988835822              
4       21             -0.020068685834325153              
12      27             -0.020235206350246546              
17      43             -0.02027320295883185               
31      43             -0.020273217639425703              
19      37             -0.020291654907763593              
8       35             -0.02029165561685274               
8       29             -0.02029165628249656               
35      37             -0.020291662524755144              
8       19             -0.020291662901022384              
29      37             -0.020291663190398962              
5       37             -0.020310686381757356              
5       8              -0.020310686975096984              
9       43             -0.02053386522522295               
10      28             -0.02062661875820873               
1       36             -0.02080330814818418               
10      13             -0.020976450961219723              
21      22             -0.020985669307849633              
6       31             -0.02100894113550464               
6       17             -0.02100894132188405               
25      39             -0.021066440014869972              
25      28             -0.021144669082398662              
8       9              -0.021272237774114106              
9       37             -0.021272252115888818              
1       40             -0.02135827699069137               
3       26             -0.02142726042819304               
18      38             -0.021511592270447785              
7       40             -0.02151754742152276               
27      30             -0.021593027387566174              
14      27             -0.021594424745809915              
3       27             -0.02189879582384105               
5       28             -0.021987035444319958              
7       18             -0.02225530543977386               
14      26             -0.022341215239962034              
28      43             -0.02239373788985634               
22      31             -0.022524671679152092              
17      22             -0.02252467184647136               
11      39             -0.022596401263637392              
20      39             -0.022596401553207218              
2       19             -0.022600080381143597              
2       35             -0.022600080582027587              
2       29             -0.022600088836144172              
7       22             -0.022819967082468945              
16      18             -0.022842157119033202              
13      26             -0.023168490716505077              
2       34             -0.02321190936740089               
31      40             -0.023316534394582783              
17      40             -0.023316542036748836              
9       16             -0.02349548495300194               
5       25             -0.02354848892514709               
3       5              -0.02402969709415835               
30      43             -0.02415238715138715               
2       15             -0.02419245021827776               
2       33             -0.024192457267090364              
1       12             -0.02425049789377043               
24      32             -0.024298772360704088              
34      39             -0.024435873517265172              
20      33             -0.024440038624922597              
11      33             -0.024440042061809455              
15      20             -0.024440042614745736              
11      15             -0.024440049776922892              
3       35             -0.024589975450896903              
3       19             -0.0245899827070568                
3       29             -0.024589983679160266              
1       18             -0.024711088108750792              
5       11             -0.024792544428410876              
5       20             -0.024792544725080676              
2       22             -0.024843289715889838              
9       23             -0.02486659519245553               
12      16             -0.024946141171358696              
24      30             -0.025028840190885165              
13      27             -0.025106090313803522              
26      29             -0.025191219330809547              
19      26             -0.02519122226400361               
26      35             -0.025191222422422846              
25      34             -0.025264779928652434              
10      34             -0.025710455874277283              
32      36             -0.025750358540118645              
17      33             -0.02576362182101588               
15      31             -0.02576362199032818               
15      17             -0.025763622182597118              
31      33             -0.02576362907932754               
21      23             -0.025877979029065315              
2       23             -0.02606854265843163               
5       12             -0.026091916374464605              
21      29             -0.026177181521217632              
21      35             -0.026177188281802724              
19      21             -0.026177195559884445              
12      39             -0.02633107242376119               
2       18             -0.02661753180880244               
3       31             -0.026800845627140926              
3       17             -0.026800853272142183              
2       27             -0.02684086080003717               
16      23             -0.026934093727839156              
14      28             -0.027025597929013462              
2       10             -0.02706971282522848               
34      43             -0.027094827650063047              
22      38             -0.027134314783864424              
1       27             -0.027383949456041598              
2       37             -0.027609272184779085              
2       8              -0.027609272787431083              
18      42             -0.027638600836362548              
13      16             -0.027941373916288273              
16      37             -0.02823056777703177               
8       16             -0.02823057201878644               
21      32             -0.028271494909563863              
27      32             -0.02830435035506146               
35      39             -0.02838722634475936               
19      39             -0.028387233602293394              
29      39             -0.028387234567526204              
5       33             -0.0284076604833563                
5       15             -0.028407668329496635              
8       21             -0.028726083737782557              
21      37             -0.028726086945576226              
12      22             -0.02876982225319573               
16      24             -0.029087938308558034              
26      43             -0.02917053075664111               
36      37             -0.029177026171457884              
8       36             -0.029177026760268537              
22      30             -0.029207130006131385              
10      23             -0.029231309848934545              
22      32             -0.029271312356305965              
22      26             -0.02938284809576211               
6       32             -0.029536545209422532              
18      33             -0.029539558146106384              
15      18             -0.02953955846100577               
14      25             -0.02966706134813607               
7       27             -0.03009316593374499               
3       43             -0.030171993527327745              
18      25             -0.0302222886840781                
12      32             -0.030353057798268246              
23      32             -0.030509550598854907              
30      36             -0.030695456317134884              
33      39             -0.030818273323056575              
15      39             -0.03081827370914969               
5       19             -0.030849491227160075              
5       35             -0.03084949142493995               
5       29             -0.030849492216059426              
37      42             -0.030858873553814767              
8       42             -0.03085887409732954               
25      32             -0.030955657192198255              
7       39             -0.031306820233150054              
4       38             -0.031496286743401186              
4       8              -0.03164511393502331               
4       37             -0.03164512081093854               
26      33             -0.03186390611297586               
15      26             -0.03186391015510466               
12      21             -0.032024856810767374              
23      33             -0.032030322269904474              
15      23             -0.03203032253681666               
16      36             -0.03227296554955271               
10      11             -0.03234669483034301               
10      20             -0.032346695142853904              
19      38             -0.03277335546917473               
35      38             -0.03277336311856513               
29      38             -0.03277336391380431               
11      38             -0.03290458223996652               
20      38             -0.03290458253818121               
2       43             -0.032933234705196796              
1       30             -0.032935782473384786              
21      30             -0.03304495514947607               
30      42             -0.033124945064769484              
8       32             -0.03324405507059709               
32      37             -0.03324405825338882               
2       13             -0.03326765164922539               
15      28             -0.03351836540726219               
28      33             -0.03351837260649852               
7       12             -0.034337453277661176              
13      42             -0.03449044783605132               
8       38             -0.03449084437992503               
37      38             -0.03449085123407622               
16      27             -0.034628698554222445              
23      36             -0.03470662016320995               
26      32             -0.03497424479337376               
39      40             -0.03507312158906514               
24      40             -0.03517766739370648               
14      17             -0.035352370718614426              
14      31             -0.03535237798473172               
11      43             -0.035368131996368526              
20      43             -0.035368136052509866              
23      42             -0.035373087438710704              
9       10             -0.0358399078380907                
9       26             -0.03589958036067546               
15      34             -0.036404595795426                 
33      34             -0.036404599257824535              
1       9              -0.03645807830380396               
13      25             -0.0365479160020349                
10      36             -0.036865708566528405              
17      42             -0.036919361318749094              
31      42             -0.036919364862867815              
4       24             -0.037043081032615846              
9       27             -0.03711785708723589               
16      22             -0.037288323241119026              
4       31             -0.03739101864886461               
4       17             -0.037391018840419704              
14      33             -0.03750663344976579               
14      15             -0.03750664126927304               
5       40             -0.0376728201040613                
16      26             -0.03810914076508762               
1       28             -0.03841002113901894               
4       6              -0.03852657108633191               
33      41             -0.03862413042510372               
15      41             -0.038624130817074914              
8       15             -0.03901220007426884               
33      37             -0.03901220288993035               
15      37             -0.03901220322275224               
8       33             -0.03901220346673723               
18      43             -0.039037192009092905              
24      39             -0.03910270889341644               
23      38             -0.039110767976390265              
14      29             -0.04001231771087338               
14      19             -0.04001232051384705               
14      35             -0.04001232069831037               
2       7              -0.04004208667165193               
5       24             -0.040527330073043974              
1       3              -0.04081869619954856               
28      38             -0.041136552713054955              
1       23             -0.04127116421793646               
12      25             -0.04136606702243564               
3       24             -0.04164729152471615               
16      21             -0.041664245415268225              
31      41             -0.041907697639516864              
17      41             -0.04190770528608305               
25      30             -0.042462398976992                 
7       19             -0.04263856106991888               
7       29             -0.04263856211623468               
7       35             -0.04263856872976264               
16      25             -0.04317457447620543               
35      41             -0.04328703939056182               
29      41             -0.043287040174504215              
19      41             -0.04328704664515681               
10      18             -0.04381351825330018               
26      36             -0.04394183662436374               
1       34             -0.04402167316332943               
26      42             -0.044941964613884666              
7       28             -0.04525394024925246               
32      42             -0.04532149346352615               
7       30             -0.045512395657969634              
27      36             -0.045842463280460016              
7       31             -0.046367121398803335              
7       17             -0.04636712160806647               
6       36             -0.046715272035853336              
16      42             -0.04731478783205027               
14      38             -0.04745577005157592               
24      41             -0.047723013894808874              
30      33             -0.04831300029600365               
15      30             -0.048313000611739126              
6       41             -0.04836780901945034               
7       11             -0.04982984352310005               
7       20             -0.04982984383699478               
12      33             -0.04992841390310103               
12      15             -0.04992841421557824               
38      40             -0.050237844101303164              
14      30             -0.050297783518994624              
35      43             -0.050383230105565724              
29      43             -0.05038323098783516               
19      43             -0.050383237335578965              
21      42             -0.05067017561187734               
3       6              -0.05071716603514777               
6       40             -0.05107897157813085               
6       9              -0.05211614498712089               
9       25             -0.05237555791637376               
22      41             -0.05250694279525829               
1       11             -0.053043868815653844              
1       20             -0.05304386913717672               
12      38             -0.0532102862771994                
9       40             -0.053316565771948224              
30      38             -0.05350999078261756               
25      36             -0.05562739355023778               
6       39             -0.05573419858447086               
36      40             -0.057784796352011725              
21      33             -0.06073338362186759               
15      21             -0.06073338396686534               
14      32             -0.06186371513349212               
4       10             -0.06446377264591006               
14      16             -0.06459567698974628               
4       7              -0.06827534269495464               
1       19             -0.06874268602616097               
1       35             -0.06874268624050957               
1       29             -0.0687426870979039                
10      40             -0.06913728204939917               
5       6              -0.07248433288502217               
