#======================================================================
# PARAMETERS USED FOR THIS COMPUTATION: 
#	Sequence type: RNA
#	Total number of sequences in alignment data: 6129
#	Length of sequences in alignment data: 36
#	Value of sequence identity: 0.8
#	lambda_h: 7.0
#	lambda_J: 7.0
#	Number of gradient decent iterations: 500
# The First and Second columns represent sites and the
# Third column is PLMDCA Frobenius norm, average product corrected (APC) DCA score
#======================================================================
1       36             0.32348422510627906                
2       35             0.2641270841854409                 
15      23             0.22704338709564847                
5       32             0.21170710854422028                
3       34             0.19754024908317286                
4       33             0.18241840409416143                
9       29             0.1742848731175543                 
11      27             0.1405991051738534                 
7       30             0.13884188093898037                
6       31             0.13728120731807114                
12      26             0.11842211001629938                
33      34             0.09877435943845196                
34      35             0.08525242353037842                
30      31             0.08347653709907092                
14      24             0.07888715434332941                
4       34             0.07844820015828828                
29      35             0.0739953860870585                 
9       35             0.07023832863613637                
4       5              0.0698588142650191                 
4       35             0.06905201471819833                
5       33             0.06864576044521882                
3       33             0.06845669243977962                
3       36             0.06829104864514277                
4       36             0.06685558491201858                
3       35             0.06626612274389963                
2       9              0.0643915897204725                 
16      22             0.06392136358751008                
2       29             0.06304933664806177                
32      35             0.06220406376851252                
19      21             0.06199530455196564                
18      19             0.06146133916918868                
16      18             0.060635971400104405               
16      21             0.06053767453007479                
8       20             0.06051720949960876                
16      19             0.06045391991104701                
18      22             0.0602891237348383                 
16      17             0.0601967639805141                 
19      22             0.06004319817540796                
21      22             0.05990993612894169                
17      22             0.05956300783693179                
34      36             0.059426406736400705               
18      21             0.05916907329732114                
32      33             0.059160240938379544               
17      19             0.059138497074729984               
17      18             0.05882226406522878                
1       4              0.05776625593114407                
17      21             0.05739979605300319                
5       35             0.056646539112587435               
5       29             0.054760313358265214               
6       30             0.05447512827701903                
7       31             0.0499225821211319                 
6       7              0.049881811059460573               
5       9              0.04948936055498199                
7       10             0.0494337047361226                 
29      32             0.049099176369312075               
31      36             0.04711287257204495                
13      25             0.04514247103734856                
4       32             0.04449718025238532                
20      21             0.043753979255358226               
9       32             0.04285474056920863                
1       3              0.04285388517176443                
33      35             0.04274573652632847                
7       8              0.04208624664133167                
30      36             0.0418673107938924                 
35      36             0.04185715279517707                
20      22             0.04168331977189017                
19      20             0.041352744959309726               
18      20             0.040568287164973                  
16      20             0.04047968100582275                
2       11             0.03874181898880685                
2       31             0.038673102427662004               
14      16             0.03814134724123007                
14      22             0.037945029642526204               
14      19             0.03788328820758827                
14      18             0.037715306861534764               
2       8              0.03759509560534961                
14      17             0.03757035967978539                
14      21             0.03705662744862355                
22      24             0.03697965903446948                
16      24             0.03694749440928417                
18      24             0.03657678703994008                
17      20             0.03654680968379424                
19      24             0.036364551462805164               
17      24             0.03581096046552562                
21      24             0.03543108829557419                
25      28             0.035296705277268206               
13      28             0.03495708971233809                
5       6              0.03480695845551654                
1       31             0.03391315639795124                
1       5              0.03308921388668393                
12      25             0.03288193438181562                
12      13             0.03245395415095571                
13      26             0.03242327951610785                
29      36             0.03231107475953375                
2       33             0.031382735810202164               
25      26             0.03128805866709751                
32      36             0.03126605892892605                
11      30             0.03111128381935023                
1       30             0.030411238679285413               
10      30             0.030370280990424103               
12      23             0.030174903638616843               
23      26             0.029681112987966926               
8       30             0.02937285532627365                
9       36             0.028754880076074046               
10      29             0.02820292285036631                
9       10             0.028186573813364438               
2       4              0.027894232183482526               
12      28             0.02729514828790336                
26      28             0.026050650890691668               
15      25             0.026017060377287987               
13      15             0.025902931614148805               
12      15             0.025766684860772895               
23      25             0.025342571184421903               
13      23             0.02533049179675824                
5       36             0.025289443540151807               
1       32             0.025084468929892453               
15      26             0.02489532286557454                
14      20             0.024479498533074892               
1       33             0.024313409261283878               
10      13             0.024232067607292462               
13      19             0.024164189524681676               
10      25             0.024003273535272457               
19      25             0.023983154157775688               
31      32             0.02354225474865715                
25      27             0.02261314101081821                
13      27             0.022485012231430165               
15      28             0.022218608065034257               
21      25             0.021982091100429035               
18      25             0.021848304836232624               
16      25             0.02179718904230553                
22      25             0.021768692555904134               
13      21             0.0215484328635054                 
17      25             0.021521682317480376               
13      18             0.021509106591784843               
13      16             0.021448771635237784               
6       32             0.021446524409860293               
13      22             0.02140145029485871                
23      28             0.021401007188784252               
13      17             0.021069612264187257               
9       27             0.020637731407156523               
1       8              0.020087289067682076               
20      24             0.01938697299957609                
11      36             0.019380860257457833               
19      28             0.01928432877662857                
20      26             0.01885501074124124                
12      17             0.018788801577158287               
10      28             0.018701082350729592               
4       29             0.018372050564560746               
15      24             0.018030996546808925               
27      29             0.017877238546150184               
3       10             0.01778592538830666                
22      28             0.017372480789157888               
16      28             0.0173566350257751                 
18      28             0.017133346303258162               
4       9              0.017020638824205264               
23      24             0.016924707401701572               
21      28             0.016668281710850358               
17      28             0.01660291352762823                
27      33             0.01634491137794615                
12      20             0.01628673195205551                
14      25             0.016228377204837996               
13      14             0.015955695290116645               
27      28             0.015148876087915389               
24      25             0.015034456732298807               
12      18             0.015004161327724488               
6       8              0.014876522289852548               
10      12             0.014804110163083278               
13      24             0.01469951098310554                
1       34             0.014477647355280523               
11      31             0.014433264473022928               
31      35             0.014383525803498706               
20      25             0.014202057756130551               
3       24             0.01394199086169666                
7       25             0.013889978850369675               
2       27             0.013673813163141035               
12      21             0.013609580003815389               
9       34             0.013558035637114857               
1       29             0.013365749751776929               
17      26             0.013254913035666033               
3       14             0.013139705194575357               
7       13             0.013117098347418824               
13      20             0.012952751224270462               
18      26             0.012657392127877004               
12      19             0.012625698259998444               
1       6              0.012328173256155123               
12      16             0.012318864737179566               
14      28             0.012294101700851101               
12      27             0.012148833837010403               
1       35             0.012091944198826338               
6       36             0.011902968112515816               
10      26             0.011877128723371239               
12      22             0.011841022874058443               
29      34             0.011818342195947754               
21      26             0.011754315037716082               
6       28             0.01137076784293134                
6       13             0.011049014885461506               
24      28             0.010969846566771982               
8       23             0.01062371740988071                
16      26             0.010615081083332659               
7       28             0.010440383860691627               
19      26             0.01033072409989487                
3       20             0.010167038281423159               
20      28             0.010028341465594379               
6       25             0.009976447796553545               
22      26             0.00996737414232328                
8       15             0.00972549269412884                
12      24             0.009719455934195279               
12      14             0.009356897096812256               
8       10             0.009214875923397703               
1       9              0.009133694596208317               
11      25             0.009004298077393821               
14      26             0.00878637580573284                
4       6              0.008779047666657963               
11      13             0.008698544659625274               
32      34             0.008113119538250863               
24      26             0.007801465202964555               
1       11             0.007647172754243259               
10      15             0.007576879275770665               
5       31             0.007573741995496125               
7       36             0.007529827379353607               
8       9              0.007429981139420047               
2       3              0.007294498794333679               
28      31             0.0072289066614556335              
11      33             0.007196964789289426               
26      27             0.006996821196616668               
2       34             0.006769638994020485               
15      18             0.006726020526267626               
15      16             0.006716814899480533               
10      23             0.006710033279643979               
7       11             0.006545388969549482               
15      22             0.0065331757228629245              
15      19             0.006528325329790474               
9       33             0.0064697603172940155              
15      21             0.006330393774819212               
15      17             0.006296247620633105               
16      23             0.006246953265691441               
2       6              0.006173483922618822               
22      23             0.006003573896171774               
8       29             0.0056594599462805595              
4       8              0.005648803210132669               
21      23             0.005522479148638418               
18      23             0.005279326903726331               
17      23             0.005132368693231193               
19      23             0.00506718162158909                
14      15             0.004594286962376057               
8       31             0.004545724322147844               
20      27             0.004351504577712231               
18      27             0.004161903140131734               
11      28             0.0041144955807072975              
15      27             0.004034173177806702               
10      17             0.0037848811175898583              
10      18             0.003556813982249954               
10      16             0.003534664265274462               
14      23             0.003401830528926883               
17      27             0.003373169444466556               
10      22             0.003284121231578313               
29      33             0.003175361039041036               
23      27             0.003097855002126809               
8       35             0.002743727706973391               
10      19             0.002714184684807358               
10      21             0.0024572092386558886              
33      36             0.0024395408702948956              
4       31             0.0021099720341374723              
10      27             0.0020872236348383616              
11      12             0.0020179389583475232              
10      34             0.0016837803275750046              
11      26             0.0010965232038947503              
8       36             0.0008745564511045481              
8       34             0.0005795964997598047              
6       11             0.0005329470056741753              
13      31             0.0004516012445816425              
19      27             0.000436874075526103               
22      27             -0.00017009909550454172            
25      30             -0.00018260956176070764            
3       11             -0.00042591831705791894            
10      14             -0.00042789781972817076            
25      31             -0.00048805555607715767            
5       7              -0.0005534305961470698             
16      27             -0.0006547899114957845             
30      32             -0.0010803063939470309             
13      30             -0.0011357191822913837             
5       8              -0.001160259491115881              
21      27             -0.0012982026002287816             
1       2              -0.0015644380504694494             
24      34             -0.0016240498157063382             
3       32             -0.0017014501923224984             
2       32             -0.0018795061519038675             
14      34             -0.0021257308493142085             
8       33             -0.002130082419029407              
2       5              -0.0021684019988797154             
10      24             -0.0024529115794856005             
28      30             -0.002553965489883167              
7       12             -0.002703667258132217              
11      15             -0.00271499506343717               
6       26             -0.0028441628689554327             
7       26             -0.0029301014080329174             
1       20             -0.003094001680417291              
14      27             -0.0035175510342087962             
9       11             -0.0035502931307043184             
11      23             -0.0037230798658655223             
6       12             -0.004103371876414297              
14      36             -0.004666585068607662              
8       28             -0.004770247810877502              
24      36             -0.00488223226718669               
7       15             -0.004991513314673193              
3       23             -0.005005398410718523              
27      34             -0.005057273473357493              
15      20             -0.005065438850154716              
11      35             -0.005383883086488336              
5       34             -0.005441402657261701              
30      33             -0.0055329276521872                
9       13             -0.005653861887463862              
8       25             -0.005697018624072049              
11      29             -0.005731451380675823              
9       25             -0.005754552147891209              
25      29             -0.006160401969650842              
24      27             -0.006176043988004587              
13      29             -0.006473608035438672              
20      23             -0.006586520775170579              
7       23             -0.006681803475849804              
6       15             -0.00682772764525362               
10      35             -0.006833201531953367              
11      18             -0.007236654903365863              
3       5              -0.007328823261922468              
8       13             -0.007537078647936589              
6       23             -0.00771675844689515               
7       9              -0.007733430476519712              
7       29             -0.00786134105402643               
3       31             -0.007880715637133828              
28      32             -0.007934539908145744              
1       7              -0.007978863201588846              
30      34             -0.00810735492056508               
2       10             -0.008195724706757293              
3       4              -0.008795762092730697              
30      35             -0.009054250926537763              
1       18             -0.009079603674864642              
7       16             -0.00941960721447875               
31      33             -0.009689569716787721              
11      19             -0.009788421160491792              
7       32             -0.009790821297361002              
11      17             -0.01004908303656156               
7       22             -0.010426775654749643              
1       21             -0.010469802923966487              
11      21             -0.010638875318659244              
7       17             -0.01065112398660549               
7       21             -0.010673783801036979              
26      33             -0.010762276378700406              
11      22             -0.01091686518733799               
10      11             -0.010943646804884535              
7       14             -0.010954367747775154              
3       15             -0.010986395186505418              
5       27             -0.011120815248881769              
11      16             -0.011211645544586313              
2       23             -0.011278744490857265              
8       26             -0.011460227336956015              
4       11             -0.011637081063969656              
2       36             -0.011714738802786062              
1       19             -0.011785264094394954              
4       30             -0.011798178574375831              
5       28             -0.012037743075267879              
1       17             -0.012391655125728984              
3       8              -0.012426970765768694              
5       30             -0.012495555525524282              
28      29             -0.012501048068649448              
2       12             -0.012636744474522565              
1       16             -0.012838634153182635              
1       22             -0.01294832000641985               
7       18             -0.012969884071899071              
7       19             -0.013135478092343722              
4       22             -0.013188846850036559              
9       28             -0.013411405909890345              
11      20             -0.01371709374083814               
2       20             -0.013768036528322328              
26      30             -0.013797330041481606              
7       24             -0.014042968229147454              
4       16             -0.014162489943937151              
8       12             -0.014195581233757963              
3       26             -0.014340707217096932              
10      20             -0.014354446357369974              
11      14             -0.014417988235207332              
15      30             -0.014590223174019978              
12      30             -0.014825188499810696              
3       7              -0.01492815022200858               
15      31             -0.014996449403146678              
7       27             -0.015012724021298385              
2       24             -0.015396984107585554              
11      24             -0.015567388543248906              
10      36             -0.01568457551774921               
26      31             -0.015795229264279426              
4       17             -0.015857008083392354              
6       14             -0.01592203626306503               
12      31             -0.01596364822421671               
15      32             -0.015992776925986843              
8       14             -0.01605981726748769               
6       10             -0.01624462633290466               
23      30             -0.016254079048688794              
13      32             -0.016402144645435407              
1       10             -0.016437034611929358              
6       27             -0.016586816334983143              
23      31             -0.016599985297366615              
2       26             -0.016708463883070984              
28      33             -0.017281689750637597              
6       21             -0.017336962015419344              
6       16             -0.01740633958750666               
8       16             -0.017479540939928255              
12      33             -0.017485337625226388              
5       13             -0.017584531619131927              
3       12             -0.01759258612998202               
2       14             -0.017612501309935455              
20      34             -0.017716556736689412              
9       12             -0.017735224854670717              
8       22             -0.01777176483558631               
8       24             -0.01781878645840508               
27      32             -0.017900969252493903              
8       17             -0.017997935641961366              
6       22             -0.01802590332802323               
12      29             -0.01804926452169299               
8       18             -0.01805417714607782               
2       15             -0.01815913016231467               
5       25             -0.01833518370171991               
4       18             -0.01840339502828714               
25      32             -0.018551131316027453              
9       26             -0.01857743074372141               
31      34             -0.01865350853295339               
23      32             -0.018708571947967392              
26      29             -0.01877451875247632               
3       30             -0.018893581698122358              
6       17             -0.019029687978050297              
4       27             -0.019082521862350585              
8       21             -0.019106470092634248              
6       19             -0.019184873536735314              
4       21             -0.019449672841435936              
20      32             -0.019988648639164913              
27      30             -0.020061334756291363              
4       19             -0.02015966937600311               
8       32             -0.020362235858225067              
11      34             -0.020408612083051322              
23      33             -0.020522932965146373              
26      32             -0.02053337397192133               
9       30             -0.020537199379043553              
6       18             -0.02095262178375934               
6       24             -0.020964627428786006              
9       15             -0.02096801617709801               
29      30             -0.02145014568323532               
2       30             -0.021503402128369986              
15      29             -0.021815833788605923              
6       20             -0.022003988270919657              
3       28             -0.022020322785723564              
9       23             -0.022137732861024342              
3       6              -0.02260197378793491               
17      31             -0.022699282428082695              
5       20             -0.022705156304326388              
21      30             -0.022767306435034954              
7       34             -0.022821451988607938              
6       34             -0.022861606996654377              
5       26             -0.022986495208432114              
26      34             -0.022999517562439453              
16      30             -0.02303569269091868               
23      29             -0.023057787158498905              
5       15             -0.023137277039456963              
17      30             -0.023180845275361864              
8       19             -0.02323095288002556               
8       27             -0.023263772548483122              
15      33             -0.023426834854148884              
22      30             -0.02350215868291998               
27      31             -0.02412661913537749               
14      30             -0.024241514573667355              
6       33             -0.024380827143570427              
12      32             -0.024461318030549087              
6       35             -0.02449525225277864               
5       23             -0.024635122718989905              
8       11             -0.02466174897941635               
18      30             -0.025335603897063144              
19      30             -0.025651097174510265              
21      31             -0.025660604547037835              
16      31             -0.025902834099252994              
14      31             -0.026018094730442587              
20      31             -0.026167351468562597              
5       12             -0.02625976307204894               
22      31             -0.026271457748448357              
1       24             -0.026482726262313988              
20      35             -0.026838624302486583              
24      30             -0.026983558586043718              
19      31             -0.027040874176216353              
1       14             -0.027293656840590305              
12      34             -0.027305055938885964              
3       25             -0.027616148378272545              
9       18             -0.02776723990242201               
3       13             -0.02831760617782228               
3       27             -0.02832788577169218               
18      31             -0.028484905090129936              
3       29             -0.028605328071568306              
3       9              -0.028670310132275736              
16      29             -0.028861005659265443              
9       16             -0.028929406652514034              
4       14             -0.029137387686704486              
24      31             -0.029255220614702954              
22      29             -0.029340842164205752              
9       22             -0.029435430917211514              
20      33             -0.02948844545519024               
20      30             -0.029565820420954597              
7       33             -0.02992993077603333               
19      29             -0.030039351877256676              
18      29             -0.030479111870074974              
9       19             -0.030548697017420634              
17      29             -0.030675607091513055              
22      34             -0.030689588660160638              
9       14             -0.03070771745692409               
24      35             -0.03079074116043426               
4       24             -0.03081874753127041               
16      34             -0.03083305034135722               
9       21             -0.030848642504277615              
14      29             -0.03097789443056108               
9       17             -0.03105719434619028               
2       13             -0.031142878250412426              
21      29             -0.03126749400252132               
13      33             -0.0313610535785535                
2       25             -0.031455952687668876              
10      31             -0.032035846878577745              
25      33             -0.03208112188481922               
3       22             -0.032145328123287964              
3       17             -0.03216602655317262               
7       35             -0.03246643460001766               
18      34             -0.03264348910369795               
3       16             -0.032778467641302                 
2       28             -0.032826773244433755              
19      34             -0.032920227346432435              
17      34             -0.03319365875409733               
9       24             -0.033209822173793244              
14      35             -0.03326334305964164               
24      29             -0.03334906960779786               
3       21             -0.03343472442478938               
24      33             -0.033462040626052666              
4       20             -0.03356403017332135               
21      34             -0.03471333926691031               
21      32             -0.03505019157499992               
4       26             -0.03506273395214063               
9       31             -0.035269957840389485              
19      33             -0.03552531982220647               
24      32             -0.03576174281861262               
3       18             -0.03577025025393363               
6       29             -0.03591167786620361               
3       19             -0.03604129394540111               
19      32             -0.03636112767103977               
17      32             -0.03709685037030497               
29      31             -0.03713868683590679               
28      34             -0.0372933157475769                
5       21             -0.037325098912322455              
5       17             -0.03745333866266498               
18      32             -0.03759485297987411               
6       9              -0.03787220646863784               
27      35             -0.03801050432872172               
15      34             -0.038271964053392296              
16      32             -0.038292892475036616              
4       7              -0.03832022693671898               
9       20             -0.03838175272929521               
22      32             -0.038385165694506465              
14      32             -0.038397482716412926              
5       16             -0.038624653108200666              
5       24             -0.03885966663427523               
27      36             -0.038992485580785136              
5       14             -0.039153434751508925              
5       22             -0.03915939920449246               
22      33             -0.039295902951402395              
7       20             -0.039532604848189136              
23      34             -0.03959685815930289               
5       18             -0.03960909301393743               
16      33             -0.03965209689146955               
1       27             -0.03999008153128508               
5       19             -0.040013567320090065              
18      33             -0.040053201652644685              
10      33             -0.04011975213075569               
4       28             -0.04015909726107102               
14      33             -0.04043243793702597               
4       12             -0.0405523447230135                
10      32             -0.04091089529105993               
5       10             -0.04143860089045097               
11      32             -0.041772333897371214              
20      36             -0.04199565791177419               
18      36             -0.04202739693974254               
17      36             -0.042355017918753485              
20      29             -0.04248558184362744               
25      34             -0.0427010825848884                
21      35             -0.04286535659571794               
19      36             -0.0428969696452587                
21      36             -0.04330765716750995               
4       23             -0.04381389814002494               
13      34             -0.04393606188846526               
21      33             -0.04440036895813025               
22      36             -0.04443867471725245               
19      35             -0.04457181348550056               
4       15             -0.04488015282315956               
5       11             -0.044946967656436465              
16      36             -0.04515748656152434               
17      35             -0.04568812049902077               
4       10             -0.04634068644133639               
15      35             -0.04720341062895944               
17      33             -0.047302987802801                 
26      35             -0.04755626862974148               
28      35             -0.04766230572195032               
2       19             -0.047945312550097166              
2       21             -0.04807630457682842               
18      35             -0.049032074185270405              
23      35             -0.049255331279656187              
22      35             -0.04982953517664643               
2       17             -0.04997098008027122               
2       18             -0.05024712000850538               
4       13             -0.05043354319650406               
2       7              -0.050538816993310795              
16      35             -0.05163296189770947               
4       25             -0.051944518381501256              
2       22             -0.052580426985720574              
2       16             -0.05368487350241184               
12      36             -0.05515272319874133               
1       12             -0.05522676240221269               
23      36             -0.0559164599147554                
28      36             -0.05599375015718684               
26      36             -0.056809438307367344              
12      35             -0.05688197626469653               
15      36             -0.05927366674829511               
25      35             -0.05969049485696247               
13      35             -0.06025844810147998               
1       26             -0.06032910379906127               
1       15             -0.06307549678281277               
1       23             -0.06330462451325068               
1       28             -0.06688374723702713               
25      36             -0.07334338777093691               
13      36             -0.07353187356265294               
1       13             -0.07638309988714889               
1       25             -0.07849115529335486               
