#======================================================================
# PARAMETERS USED FOR THIS COMPUTATION: 
#	Sequence type: RNA
#	Total number of sequences in alignment data: 12
#	Length of sequences in alignment data: 34
#	Value of sequence identity: 0.8
#	lambda_h: 6.6000000000000005
#	lambda_J: 6.6000000000000005
#	Number of gradient decent iterations: 500
# The First and Second columns represent sites and the
# Third column is PLMDCA Frobenius norm, average product corrected (APC) DCA score
#======================================================================
8       25             0.2811246172684004                 
12      21             0.2756724606896142                 
7       26             0.2607724824928662                 
2       31             0.2602186391596779                 
3       30             0.20891423272459061                
13      20             0.1576592084192922                 
20      23             0.13948693545625376                
13      23             0.13948693314136362                
9       24             0.1374532396921564                 
30      34             0.13311812397140857                
3       34             0.13311812276428303                
6       27             0.13169232365731867                
5       28             0.13111910406901894                
1       32             0.12871213277142088                
28      34             0.11911874559520086                
15      24             0.11876918547218215                
9       15             0.11876917620017315                
17      23             0.11518478946891283                
14      19             0.1146596554611817                 
28      33             0.10684745549003791                
10      18             0.10081370189543234                
13      17             0.09977244714900876                
17      20             0.09977241982203239                
5       16             0.09465338091835587                
7       17             0.09078430656443648                
17      26             0.09078430594559997                
16      28             0.0897773897916323                 
12      33             0.08927344103871124                
21      33             0.08927343739125396                
27      34             0.07714573429072363                
6       34             0.07714573417001108                
10      23             0.07533569634175816                
14      15             0.0745568719217477                 
15      19             0.07455686129457241                
5       34             0.07415933574762276                
3       6              0.06493289518586554                
27      30             0.0649328814328209                 
6       30             0.06493288130083162                
3       27             0.06493286551553243                
5       18             0.063404490432659                  
9       28             0.06184595115221293                
24      28             0.06184594409089175                
9       18             0.06062260274542923                
18      24             0.06062259545098379                
4       22             0.0604631467604                    
4       29             0.060463139106919896               
11      29             0.0604631379706826                 
22      29             0.060463136956185014               
11      22             0.06046313072300151                
4       11             0.060463125423155746               
10      17             0.05988502609723034                
18      28             0.059034470276296214               
10      13             0.058682592153274565               
10      20             0.05868254990935476                
5       21             0.058177709722424864               
5       12             0.058177698285473506               
28      30             0.057059639718501476               
3       28             0.05705962350968824                
3       7              0.05548883632671306                
7       30             0.055488822819139916               
26      30             0.05548882215919343                
3       26             0.05548882076560538                
17      18             0.05452732900229998                
5       33             0.053703095579486604               
5       9              0.05330519748149208                
5       24             0.05330519028659475                
7       18             0.052574825604190606               
18      26             0.05257482492877902                
2       32             0.0525677336979752                 
1       31             0.05256773117251415                
1       2              0.05256773075883735                
31      32             0.05256770430932961                
11      14             0.05253975874533306                
14      29             0.05253975752504788                
11      19             0.05253974717172387                
19      29             0.05253974595143875                
4       19             0.052539740860076053               
19      22             0.05253973870423901                
4       14             0.05253973753252411                
14      22             0.05253973537668695                
16      34             0.05217351401626019                
16      33             0.05187916827501304                
33      34             0.05005202382296059                
7       23             0.045941703326757954               
23      26             0.04594170274803541                
13      16             0.042460540703639804               
16      20             0.04246052836959263                
5       15             0.04147386301302161                
16      17             0.041344272293497214               
15      28             0.04126459871283737                
15      18             0.039160744305370615               
8       31             0.038896727140621284               
2       8              0.03889671176539099                
25      31             0.038896709752497316               
2       25             0.038896709278428226               
2       3              0.038232366482609775               
30      31             0.03823235323984339                
2       30             0.038232352711886214               
3       31             0.03823235210940576                
17      33             0.0365303819773391                 
21      28             0.03362321051251316                
12      28             0.03362319901124736                
20      31             0.03055932673592189                
2       20             0.030559326285384616               
13      31             0.030559324475046626               
2       13             0.030559309123348158               
10      28             0.029621860482493295               
7       20             0.028015819758724497               
20      26             0.028015819195552905               
7       13             0.02801581697154834                
13      26             0.028015801507215582               
20      33             0.027999740057417843               
13      33             0.027999722350520312               
22      24             0.027143506476934184               
4       24             0.027143501737955295               
24      29             0.027143498770542104               
9       22             0.02714349595840254                
11      24             0.027143492854830392               
4       9              0.027143491219423485               
9       11             0.027143489786879263               
9       29             0.02714348080142988                
16      26             0.02670866760490495                
7       16             0.02670865334552222                
27      29             0.026551308461513073               
22      27             0.0265513012649643                 
6       22             0.0265513011838045                 
6       29             0.026551300929772675               
4       27             0.026551296507121014               
4       6              0.026551296425961213               
11      27             0.026551295084542806               
6       11             0.026551295003383005               
1       4              0.0253879865364217                 
1       22             0.025387983795812794               
4       32             0.025387981195996                  
11      32             0.025387979748127176               
22      32             0.025387978455387164               
1       11             0.025387977637972237               
1       29             0.02538797608668418                
29      32             0.025387970746258565               
8       18             0.024277686518960895               
18      25             0.02427768354714982                
12      32             0.02381006106612782                
21      32             0.023810058377228577               
1       12             0.023810057817960778               
1       21             0.023810055129061466               
10      33             0.02292634310522207                
12      26             0.02163277465111918                
7       21             0.02163277165243771                
21      26             0.021632771027790182               
7       12             0.021632760374605486               
10      24             0.020795626631398514               
9       10             0.020795618371059477               
31      33             0.020592250242185084               
2       33             0.020592234779876623               
16      18             0.01945043265866339                
5       10             0.01875213783028315                
12      16             0.01756450418939448                
16      21             0.01756450085214628                
18      34             0.016846118344424316               
11      15             0.01642564862245098                
15      29             0.016425647058797607               
4       15             0.016425635180699616               
15      22             0.01642563241824531                
1       14             0.016115872128864284               
14      32             0.01611585934286408                
19      32             0.01611585613247074                
1       19             0.01611585401730986                
19      24             0.015809885978489258               
9       19             0.015809882920935076               
14      24             0.015809881783180962               
9       14             0.015809871275046433               
14      27             0.014648713721106196               
6       14             0.014648698738592661               
19      27             0.014648695535486284               
6       19             0.014648695454133942               
8       12             0.01415158412950493                
12      25             0.014151581381055905               
8       21             0.014151581048055778               
21      25             0.014151578299606699               
27      28             0.014059230824029906               
6       28             0.014059230693264715               
8       26             0.013762095019223153               
25      26             0.013762091953329392               
7       8              0.0137620807106483                 
7       25             0.013762077644754594               
12      34             0.013163234871907292               
21      34             0.01316323173338077                
4       23             0.01044408908583129                
22      23             0.01044408601860182                
11      23             0.010444080014827578               
23      29             0.010444078278659966               
11      25             0.010080383874975785               
22      25             0.010080382393509835               
25      29             0.010080382097216636               
8       11             0.010080370759330284               
4       25             0.010080370633056474               
8       22             0.010080369277864362               
8       29             0.010080368981571178               
4       8              0.010080364967991529               
16      32             0.008220987572076163               
1       16             0.008220984234827935               
5       8              0.008089463506397637               
5       25             0.008089460575143204               
1       7              0.007738736728653134               
1       26             0.007738736211557129               
7       32             0.00773872545082091                
26      32             0.007738724933724933               
2       22             0.007562980716603593               
4       31             0.0075629765863219345              
2       4              0.00756297626168273                
2       11             0.007562974679070036               
22      31             0.007562973590662214               
29      31             0.007562973308052806               
2       29             0.007562972983413588               
11      31             0.007562967553128658               
30      32             0.007460037582027873               
3       32             0.007460036547835877               
1       30             0.007460034150306147               
1       3              0.007460033116114109               
8       33             0.006973169505740701               
25      33             0.006973151518269521               
5       30             0.006651321707410202               
3       5              0.006651320375021835               
7       33             0.004850710131974301               
26      33             0.004850694529379029               
6       10             0.0043849273769167585              
10      27             0.004384912598733734               
3       16             0.004172458443972404               
16      30             0.0041724448263681935              
12      13             0.0035657807868948455              
20      21             0.003565780356992565               
13      21             0.00356577785840248                
12      20             0.003565768384323681               
10      14             0.0025546310714109344              
10      19             0.0025546286629360426              
11      20             0.0021895076166211502              
4       13             0.002189507570305546               
11      13             0.002189505993425045               
20      29             0.002189505927106372               
13      22             0.0021895045854960354              
13      29             0.002189504303910239               
4       20             0.0021895017429210267              
20      22             0.0021894913075309747              
1       18             0.002009786838251315               
18      32             0.002009775449230533               
2       14             0.0015432881744734395              
19      31             0.001543285684096521               
2       19             0.0015432853586871548              
14      31             0.0015432810493022364              
10      11             0.001332167060518863               
4       10             0.001332161331632914               
10      29             0.0013321577652654487              
10      22             0.0013321506221303236              
19      23             0.0008368008846452724              
14      23             0.000836796139120452               
14      16             0.0005385356298756167              
16      19             0.0005385259912981388              
8       14             0.0004944851513803555              
19      25             0.000494473319675906               
14      25             0.0004944684604675648              
8       19             0.000494467658846795               
27      33             -0.0008452033771844114             
6       33             -0.0008452035174712214             
6       26             -0.0016248838776203867             
7       27             -0.0016248981313591593             
6       7              -0.0016248982707179338             
26      27             -0.0016248986394227782             
5       7              -0.002392070012817743              
5       26             -0.002392070679011954              
18      21             -0.003068228071208906              
12      18             -0.003068239460229716              
18      33             -0.0046213260873675666             
18      31             -0.005346923473855014              
2       18             -0.0053469240141842955             
10      15             -0.00607754207602286               
12      30             -0.0068721574001982255             
3       21             -0.006872162081214966              
3       12             -0.00687217355065442               
21      30             -0.006872175733081132              
17      31             -0.007227206103100542              
2       17             -0.0072272289499115405             
18      23             -0.008630186535910772              
15      25             -0.009025223065085214              
8       15             -0.009025243123468724              
16      23             -0.009297789865550271              
15      26             -0.009330946956182612              
7       15             -0.009330953885545445              
8       28             -0.009641673485543956              
25      28             -0.009641676362378504              
19      20             -0.009746646524264158              
13      14             -0.009746652769318145              
13      19             -0.009746655601891585              
14      20             -0.009746658592851828              
10      32             -0.010352205963296335              
1       10             -0.010352224061890417              
23      33             -0.010518781121701987              
1       24             -0.010709857662315178              
24      32             -0.010709869903036948              
9       32             -0.010709871768980667              
1       9              -0.010709874429419924              
27      31             -0.011796220018028256              
6       31             -0.01179622013107201               
2       27             -0.01179622042447917               
2       6              -0.011796220537522925              
30      33             -0.01184622452117226               
3       33             -0.01184624082520161               
24      27             -0.011936480575941058              
9       27             -0.011936482539434301              
6       24             -0.01193648812884622               
6       9              -0.011936490092339463              
27      32             -0.012387940383745272              
6       32             -0.012387940487164462              
1       27             -0.012387943025676237              
1       6              -0.012387943129095427              
23      25             -0.013103292995509316              
8       23             -0.013103305350291347              
24      33             -0.013203831407443828              
9       33             -0.01320383873311684               
24      25             -0.014672727640632766              
9       25             -0.014672728691280418              
8       9              -0.01467273389072013               
8       24             -0.014672740290652936              
15      16             -0.01661775403524622               
5       27             -0.016785037596749958              
5       6              -0.01678503772998878               
8       32             -0.016854776134268237              
25      32             -0.016854778409490664              
1       8              -0.01685477921571739               
1       25             -0.016854781490939857              
4       34             -0.016963854165890094              
22      34             -0.016963857364772905              
29      34             -0.016963857666554297              
11      34             -0.016963863306446517              
8       17             -0.016970244774827614              
17      25             -0.01697024749770823               
2       23             -0.01722549188813441               
23      31             -0.01722550632631757               
17      34             -0.01736217596903536               
7       34             -0.01838320489772849               
26      34             -0.018383205501291272              
15      31             -0.01871586581075607               
2       15             -0.01871586622773029               
9       31             -0.019247003607061663              
2       9              -0.01924700401636001               
2       24             -0.019247010120723232              
24      31             -0.01924701716200547               
21      22             -0.021024199101595642              
21      29             -0.021024199413919406              
4       21             -0.021024203241544373              
12      22             -0.02102420444202127               
12      29             -0.02102420475434502               
11      21             -0.021024204990557432              
4       12             -0.021024208581970072              
11      12             -0.021024210330983104              
11      17             -0.021151168892052                 
17      22             -0.02115117043914326               
17      29             -0.021151170748561515              
4       17             -0.02115118206047098               
5       17             -0.02135170674770709               
8       27             -0.022919527723881936              
6       8              -0.022919535292979798              
25      27             -0.022919537409942542              
6       25             -0.022919537528459807              
1       15             -0.02433463823349681               
15      32             -0.024334642973744866              
10      12             -0.02551119416584896               
10      21             -0.02551120481386246               
9       16             -0.026429721487578564              
16      24             -0.026429728418786366              
23      27             -0.026941523199008527              
6       23             -0.02694153076533362               
23      24             -0.027105428002375725              
9       23             -0.027105436653333495              
15      27             -0.027447174668741803              
6       15             -0.027447182223565944              
12      14             -0.027655852615676796              
12      19             -0.027655854944147837              
19      21             -0.027655857059308703              
14      21             -0.027655862181418384              
18      20             -0.027732706579900096              
13      18             -0.02773273163328835               
5       19             -0.02803257212371779               
5       14             -0.0280325924876714                
19      34             -0.028040930945316234              
14      34             -0.028040932169240834              
8       20             -0.02842581243348348               
20      25             -0.028425814911438474              
13      25             -0.028425817281784005              
8       13             -0.028425822254409566              
23      32             -0.028582206105223065              
1       23             -0.02858221656516087               
7       28             -0.028861931279433067              
26      28             -0.028861946834420282              
17      28             -0.029317919771244733              
3       4              -0.029533606983562777              
22      30             -0.02953360966968112               
3       22             -0.02953361048127917               
4       30             -0.02953361362254535               
11      30             -0.029533615470395513              
3       11             -0.029533616281993552              
29      30             -0.02953361745023496               
3       29             -0.02953361826183301               
12      15             -0.030550989428307154              
15      21             -0.03055099958922028               
15      33             -0.03105592162727605               
23      30             -0.03123460210316742               
3       23             -0.03123461816177367               
3       15             -0.03159262445719614               
15      30             -0.031592630865341156              
7       10             -0.03189601951434706               
10      26             -0.0318960350303992                
17      32             -0.03215100065371716               
1       17             -0.032151003871666986              
12      17             -0.032220842615484246              
17      21             -0.03222084583343407               
11      16             -0.03261529707604742               
16      29             -0.032615302726673207              
4       16             -0.0326153027296482                
16      22             -0.03261530613107426               
17      19             -0.03283406000382501               
14      17             -0.03283406507828433               
3       19             -0.033974180984419594              
14      30             -0.033974185582457364              
3       14             -0.03397418639598082               
19      30             -0.03397418762147679               
5       23             -0.03410924221091238               
8       10             -0.03513256365299902               
10      25             -0.035132566358519135              
8       34             -0.035260404395837275              
25      34             -0.03526040705151354               
6       16             -0.036171874571093304              
16      27             -0.036171881893318214              
15      23             -0.03687888858079172               
10      30             -0.03697353083303792               
3       10             -0.03697353951340038               
15      17             -0.03848946027531813               
31      34             -0.03863253633420119               
2       34             -0.03863253681705142               
13      24             -0.03870944743590447               
20      24             -0.03870945283999322               
9       20             -0.0387094542083206                
9       13             -0.03870945625481234               
20      27             -0.0389885527290475                
6       20             -0.03898856774284298               
13      27             -0.038988569662463265              
6       13             -0.03898856977509757               
3       17             -0.039644796025275375              
17      30             -0.03964480223818298               
17      24             -0.04061555247611874               
9       17             -0.0406155532432651                
32      33             -0.040963341141413034              
1       33             -0.04096334478887029               
17      27             -0.040986911796520184              
6       17             -0.04098691192028747               
13      32             -0.04141537254133634               
20      32             -0.041415377923532906              
1       20             -0.0414153808520252                
1       13             -0.041415382920409305              
3       20             -0.04143037818033621               
3       13             -0.041430380820122154              
20      30             -0.04143038450457362               
13      30             -0.041430387144359565              
15      34             -0.041530933038813556              
18      30             -0.041894951022115434              
3       18             -0.041894952372938665              
32      34             -0.04230446007186467               
1       34             -0.04230446321039119               
10      34             -0.04256030663399821               
9       12             -0.042649597245588464              
21      24             -0.04264959920164037               
9       21             -0.04264959990602772               
12      24             -0.042649603991781554              
9       34             -0.04295652127804865               
24      34             -0.04295653524710741               
9       30             -0.04331046442623915               
3       9              -0.043310465449485                 
24      30             -0.043310471553661176              
3       24             -0.043310472576907094              
10      16             -0.043880086380105654              
9       26             -0.04498111901390178               
7       9              -0.044981133403440066              
7       24             -0.04498114092881561               
24      26             -0.04498114144043858               
6       21             -0.04647774041892554               
12      27             -0.0464777451026457                
6       12             -0.04647774522757517               
21      27             -0.046477747744576636              
16      25             -0.047608494288353426              
8       16             -0.04760849891510863               
23      34             -0.047996375230145466              
5       13             -0.04808082770494462               
5       20             -0.04808083994132903               
11      18             -0.048462798874156235              
18      22             -0.04846280801326586               
4       18             -0.0484628118841649                
18      29             -0.04846281207626196               
10      31             -0.05102277263407204               
2       10             -0.05102277312598477               
4       28             -0.05230763232086076               
22      28             -0.05230763578613874               
28      29             -0.05230763983834205               
11      28             -0.05230764532744456               
4       5              -0.0548583890084043                
5       11             -0.05485839087374807               
5       22             -0.054858392539233566              
5       29             -0.054858396597620956              
15      20             -0.054872138196358305              
13      15             -0.05487214773181008               
16      31             -0.05500302272976909               
2       16             -0.05500303069377249               
12      23             -0.05506843982058238               
21      23             -0.055068442829939585              
5       32             -0.05575091100822491               
1       5              -0.05575091447243473               
23      28             -0.05588873316748713               
7       19             -0.056833213997166426              
19      26             -0.05683322185450872               
7       14             -0.056833223436167785              
14      26             -0.05683323129351009               
14      33             -0.056863405905507924              
19      33             -0.05686340760432898               
28      31             -0.05894116464295324               
2       28             -0.05894116516601408               
18      19             -0.05941998172715414               
14      18             -0.05941999099081967               
13      34             -0.06110699557986843               
20      34             -0.061107000616197865              
12      31             -0.06119223703407825               
2       12             -0.06119223753379624               
21      31             -0.0611922399732161                
2       21             -0.06119224047293409               
6       18             -0.061554322430260724              
18      27             -0.061554326020468716              
19      28             -0.06208269079233367               
14      28             -0.06208269242841684               
5       31             -0.06412624893599916               
2       5              -0.06412624946895448               
2       7              -0.06689498860400814               
26      31             -0.06689498861179172               
7       31             -0.06689499549715353               
2       26             -0.06689499661980755               
4       26             -0.06751710287172638               
7       11             -0.06751710441695066               
11      26             -0.06751710482274968               
7       29             -0.06751710650733275               
26      29             -0.06751710691313179               
4       7              -0.06751710991650796               
22      26             -0.06751711029002506               
7       22             -0.06751711360951633               
28      32             -0.06754623539465214               
1       28             -0.06754624624512813               
13      28             -0.0701336234700197                
20      28             -0.07013362830529615               
22      33             -0.0732429108002671                
4       33             -0.07324291267060186               
29      33             -0.07324291301362928               
11      33             -0.07324291835990762               
8       30             -0.07844209093558288               
3       8              -0.07844209212075562               
25      30             -0.07844209383934739               
3       25             -0.07844209502452013               
