#======================================================================
# PARAMETERS USED FOR THIS COMPUTATION: 
#	Sequence type: RNA
#	Total number of sequences in alignment data: 1
#	Length of sequences in alignment data: 40
#	Value of sequence identity: 0.8
#	lambda_h: 7.800000000000001
#	lambda_J: 7.800000000000001
#	Number of gradient decent iterations: 500
# The First and Second columns represent sites and the
# Third column is PLMDCA Frobenius norm, average product corrected (APC) DCA score
#======================================================================
33      36             2.961128398037971e-09              
33      37             2.961128398037971e-09              
33      38             2.961128398037971e-09              
33      39             2.961128398037971e-09              
35      36             2.961128398037971e-09              
35      37             2.961128398037971e-09              
35      38             2.961128398037971e-09              
35      39             2.961128398037971e-09              
28      29             2.7700879090541974e-09             
28      30             2.7700879090541974e-09             
28      31             2.7700879090541974e-09             
28      32             2.7700879090541974e-09             
17      18             2.6745677339512497e-09             
19      20             2.674567720073462e-09              
19      21             2.674567720073462e-09              
19      22             2.674567720073462e-09              
23      26             2.6745676645623107e-09             
23      27             2.6745676645623107e-09             
24      26             2.6745676645623107e-09             
24      27             2.6745676645623107e-09             
25      26             2.6745676645623107e-09             
25      27             2.6745676645623107e-09             
6       7              2.5790475727260898e-09             
17      20             2.5790474617037873e-09             
17      21             2.5790474617037873e-09             
17      22             2.5790474617037873e-09             
23      29             2.5790473923148483e-09             
23      30             2.5790473923148483e-09             
23      31             2.5790473923148483e-09             
23      32             2.5790473923148483e-09             
24      29             2.5790473923148483e-09             
24      30             2.5790473923148483e-09             
24      31             2.5790473923148483e-09             
24      32             2.5790473923148483e-09             
25      29             2.5790473923148483e-09             
25      30             2.5790473923148483e-09             
25      31             2.5790473923148483e-09             
25      32             2.5790473923148483e-09             
28      36             2.5790473714981665e-09             
28      37             2.5790473714981665e-09             
28      38             2.5790473714981665e-09             
28      39             2.5790473714981665e-09             
8       10             2.4835272796619456e-09             
9       10             2.4835272796619456e-09             
1       3              2.388007083742316e-09              
1       4              2.388007083742316e-09              
1       5              2.388007083742316e-09              
2       3              2.388007083742316e-09              
2       4              2.388007083742316e-09              
2       5              2.388007083742316e-09              
6       10             2.388007021292271e-09              
11      13             2.3880069865978015e-09             
11      14             2.3880069865978015e-09             
11      15             2.3880069865978015e-09             
11      16             2.3880069865978015e-09             
12      13             2.3880069865978015e-09             
12      14             2.3880069865978015e-09             
12      15             2.3880069865978015e-09             
12      16             2.3880069865978015e-09             
19      26             2.3880068963921808e-09             
19      27             2.3880068963921808e-09             
23      36             2.3880068478199235e-09             
23      37             2.3880068478199235e-09             
23      38             2.3880068478199235e-09             
23      39             2.3880068478199235e-09             
24      36             2.3880068478199235e-09             
24      37             2.3880068478199235e-09             
24      38             2.3880068478199235e-09             
24      39             2.3880068478199235e-09             
25      36             2.3880068478199235e-09             
25      37             2.3880068478199235e-09             
25      38             2.3880068478199235e-09             
25      39             2.3880068478199235e-09             
1       7              2.29248680455596e-09               
2       7              2.29248680455596e-09               
8       13             2.292486728228127e-09              
8       14             2.292486728228127e-09              
8       15             2.292486728228127e-09              
8       16             2.292486728228127e-09              
9       13             2.292486728228127e-09              
9       14             2.292486728228127e-09              
9       15             2.292486728228127e-09              
9       16             2.292486728228127e-09              
11      18             2.2924867074114452e-09             
12      18             2.2924867074114452e-09             
17      26             2.292486638022506e-09              
17      27             2.292486638022506e-09              
19      29             2.2924866172058245e-09             
19      30             2.2924866172058245e-09             
19      31             2.2924866172058245e-09             
19      32             2.2924866172058245e-09             
6       13             2.1969664698584523e-09             
6       14             2.1969664698584523e-09             
6       15             2.1969664698584523e-09             
6       16             2.1969664698584523e-09             
8       18             2.1969664490417706e-09             
9       18             2.1969664490417706e-09             
11      20             2.196966435163983e-09              
11      21             2.196966435163983e-09              
11      22             2.196966435163983e-09              
12      20             2.196966435163983e-09              
12      21             2.196966435163983e-09              
12      22             2.196966435163983e-09              
17      29             2.19696635883615e-09               
17      30             2.19696635883615e-09               
17      31             2.19696635883615e-09               
17      32             2.19696635883615e-09               
1       10             2.101446260061035e-09              
2       10             2.101446260061035e-09              
6       18             2.101446190672096e-09              
8       20             2.1014461767943082e-09             
8       21             2.1014461767943082e-09             
8       22             2.1014461767943082e-09             
9       20             2.1014461767943082e-09             
9       21             2.1014461767943082e-09             
9       22             2.1014461767943082e-09             
19      36             2.1014460796497936e-09             
19      37             2.1014460796497936e-09             
19      38             2.1014460796497936e-09             
19      39             2.1014460796497936e-09             
6       20             2.0059259184246336e-09             
6       21             2.0059259184246336e-09             
6       22             2.0059259184246336e-09             
17      36             2.005925821280119e-09              
17      37             2.005925821280119e-09              
17      38             2.005925821280119e-09              
17      39             2.005925821280119e-09              
1       13             1.9104057016883225e-09             
1       14             1.9104057016883225e-09             
1       15             1.9104057016883225e-09             
1       16             1.9104057016883225e-09             
2       13             1.9104057016883225e-09             
2       14             1.9104057016883225e-09             
2       15             1.9104057016883225e-09             
2       16             1.9104057016883225e-09             
11      26             1.910405604543808e-09              
11      27             1.910405604543808e-09              
12      26             1.910405604543808e-09              
12      27             1.910405604543808e-09              
1       18             1.8148854225019662e-09             
2       18             1.8148854225019662e-09             
8       26             1.8148853461741332e-09             
8       27             1.8148853461741332e-09             
9       26             1.8148853461741332e-09             
9       27             1.8148853461741332e-09             
11      29             1.8148853322963454e-09             
11      30             1.8148853322963454e-09             
11      31             1.8148853322963454e-09             
11      32             1.8148853322963454e-09             
12      29             1.8148853322963454e-09             
12      30             1.8148853322963454e-09             
12      31             1.8148853322963454e-09             
12      32             1.8148853322963454e-09             
1       20             1.7193651502545038e-09             
1       21             1.7193651502545038e-09             
1       22             1.7193651502545038e-09             
2       20             1.7193651502545038e-09             
2       21             1.7193651502545038e-09             
2       22             1.7193651502545038e-09             
6       26             1.7193650878044586e-09             
6       27             1.7193650878044586e-09             
8       29             1.7193650739266708e-09             
8       30             1.7193650739266708e-09             
8       31             1.7193650739266708e-09             
8       32             1.7193650739266708e-09             
9       29             1.7193650739266708e-09             
9       30             1.7193650739266708e-09             
9       31             1.7193650739266708e-09             
9       32             1.7193650739266708e-09             
6       29             1.6238448155569962e-09             
6       30             1.6238448155569962e-09             
6       31             1.6238448155569962e-09             
6       32             1.6238448155569962e-09             
11      36             1.6238447878014206e-09             
11      37             1.6238447878014206e-09             
11      38             1.6238447878014206e-09             
11      39             1.6238447878014206e-09             
12      36             1.6238447878014206e-09             
12      37             1.6238447878014206e-09             
12      38             1.6238447878014206e-09             
12      39             1.6238447878014206e-09             
8       36             1.528324529431746e-09              
8       37             1.528324529431746e-09              
8       38             1.528324529431746e-09              
8       39             1.528324529431746e-09              
9       36             1.528324529431746e-09              
9       37             1.528324529431746e-09              
9       38             1.528324529431746e-09              
9       39             1.528324529431746e-09              
1       26             1.4328043196343287e-09             
1       27             1.4328043196343287e-09             
2       26             1.4328043196343287e-09             
2       27             1.4328043196343287e-09             
6       36             1.4328042710620714e-09             
6       37             1.4328042710620714e-09             
6       38             1.4328042710620714e-09             
6       39             1.4328042710620714e-09             
1       29             1.3372840404479724e-09             
1       30             1.3372840404479724e-09             
1       31             1.3372840404479724e-09             
1       32             1.3372840404479724e-09             
2       29             1.3372840404479724e-09             
2       30             1.3372840404479724e-09             
2       31             1.3372840404479724e-09             
2       32             1.3372840404479724e-09             
1       36             1.1462434959530476e-09             
1       37             1.1462434959530476e-09             
1       38             1.1462434959530476e-09             
1       39             1.1462434959530476e-09             
2       36             1.1462434959530476e-09             
2       37             1.1462434959530476e-09             
2       38             1.1462434959530476e-09             
2       39             1.1462434959530476e-09             
34      40             1.1462431975806098e-09             
3       40             8.596826653328726e-10              
4       40             8.596826653328726e-10              
5       40             8.596826653328726e-10              
33      40             8.596820894046786e-10              
35      40             8.596820894046786e-10              
7       40             7.641623930854102e-10              
33      34             7.641621363463358e-10              
34      35             7.641621363463358e-10              
3       34             7.641620669573967e-10              
4       34             7.641620669573967e-10              
5       34             7.641620669573967e-10              
7       34             6.686418016488282e-10              
10      40             5.731218485904854e-10              
3       33             4.776016387930682e-10              
3       35             4.776016387930682e-10              
4       33             4.776016387930682e-10              
4       35             4.776016387930682e-10              
5       33             4.776016387930682e-10              
5       35             4.776016387930682e-10              
10      34             4.776012779705852e-10              
28      40             4.776010073537229e-10              
33      35             4.776009934759351e-10              
3       4              4.776009587814656e-10              
3       5              4.776009587814656e-10              
4       5              4.776009587814656e-10              
7       33             3.8208136654560576e-10             
7       35             3.8208136654560576e-10             
13      40             3.820813040955606e-10              
14      40             3.820813040955606e-10              
15      40             3.820813040955606e-10              
16      40             3.820813040955606e-10              
28      34             3.820810820509557e-10              
3       7              3.820807073506849e-10              
4       7              3.820807073506849e-10              
5       7              3.820807073506849e-10              
18      40             2.865610318480982e-10              
13      34             2.8656074735344816e-10             
14      34             2.8656074735344816e-10             
15      34             2.8656074735344816e-10             
16      34             2.8656074735344816e-10             
23      40             2.865604628587981e-10              
24      40             2.865604628587981e-10              
25      40             2.865604628587981e-10              
10      33             1.9104082205068096e-10             
10      35             1.9104082205068096e-10             
20      40             1.9104076653952973e-10             
21      40             1.9104076653952973e-10             
22      40             1.9104076653952973e-10             
23      34             1.910405514338187e-10              
24      34             1.910405514338187e-10              
25      34             1.910405514338187e-10              
18      34             1.9104048898377357e-10             
3       10             1.910401975502296e-10              
4       10             1.910401975502296e-10              
5       10             1.910401975502296e-10              
3       28             9.552061225326369e-11              
4       28             9.552061225326369e-11              
5       28             9.552061225326369e-11              
20      34             9.552023061409898e-11              
21      34             9.552023061409898e-11              
22      34             9.552023061409898e-11              
7       10             9.551993918055501e-11              
28      33             9.55199114249794e-11               
28      35             9.55199114249794e-11               
7       28             3.400058012914542e-16              
13      33             2.7755575615628914e-16             
13      35             2.7755575615628914e-16             
14      33             2.7755575615628914e-16             
14      35             2.7755575615628914e-16             
15      33             2.7755575615628914e-16             
15      35             2.7755575615628914e-16             
16      33             2.7755575615628914e-16             
16      35             2.7755575615628914e-16             
3       13             -3.191891195797325e-16             
3       14             -3.191891195797325e-16             
3       15             -3.191891195797325e-16             
3       16             -3.191891195797325e-16             
4       13             -3.191891195797325e-16             
4       14             -3.191891195797325e-16             
4       15             -3.191891195797325e-16             
4       16             -3.191891195797325e-16             
5       13             -3.191891195797325e-16             
5       14             -3.191891195797325e-16             
5       15             -3.191891195797325e-16             
5       16             -3.191891195797325e-16             
19      40             -3.469446951953614e-16             
3       23             -9.55199044860855e-11              
3       24             -9.55199044860855e-11              
3       25             -9.55199044860855e-11              
4       23             -9.55199044860855e-11              
4       24             -9.55199044860855e-11              
4       25             -9.55199044860855e-11              
5       23             -9.55199044860855e-11              
5       24             -9.55199044860855e-11              
5       25             -9.55199044860855e-11              
18      33             -9.551999469170624e-11             
18      35             -9.551999469170624e-11             
26      40             -9.552005020285748e-11             
27      40             -9.552005020285748e-11             
19      34             -9.552023061409898e-11             
3       18             -9.552057061990027e-11             
4       18             -9.552057061990027e-11             
5       18             -9.552057061990027e-11             
7       13             -9.552057755879417e-11             
7       14             -9.552057755879417e-11             
7       15             -9.552057755879417e-11             
7       16             -9.552057755879417e-11             
17      40             -9.55206261310515e-11              
23      33             -9.552064000883931e-11             
23      35             -9.552064000883931e-11             
24      33             -9.552064000883931e-11             
24      35             -9.552064000883931e-11             
25      33             -9.552064000883931e-11             
25      35             -9.552064000883931e-11             
7       23             -1.910401767335479e-10             
7       24             -1.910401767335479e-10             
7       25             -1.910401767335479e-10             
10      28             -1.910402044891235e-10             
20      33             -1.9104026000027474e-10            
20      35             -1.9104026000027474e-10            
21      33             -1.9104026000027474e-10            
21      35             -1.9104026000027474e-10            
22      33             -1.9104026000027474e-10            
22      35             -1.9104026000027474e-10            
29      40             -1.9104032245031988e-10            
30      40             -1.9104032245031988e-10            
31      40             -1.9104032245031988e-10            
32      40             -1.9104032245031988e-10            
17      34             -1.9104049592266747e-10            
26      34             -1.9104056531160651e-10            
27      34             -1.9104056531160651e-10            
3       20             -1.9104082205068096e-10            
3       21             -1.9104082205068096e-10            
3       22             -1.9104082205068096e-10            
4       20             -1.9104082205068096e-10            
4       21             -1.9104082205068096e-10            
4       22             -1.9104082205068096e-10            
5       20             -1.9104082205068096e-10            
5       21             -1.9104082205068096e-10            
5       22             -1.9104082205068096e-10            
7       18             -1.9104082898957486e-10            
29      34             -2.86560830620175e-10              
30      34             -2.86560830620175e-10              
31      34             -2.86560830620175e-10              
32      34             -2.86560830620175e-10              
7       20             -2.8656108042035555e-10            
7       21             -2.8656108042035555e-10            
7       22             -2.8656108042035555e-10            
10      13             -2.8656108042035555e-10            
10      14             -2.8656108042035555e-10            
10      15             -2.8656108042035555e-10            
10      16             -2.8656108042035555e-10            
3       19             -3.8208066571732147e-10            
4       19             -3.8208066571732147e-10            
5       19             -3.8208066571732147e-10            
10      23             -3.820807212284727e-10             
10      24             -3.820807212284727e-10             
10      25             -3.820807212284727e-10             
13      28             -3.820807559229422e-10             
14      28             -3.820807559229422e-10             
15      28             -3.820807559229422e-10             
16      28             -3.820807559229422e-10             
36      40             -3.820808600063508e-10             
37      40             -3.820808600063508e-10             
38      40             -3.820808600063508e-10             
39      40             -3.820808600063508e-10             
10      18             -3.8208133879003014e-10            
19      33             -3.820814498123326e-10             
19      35             -3.820814498123326e-10             
3       17             -4.776009171481022e-10             
4       17             -4.776009171481022e-10             
5       17             -4.776009171481022e-10             
7       19             -4.776009379647839e-10             
18      28             -4.776010281704046e-10             
26      33             -4.776010836815558e-10             
26      35             -4.776010836815558e-10             
27      33             -4.776010836815558e-10             
27      35             -4.776010836815558e-10             
34      36             -4.776013473595242e-10             
34      37             -4.776013473595242e-10             
34      38             -4.776013473595242e-10             
34      39             -4.776013473595242e-10             
10      20             -4.776015902208108e-10             
10      21             -4.776015902208108e-10             
10      22             -4.776015902208108e-10             
3       26             -4.776015971597047e-10             
3       27             -4.776015971597047e-10             
4       26             -4.776015971597047e-10             
4       27             -4.776015971597047e-10             
5       26             -4.776015971597047e-10             
5       27             -4.776015971597047e-10             
13      14             -4.776015971597047e-10             
13      15             -4.776015971597047e-10             
13      16             -4.776015971597047e-10             
14      15             -4.776015971597047e-10             
14      16             -4.776015971597047e-10             
15      16             -4.776015971597047e-10             
11      40             -4.776017081820072e-10             
12      40             -4.776017081820072e-10             
17      33             -4.77601722059795e-10              
17      35             -4.77601722059795e-10              
23      28             -4.776017359375828e-10             
24      28             -4.776017359375828e-10             
25      28             -4.776017359375828e-10             
7       17             -5.731211963344585e-10             
13      23             -5.731212657233975e-10             
13      24             -5.731212657233975e-10             
13      25             -5.731212657233975e-10             
14      23             -5.731212657233975e-10             
14      24             -5.731212657233975e-10             
14      25             -5.731212657233975e-10             
15      23             -5.731212657233975e-10             
15      24             -5.731212657233975e-10             
15      25             -5.731212657233975e-10             
16      23             -5.731212657233975e-10             
16      24             -5.731212657233975e-10             
16      25             -5.731212657233975e-10             
20      28             -5.731212934789731e-10             
21      28             -5.731212934789731e-10             
22      28             -5.731212934789731e-10             
29      33             -5.731213559290183e-10             
29      35             -5.731213559290183e-10             
30      33             -5.731213559290183e-10             
30      35             -5.731213559290183e-10             
31      33             -5.731213559290183e-10             
31      35             -5.731213559290183e-10             
32      33             -5.731213559290183e-10             
32      35             -5.731213559290183e-10             
11      34             -5.731215502180476e-10             
12      34             -5.731215502180476e-10             
3       29             -5.731218485904854e-10             
3       30             -5.731218485904854e-10             
3       31             -5.731218485904854e-10             
3       32             -5.731218485904854e-10             
4       29             -5.731218485904854e-10             
4       30             -5.731218485904854e-10             
4       31             -5.731218485904854e-10             
4       32             -5.731218485904854e-10             
5       29             -5.731218485904854e-10             
5       30             -5.731218485904854e-10             
5       31             -5.731218485904854e-10             
5       32             -5.731218485904854e-10             
7       26             -5.731218555293793e-10             
7       27             -5.731218555293793e-10             
13      18             -5.731218555293793e-10             
14      18             -5.731218555293793e-10             
15      18             -5.731218555293793e-10             
16      18             -5.731218555293793e-10             
8       40             -5.731219804294696e-10             
9       40             -5.731219804294696e-10             
10      19             -6.686414824597087e-10             
18      23             -6.686415449097538e-10             
18      24             -6.686415449097538e-10             
18      25             -6.686415449097538e-10             
8       34             -6.686418155266161e-10             
9       34             -6.686418155266161e-10             
7       29             -6.6864210696016e-10               
7       30             -6.6864210696016e-10               
7       31             -6.6864210696016e-10               
7       32             -6.6864210696016e-10               
13      20             -6.6864210696016e-10               
13      21             -6.6864210696016e-10               
13      22             -6.6864210696016e-10               
14      20             -6.6864210696016e-10               
14      21             -6.6864210696016e-10               
14      22             -6.6864210696016e-10               
15      20             -6.6864210696016e-10               
15      21             -6.6864210696016e-10               
15      22             -6.6864210696016e-10               
16      20             -6.6864210696016e-10               
16      21             -6.6864210696016e-10               
16      22             -6.6864210696016e-10               
6       40             -6.68642252676932e-10              
23      24             -6.686422873714015e-10             
23      25             -6.686422873714015e-10             
24      25             -6.686422873714015e-10             
10      17             -7.641617408293833e-10             
20      23             -7.641618102183223e-10             
20      24             -7.641618102183223e-10             
20      25             -7.641618102183223e-10             
21      23             -7.641618102183223e-10             
21      24             -7.641618102183223e-10             
21      25             -7.641618102183223e-10             
22      23             -7.641618102183223e-10             
22      24             -7.641618102183223e-10             
22      25             -7.641618102183223e-10             
6       34             -7.641620738962907e-10             
3       36             -7.641623514520468e-10             
3       37             -7.641623514520468e-10             
3       38             -7.641623514520468e-10             
3       39             -7.641623514520468e-10             
4       36             -7.641623514520468e-10             
4       37             -7.641623514520468e-10             
4       38             -7.641623514520468e-10             
4       39             -7.641623514520468e-10             
5       36             -7.641623514520468e-10             
5       37             -7.641623514520468e-10             
5       38             -7.641623514520468e-10             
5       39             -7.641623514520468e-10             
10      26             -7.641623653298346e-10             
10      27             -7.641623653298346e-10             
18      20             -7.641623653298346e-10             
18      21             -7.641623653298346e-10             
18      22             -7.641623653298346e-10             
19      28             -7.6416255267997e-10               
3       11             -8.596819367490127e-10             
3       12             -8.596819367490127e-10             
4       11             -8.596819367490127e-10             
4       12             -8.596819367490127e-10             
5       11             -8.596819367490127e-10             
5       12             -8.596819367490127e-10             
13      19             -8.596820338935274e-10             
14      19             -8.596820338935274e-10             
15      19             -8.596820338935274e-10             
16      19             -8.596820338935274e-10             
26      28             -8.596821171602542e-10             
27      28             -8.596821171602542e-10             
7       36             -8.596826167606153e-10             
7       37             -8.596826167606153e-10             
7       38             -8.596826167606153e-10             
7       39             -8.596826167606153e-10             
20      21             -8.596826167606153e-10             
20      22             -8.596826167606153e-10             
21      22             -8.596826167606153e-10             
10      29             -8.596826236995092e-10             
10      30             -8.596826236995092e-10             
10      31             -8.596826236995092e-10             
10      32             -8.596826236995092e-10             
11      33             -8.596828110496446e-10             
11      35             -8.596828110496446e-10             
12      33             -8.596828110496446e-10             
12      35             -8.596828110496446e-10             
17      28             -8.596828249274324e-10             
3       8              -9.552021951186873e-10             
3       9              -9.552021951186873e-10             
4       8              -9.552021951186873e-10             
4       9              -9.552021951186873e-10             
5       8              -9.552021951186873e-10             
5       9              -9.552021951186873e-10             
7       11             -9.552022089964751e-10             
7       12             -9.552022089964751e-10             
13      17             -9.55202292263202e-10              
14      17             -9.55202292263202e-10              
15      17             -9.55202292263202e-10              
16      17             -9.55202292263202e-10              
18      19             -9.552023130798837e-10             
13      26             -9.552028820691838e-10             
13      27             -9.552028820691838e-10             
14      26             -9.552028820691838e-10             
14      27             -9.552028820691838e-10             
15      26             -9.552028820691838e-10             
15      27             -9.552028820691838e-10             
16      26             -9.552028820691838e-10             
16      27             -9.552028820691838e-10             
1       40             -9.552030624804253e-10             
2       40             -9.552030624804253e-10             
8       33             -9.55203083297107e-10              
8       35             -9.55203083297107e-10              
9       33             -9.55203083297107e-10              
9       35             -9.55203083297107e-10              
19      23             -9.552031041137887e-10             
19      24             -9.552031041137887e-10             
19      25             -9.552031041137887e-10             
3       6              -1.050722453488362e-09             
4       6              -1.050722453488362e-09             
5       6              -1.050722453488362e-09             
7       8              -1.0507224743050436e-09            
7       9              -1.0507224743050436e-09            
1       34             -1.0507228628831022e-09            
2       34             -1.0507228628831022e-09            
10      36             -1.0507231265610706e-09            
10      37             -1.0507231265610706e-09            
10      38             -1.0507231265610706e-09            
10      39             -1.0507231265610706e-09            
13      29             -1.0507231404388584e-09            
13      30             -1.0507231404388584e-09            
13      31             -1.0507231404388584e-09            
13      32             -1.0507231404388584e-09            
14      29             -1.0507231404388584e-09            
14      30             -1.0507231404388584e-09            
14      31             -1.0507231404388584e-09            
14      32             -1.0507231404388584e-09            
15      29             -1.0507231404388584e-09            
15      30             -1.0507231404388584e-09            
15      31             -1.0507231404388584e-09            
15      32             -1.0507231404388584e-09            
16      29             -1.0507231404388584e-09            
16      30             -1.0507231404388584e-09            
16      31             -1.0507231404388584e-09            
16      32             -1.0507231404388584e-09            
18      26             -1.0507231404388584e-09            
18      27             -1.0507231404388584e-09            
6       33             -1.0507233555445694e-09            
6       35             -1.0507233555445694e-09            
17      23             -1.0507233763612511e-09            
17      24             -1.0507233763612511e-09            
17      25             -1.0507233763612511e-09            
10      11             -1.1462427534914e-09               
10      12             -1.1462427534914e-09               
20      26             -1.146243391869639e-09             
20      27             -1.146243391869639e-09             
21      26             -1.146243391869639e-09             
21      27             -1.146243391869639e-09             
22      26             -1.146243391869639e-09             
22      27             -1.146243391869639e-09             
18      29             -1.146243398808533e-09             
18      30             -1.146243398808533e-09             
18      31             -1.146243398808533e-09             
18      32             -1.146243398808533e-09             
13      36             -1.2417636433004198e-09            
13      37             -1.2417636433004198e-09            
13      38             -1.2417636433004198e-09            
13      39             -1.2417636433004198e-09            
14      36             -1.2417636433004198e-09            
14      37             -1.2417636433004198e-09            
14      38             -1.2417636433004198e-09            
14      39             -1.2417636433004198e-09            
15      36             -1.2417636433004198e-09            
15      37             -1.2417636433004198e-09            
15      38             -1.2417636433004198e-09            
15      39             -1.2417636433004198e-09            
16      36             -1.2417636433004198e-09            
16      37             -1.2417636433004198e-09            
16      38             -1.2417636433004198e-09            
16      39             -1.2417636433004198e-09            
20      29             -1.2417636502393137e-09            
20      30             -1.2417636502393137e-09            
20      31             -1.2417636502393137e-09            
20      32             -1.2417636502393137e-09            
21      29             -1.2417636502393137e-09            
21      30             -1.2417636502393137e-09            
21      31             -1.2417636502393137e-09            
21      32             -1.2417636502393137e-09            
22      29             -1.2417636502393137e-09            
22      30             -1.2417636502393137e-09            
22      31             -1.2417636502393137e-09            
22      32             -1.2417636502393137e-09            
11      28             -1.241763913917282e-09             
12      28             -1.241763913917282e-09             
18      36             -1.3372839016700944e-09            
18      37             -1.3372839016700944e-09            
18      38             -1.3372839016700944e-09            
18      39             -1.3372839016700944e-09            
1       33             -1.3372841722869566e-09            
1       35             -1.3372841722869566e-09            
2       33             -1.3372841722869566e-09            
2       35             -1.3372841722869566e-09            
8       28             -1.3372841931036383e-09            
9       28             -1.3372841931036383e-09            
17      19             -1.3372842000425322e-09            
20      36             -1.432804153100875e-09             
20      37             -1.432804153100875e-09             
20      38             -1.432804153100875e-09             
20      39             -1.432804153100875e-09             
21      36             -1.432804153100875e-09             
21      37             -1.432804153100875e-09             
21      38             -1.432804153100875e-09             
21      39             -1.432804153100875e-09             
22      36             -1.432804153100875e-09             
22      37             -1.432804153100875e-09             
22      38             -1.432804153100875e-09             
22      39             -1.432804153100875e-09             
26      27             -1.4328041669786629e-09            
6       28             -1.4328044653511007e-09            
11      23             -1.4328044722899946e-09            
11      24             -1.4328044722899946e-09            
11      25             -1.4328044722899946e-09            
12      23             -1.4328044722899946e-09            
12      24             -1.4328044722899946e-09            
12      25             -1.4328044722899946e-09            
26      29             -1.5283244253483375e-09            
26      30             -1.5283244253483375e-09            
26      31             -1.5283244253483375e-09            
26      32             -1.5283244253483375e-09            
27      29             -1.5283244253483375e-09            
27      30             -1.5283244253483375e-09            
27      31             -1.5283244253483375e-09            
27      32             -1.5283244253483375e-09            
8       23             -1.528324744537457e-09             
8       24             -1.528324744537457e-09             
8       25             -1.528324744537457e-09             
9       23             -1.528324744537457e-09             
9       24             -1.528324744537457e-09             
9       25             -1.528324744537457e-09             
29      30             -1.623844683718012e-09             
29      31             -1.623844683718012e-09             
29      32             -1.623844683718012e-09             
30      31             -1.623844683718012e-09             
30      32             -1.623844683718012e-09             
31      32             -1.623844683718012e-09             
6       23             -1.6238450167849194e-09            
6       24             -1.6238450167849194e-09            
6       25             -1.6238450167849194e-09            
26      36             -1.7193649351487927e-09            
26      37             -1.7193649351487927e-09            
26      38             -1.7193649351487927e-09            
26      39             -1.7193649351487927e-09            
27      36             -1.7193649351487927e-09            
27      37             -1.7193649351487927e-09            
27      38             -1.7193649351487927e-09            
27      39             -1.7193649351487927e-09            
1       28             -1.719365282093488e-09             
2       28             -1.719365282093488e-09             
11      19             -1.7193652959712757e-09            
12      19             -1.7193652959712757e-09            
29      36             -1.8148851935184673e-09            
29      37             -1.8148851935184673e-09            
29      38             -1.8148851935184673e-09            
29      39             -1.8148851935184673e-09            
30      36             -1.8148851935184673e-09            
30      37             -1.8148851935184673e-09            
30      38             -1.8148851935184673e-09            
30      39             -1.8148851935184673e-09            
31      36             -1.8148851935184673e-09            
31      37             -1.8148851935184673e-09            
31      38             -1.8148851935184673e-09            
31      39             -1.8148851935184673e-09            
32      36             -1.8148851935184673e-09            
32      37             -1.8148851935184673e-09            
32      38             -1.8148851935184673e-09            
32      39             -1.8148851935184673e-09            
8       19             -1.8148855682187381e-09            
9       19             -1.8148855682187381e-09            
11      17             -1.8148855682187381e-09            
12      17             -1.8148855682187381e-09            
1       23             -1.9104058335273066e-09            
1       24             -1.9104058335273066e-09            
1       25             -1.9104058335273066e-09            
2       23             -1.9104058335273066e-09            
2       24             -1.9104058335273066e-09            
2       25             -1.9104058335273066e-09            
8       17             -1.9104058404662005e-09            
9       17             -1.9104058404662005e-09            
6       19             -1.9104058474050944e-09            
36      37             -2.0059257033189226e-09            
36      38             -2.0059257033189226e-09            
36      39             -2.0059257033189226e-09            
37      38             -2.0059257033189226e-09            
37      39             -2.0059257033189226e-09            
38      39             -2.0059257033189226e-09            
6       17             -2.005926119652557e-09             
1       19             -2.1969666641474817e-09            
2       19             -2.1969666641474817e-09            
11      12             -2.1969666641474817e-09            
1       17             -2.292486936394944e-09             
2       17             -2.292486936394944e-09             
8       11             -2.292486936394944e-09             
8       12             -2.292486936394944e-09             
9       11             -2.292486936394944e-09             
9       12             -2.292486936394944e-09             
6       11             -2.3880072155813004e-09            
6       12             -2.3880072155813004e-09            
8       9              -2.3880072155813004e-09            
6       8              -2.4835274947676567e-09            
6       9              -2.4835274947676567e-09            
1       11             -2.6745680392625815e-09            
1       12             -2.6745680392625815e-09            
2       11             -2.6745680392625815e-09            
2       12             -2.6745680392625815e-09            
1       8              -2.7700883184489378e-09            
1       9              -2.7700883184489378e-09            
2       8              -2.7700883184489378e-09            
2       9              -2.7700883184489378e-09            
1       6              -2.865608604574188e-09             
2       6              -2.865608604574188e-09             
1       2              -3.152169421316575e-09             
