#======================================================================
# PARAMETERS USED FOR THIS COMPUTATION: 
#	Sequence type: RNA
#	Total number of sequences in alignment data: 2
#	Length of sequences in alignment data: 35
#	Value of sequence identity: 0.8
#	lambda_h: 6.800000000000001
#	lambda_J: 6.800000000000001
#	Number of gradient decent iterations: 500
# The First and Second columns represent sites and the
# Third column is PLMDCA Frobenius norm, average product corrected (APC) DCA score
#======================================================================
32      34             2.800320047865318e-05              
28      30             2.8002978549657165e-05             
28      34             2.8002978549657165e-05             
29      30             2.8002978549657165e-05             
29      34             2.8002978549657165e-05             
24      25             2.8002756620654212e-05             
24      26             2.8002756620654212e-05             
24      27             2.8002756620654212e-05             
28      32             2.8002360265108606e-05             
29      32             2.8002360265108606e-05             
24      30             2.8002312762676063e-05             
24      34             2.8002312762676063e-05             
18      22             2.8002312762648307e-05             
18      23             2.8002312762648307e-05             
18      20             2.800220179815377e-05              
28      29             2.800213833613341e-05              
18      25             2.800209083366617e-05              
18      26             2.800209083366617e-05              
18      27             2.800209083366617e-05              
3       19             2.800186092493523e-05              
4       19             2.800186092493523e-05              
3       21             2.800174996044069e-05              
4       21             2.800174996044069e-05              
24      32             2.8001694478169137e-05             
18      30             2.8001646975681083e-05             
18      34             2.8001646975681083e-05             
12      13             2.8001646975667205e-05             
14      15             2.8001646975667205e-05             
14      16             2.8001646975667205e-05             
14      17             2.8001646975667205e-05             
14      22             2.8001646975667205e-05             
14      23             2.8001646975667205e-05             
6       19             2.8001638995960032e-05             
7       19             2.8001638995960032e-05             
8       19             2.8001638995960032e-05             
14      20             2.800153601116573e-05              
6       21             2.8001528031465495e-05             
7       21             2.8001528031465495e-05             
8       21             2.8001528031465495e-05             
24      28             2.800147254919394e-05              
24      29             2.800147254919394e-05              
9       10             2.800142504668507e-05              
9       11             2.800142504668507e-05              
14      25             2.800142504668507e-05              
14      26             2.800142504668507e-05              
14      27             2.800142504668507e-05              
12      15             2.800142504667119e-05              
12      16             2.800142504667119e-05              
12      17             2.800142504667119e-05              
12      22             2.800142504667119e-05              
12      23             2.800142504667119e-05              
10      19             2.8001417066984835e-05             
11      19             2.8001417066984835e-05             
12      20             2.8001314082176654e-05             
10      21             2.800130610248336e-05              
11      21             2.800130610248336e-05              
9       13             2.8001203117689055e-05             
12      25             2.8001203117689055e-05             
12      26             2.8001203117689055e-05             
12      27             2.8001203117689055e-05             
13      19             2.80011951380027e-05               
13      21             2.8001084173508162e-05             
3       31             2.8001084173480406e-05             
3       33             2.8001084173480406e-05             
4       31             2.8001084173480406e-05             
4       33             2.8001084173480406e-05             
18      32             2.800102869122273e-05              
5       6              2.8000981188713858e-05             
5       7              2.8000981188713858e-05             
5       8              2.8000981188713858e-05             
9       15             2.800098118869304e-05              
9       16             2.800098118869304e-05              
9       17             2.800098118869304e-05              
9       22             2.800098118869304e-05              
9       23             2.800098118869304e-05              
14      30             2.800098118869304e-05              
14      34             2.800098118869304e-05              
15      19             2.8000973209027502e-05             
16      19             2.8000973209027502e-05             
17      19             2.8000973209027502e-05             
9       20             2.8000870224191565e-05             
15      21             2.8000862244526026e-05             
16      21             2.8000862244526026e-05             
17      21             2.8000862244526026e-05             
6       31             2.800086224449827e-05              
6       33             2.800086224449827e-05              
7       31             2.800086224449827e-05              
7       33             2.800086224449827e-05              
8       31             2.800086224449827e-05              
8       33             2.800086224449827e-05              
18      28             2.8000806762247532e-05             
18      29             2.8000806762247532e-05             
1       3              2.8000759259724783e-05             
1       4              2.8000759259724783e-05             
2       3              2.8000759259724783e-05             
2       4              2.8000759259724783e-05             
5       10             2.8000759259710906e-05             
5       11             2.8000759259710906e-05             
9       25             2.8000759259703967e-05             
9       26             2.8000759259703967e-05             
9       27             2.8000759259703967e-05             
12      30             2.8000759259697028e-05             
12      34             2.8000759259697028e-05             
20      21             2.8000751280038427e-05             
10      31             2.8000640315516134e-05             
10      33             2.8000640315516134e-05             
11      31             2.8000640315516134e-05             
11      33             2.8000640315516134e-05             
1       6              2.800053733073571e-05              
1       7              2.800053733073571e-05              
1       8              2.800053733073571e-05              
2       6              2.800053733073571e-05              
2       7              2.800053733073571e-05              
2       8              2.800053733073571e-05              
5       13             2.8000537330714892e-05             
13      31             2.8000418386534e-05                
13      33             2.8000418386534e-05                
14      32             2.800036290427632e-05              
1       10             2.8000315401732756e-05             
1       11             2.8000315401732756e-05             
2       10             2.8000315401732756e-05             
2       11             2.8000315401732756e-05             
5       15             2.800031540171194e-05              
5       16             2.800031540171194e-05              
5       17             2.800031540171194e-05              
5       22             2.800031540171194e-05              
5       23             2.800031540171194e-05              
9       30             2.800031540171194e-05              
9       34             2.800031540171194e-05              
5       20             2.8000204437210463e-05             
15      31             2.8000196457551862e-05             
15      33             2.8000196457551862e-05             
16      31             2.8000196457551862e-05             
16      33             2.8000196457551862e-05             
17      31             2.8000196457551862e-05             
17      33             2.8000196457551862e-05             
22      31             2.8000196457551862e-05             
22      33             2.8000196457551862e-05             
23      31             2.8000196457551862e-05             
23      33             2.8000196457551862e-05             
12      32             2.8000140975294185e-05             
14      28             2.8000140975294185e-05             
14      29             2.8000140975294185e-05             
18      24             2.8000140975280308e-05             
1       13             2.8000093472729803e-05             
2       13             2.8000093472729803e-05             
5       25             2.8000093472722865e-05             
5       26             2.8000093472722865e-05             
5       27             2.8000093472722865e-05             
20      31             2.8000085493057325e-05             
20      33             2.8000085493057325e-05             
25      31             2.7999974528576665e-05             
25      33             2.7999974528576665e-05             
26      31             2.7999974528576665e-05             
26      33             2.7999974528576665e-05             
27      31             2.7999974528576665e-05             
27      33             2.7999974528576665e-05             
12      28             2.799991904631205e-05              
12      29             2.799991904631205e-05              
1       15             2.799987154372685e-05              
1       16             2.799987154372685e-05              
1       17             2.799987154372685e-05              
1       22             2.799987154372685e-05              
1       23             2.799987154372685e-05              
2       15             2.799987154372685e-05              
2       16             2.799987154372685e-05              
2       17             2.799987154372685e-05              
2       22             2.799987154372685e-05              
2       23             2.799987154372685e-05              
1       20             2.7999760579225375e-05             
2       20             2.7999760579225375e-05             
9       32             2.7999697117336853e-05             
19      32             2.7999689137477024e-05             
1       25             2.7999649614730837e-05             
1       26             2.7999649614730837e-05             
1       27             2.7999649614730837e-05             
2       25             2.7999649614730837e-05             
2       26             2.7999649614730837e-05             
2       27             2.7999649614730837e-05             
5       30             2.799964961471696e-05              
5       34             2.799964961471696e-05              
21      32             2.7999578172982487e-05             
30      31             2.7999530670612394e-05             
30      33             2.7999530670612394e-05             
9       28             2.7999475188354717e-05             
9       29             2.7999475188354717e-05             
14      24             2.7999475188320022e-05             
3       4              2.7999475188306144e-05             
19      28             2.7999467208508766e-05             
19      29             2.7999467208508766e-05             
21      28             2.799935624401423e-05              
21      29             2.799935624401423e-05              
12      24             2.7999253259330947e-05             
3       6              2.799925325932401e-05              
3       7              2.799925325932401e-05              
3       8              2.799925325932401e-05              
4       6              2.799925325932401e-05              
4       7              2.799925325932401e-05              
4       8              2.799925325932401e-05              
1       30             2.7999205756724932e-05             
1       34             2.7999205756724932e-05             
2       30             2.7999205756724932e-05             
2       34             2.7999205756724932e-05             
5       32             2.7999031330390445e-05             
3       10             2.7999031330334934e-05             
3       11             2.7999031330334934e-05             
4       10             2.7999031330334934e-05             
4       11             2.7999031330334934e-05             
6       7              2.7999031330334934e-05             
6       8              2.7999031330334934e-05             
7       8              2.7999031330334934e-05             
32      33             2.7998912386049957e-05             
31      32             2.7998912386043018e-05             
5       28             2.799880940140137e-05              
5       29             2.799880940140137e-05              
9       24             2.7998809401366676e-05             
3       13             2.799880940133892e-05              
4       13             2.799880940133892e-05              
6       10             2.799880940133892e-05              
6       11             2.799880940133892e-05              
7       10             2.799880940133892e-05              
7       11             2.799880940133892e-05              
8       10             2.799880940133892e-05              
8       11             2.799880940133892e-05              
14      18             2.799880940133892e-05              
19      24             2.7998801421576236e-05             
21      24             2.79986904570817e-05               
28      31             2.799869045706782e-05              
28      33             2.799869045706782e-05              
29      31             2.799869045706782e-05              
29      33             2.799869045706782e-05              
1       32             2.7998587472426173e-05             
2       32             2.7998587472426173e-05             
3       15             2.7998587472349845e-05             
3       16             2.7998587472349845e-05             
3       17             2.7998587472349845e-05             
3       22             2.7998587472349845e-05             
3       23             2.7998587472349845e-05             
4       15             2.7998587472349845e-05             
4       16             2.7998587472349845e-05             
4       17             2.7998587472349845e-05             
4       22             2.7998587472349845e-05             
4       23             2.7998587472349845e-05             
6       13             2.7998587472349845e-05             
7       13             2.7998587472349845e-05             
8       13             2.7998587472349845e-05             
10      11             2.7998587472349845e-05             
12      18             2.7998587472349845e-05             
3       20             2.7998476507855308e-05             
4       20             2.7998476507855308e-05             
1       28             2.7998365543437098e-05             
1       29             2.7998365543437098e-05             
2       28             2.7998365543437098e-05             
2       29             2.7998365543437098e-05             
3       25             2.799836554336771e-05              
3       26             2.799836554336771e-05              
3       27             2.799836554336771e-05              
4       25             2.799836554336771e-05              
4       26             2.799836554336771e-05              
4       27             2.799836554336771e-05              
6       15             2.799836554335383e-05              
6       16             2.799836554335383e-05              
6       17             2.799836554335383e-05              
6       22             2.799836554335383e-05              
6       23             2.799836554335383e-05              
7       15             2.799836554335383e-05              
7       16             2.799836554335383e-05              
7       17             2.799836554335383e-05              
7       22             2.799836554335383e-05              
7       23             2.799836554335383e-05              
8       15             2.799836554335383e-05              
8       16             2.799836554335383e-05              
8       17             2.799836554335383e-05              
8       22             2.799836554335383e-05              
8       23             2.799836554335383e-05              
10      13             2.799836554335383e-05              
11      13             2.799836554335383e-05              
6       20             2.7998254578859294e-05             
7       20             2.7998254578859294e-05             
8       20             2.7998254578859294e-05             
5       24             2.799814361440639e-05              
6       25             2.7998143614371696e-05             
6       26             2.7998143614371696e-05             
6       27             2.7998143614371696e-05             
7       25             2.7998143614371696e-05             
7       26             2.7998143614371696e-05             
7       27             2.7998143614371696e-05             
8       25             2.7998143614371696e-05             
8       26             2.7998143614371696e-05             
8       27             2.7998143614371696e-05             
9       18             2.7998143614371696e-05             
10      15             2.7998143614364757e-05             
10      16             2.7998143614364757e-05             
10      17             2.7998143614364757e-05             
10      22             2.7998143614364757e-05             
10      23             2.7998143614364757e-05             
11      15             2.7998143614364757e-05             
11      16             2.7998143614364757e-05             
11      17             2.7998143614364757e-05             
11      22             2.7998143614364757e-05             
11      23             2.7998143614364757e-05             
18      19             2.7998135634636767e-05             
10      20             2.799803264986328e-05              
11      20             2.799803264986328e-05              
18      21             2.799802467014223e-05              
24      31             2.7998024670128352e-05             
24      33             2.7998024670128352e-05             
3       30             2.799792168538262e-05              
3       34             2.799792168538262e-05              
4       30             2.799792168538262e-05              
4       34             2.799792168538262e-05              
10      25             2.7997921685375682e-05             
10      26             2.7997921685375682e-05             
10      27             2.7997921685375682e-05             
11      25             2.7997921685375682e-05             
11      26             2.7997921685375682e-05             
11      27             2.7997921685375682e-05             
12      14             2.7997921685368743e-05             
13      15             2.7997921685368743e-05             
13      16             2.7997921685368743e-05             
13      17             2.7997921685368743e-05             
13      22             2.7997921685368743e-05             
13      23             2.7997921685368743e-05             
13      20             2.7997810720867267e-05             
1       24             2.799769975643518e-05              
2       24             2.799769975643518e-05              
6       30             2.7997699756386607e-05             
6       34             2.7997699756386607e-05             
7       30             2.7997699756386607e-05             
7       34             2.7997699756386607e-05             
8       30             2.7997699756386607e-05             
8       34             2.7997699756386607e-05             
13      25             2.7997699756386607e-05             
13      26             2.7997699756386607e-05             
13      27             2.7997699756386607e-05             
15      16             2.799769975637273e-05              
15      17             2.799769975637273e-05              
15      22             2.799769975637273e-05              
15      23             2.799769975637273e-05              
16      17             2.799769975637273e-05              
16      22             2.799769975637273e-05              
16      23             2.799769975637273e-05              
17      22             2.799769975637273e-05              
17      23             2.799769975637273e-05              
22      23             2.799769975637273e-05              
15      20             2.7997588791878192e-05             
16      20             2.7997588791878192e-05             
17      20             2.7997588791878192e-05             
20      22             2.7997588791878192e-05             
20      23             2.7997588791878192e-05             
5       18             2.799747782740447e-05              
9       14             2.7997477827390593e-05             
10      30             2.7997477827390593e-05             
10      34             2.7997477827390593e-05             
11      30             2.7997477827390593e-05             
11      34             2.7997477827390593e-05             
15      25             2.7997477827390593e-05             
15      26             2.7997477827390593e-05             
15      27             2.7997477827390593e-05             
16      25             2.7997477827390593e-05             
16      26             2.7997477827390593e-05             
16      27             2.7997477827390593e-05             
17      25             2.7997477827390593e-05             
17      26             2.7997477827390593e-05             
17      27             2.7997477827390593e-05             
22      25             2.7997477827390593e-05             
22      26             2.7997477827390593e-05             
22      27             2.7997477827390593e-05             
23      25             2.7997477827390593e-05             
23      26             2.7997477827390593e-05             
23      27             2.7997477827390593e-05             
14      19             2.7997469847704237e-05             
20      25             2.7997366862889117e-05             
20      26             2.7997366862889117e-05             
20      27             2.7997366862889117e-05             
14      21             2.79973588832097e-05               
18      31             2.7997358883181944e-05             
18      33             2.7997358883181944e-05             
3       32             2.7997303400924267e-05             
4       32             2.7997303400924267e-05             
25      26             2.799725589840152e-05              
25      27             2.799725589840152e-05              
26      27             2.799725589840152e-05              
9       12             2.799725589839458e-05              
13      30             2.799725589839458e-05              
13      34             2.799725589839458e-05              
12      19             2.799724791872904e-05              
19      22             2.79972479187221e-05               
19      23             2.79972479187221e-05               
19      20             2.7997136954234503e-05             
12      21             2.7997136954227564e-05             
21      22             2.7997136954227564e-05             
21      23             2.7997136954227564e-05             
3       28             2.799708147194907e-05              
3       29             2.799708147194907e-05              
4       28             2.799708147194907e-05              
4       29             2.799708147194907e-05              
6       32             2.799708147194213e-05              
7       32             2.799708147194213e-05              
8       32             2.799708147194213e-05              
1       18             2.799703396942632e-05              
2       18             2.799703396942632e-05              
15      30             2.7997033969398566e-05             
15      34             2.7997033969398566e-05             
16      30             2.7997033969398566e-05             
16      34             2.7997033969398566e-05             
17      30             2.7997033969398566e-05             
17      34             2.7997033969398566e-05             
22      30             2.7997033969398566e-05             
22      34             2.7997033969398566e-05             
23      30             2.7997033969398566e-05             
23      34             2.7997033969398566e-05             
19      25             2.7997025989753843e-05             
19      26             2.7997025989753843e-05             
19      27             2.7997025989753843e-05             
20      30             2.799692300489709e-05              
20      34             2.799692300489709e-05              
21      25             2.7996915025252367e-05             
21      26             2.7996915025252367e-05             
21      27             2.7996915025252367e-05             
6       28             2.7996859542959995e-05             
6       29             2.7996859542959995e-05             
7       28             2.7996859542959995e-05             
7       29             2.7996859542959995e-05             
8       28             2.7996859542959995e-05             
8       29             2.7996859542959995e-05             
10      32             2.7996859542959995e-05             
11      32             2.7996859542959995e-05             
5       14             2.799681204041643e-05              
25      30             2.799681204040949e-05              
25      34             2.799681204040949e-05              
26      30             2.799681204040949e-05              
26      34             2.799681204040949e-05              
27      30             2.799681204040949e-05              
27      34             2.799681204040949e-05              
9       19             2.7996804060778646e-05             
9       21             2.799669309627717e-05              
14      31             2.7996693096235536e-05             
14      33             2.7996693096235536e-05             
10      28             2.799663761397786e-05              
10      29             2.799663761397786e-05              
11      28             2.799663761397786e-05              
11      29             2.799663761397786e-05              
13      32             2.799663761397786e-05              
5       12             2.7996590111413477e-05             
19      30             2.799658213178957e-05              
19      34             2.799658213178957e-05              
21      30             2.7996471167295034e-05             
21      34             2.7996471167295034e-05             
12      31             2.79964711672534e-05               
12      33             2.79964711672534e-05               
13      28             2.7996415684995724e-05             
13      29             2.7996415684995724e-05             
15      32             2.7996415684995724e-05             
16      32             2.7996415684995724e-05             
17      32             2.7996415684995724e-05             
22      32             2.7996415684995724e-05             
23      32             2.7996415684995724e-05             
3       24             2.7996415684981846e-05             
4       24             2.7996415684981846e-05             
1       14             2.799636818243134e-05              
2       14             2.799636818243134e-05              
30      34             2.7996368182410525e-05             
20      32             2.7996304720508125e-05             
25      32             2.7996193756020527e-05             
26      32             2.7996193756020527e-05             
27      32             2.7996193756020527e-05             
15      28             2.7996193756013588e-05             
15      29             2.7996193756013588e-05             
16      28             2.7996193756013588e-05             
16      29             2.7996193756013588e-05             
17      28             2.7996193756013588e-05             
17      29             2.7996193756013588e-05             
22      28             2.7996193756013588e-05             
22      29             2.7996193756013588e-05             
23      28             2.7996193756013588e-05             
23      29             2.7996193756013588e-05             
6       24             2.799619375599277e-05              
7       24             2.799619375599277e-05              
8       24             2.799619375599277e-05              
1       12             2.799614625342839e-05              
2       12             2.799614625342839e-05              
5       9              2.799614625342145e-05              
5       19             2.7996138273839177e-05             
20      28             2.799608279151905e-05              
20      29             2.799608279151905e-05              
5       21             2.799602730934464e-05              
9       31             2.7996027309296068e-05             
9       33             2.7996027309296068e-05             
25      28             2.799597182703839e-05              
25      29             2.799597182703839e-05              
26      28             2.799597182703839e-05              
26      29             2.799597182703839e-05              
27      28             2.799597182703839e-05              
27      29             2.799597182703839e-05              
10      24             2.7995971827010635e-05             
11      24             2.7995971827010635e-05             
31      34             2.7995805380306993e-05             
33      34             2.7995805380306993e-05             
30      32             2.7995749898056255e-05             
13      24             2.799574989802156e-05              
3       18             2.7995749898007682e-05             
4       18             2.7995749898007682e-05             
1       9              2.7995702395429423e-05             
2       9              2.7995702395429423e-05             
1       19             2.7995694415888783e-05             
2       19             2.7995694415888783e-05             
1       21             2.7995583451387307e-05             
2       21             2.7995583451387307e-05             
15      24             2.7995527969032485e-05             
16      24             2.7995527969032485e-05             
17      24             2.7995527969032485e-05             
22      24             2.7995527969032485e-05             
23      24             2.7995527969032485e-05             
6       18             2.7995527969018608e-05             
7       18             2.7995527969018608e-05             
8       18             2.7995527969018608e-05             
20      24             2.7995417004544887e-05             
5       31             2.799536152234966e-05              
5       33             2.799536152234966e-05              
10      18             2.7995306040029533e-05             
11      18             2.7995306040029533e-05             
3       14             2.7995084111040458e-05             
4       14             2.7995084111040458e-05             
13      18             2.7995084111040458e-05             
1       5              2.7995036608427504e-05             
2       5              2.7995036608427504e-05             
1       31             2.7994917664385388e-05             
1       33             2.7994917664385388e-05             
2       31             2.7994917664385388e-05             
2       33             2.7994917664385388e-05             
3       12             2.7994862182051383e-05             
4       12             2.7994862182051383e-05             
6       14             2.7994862182051383e-05             
7       14             2.7994862182051383e-05             
8       14             2.7994862182051383e-05             
15      18             2.7994862182051383e-05             
16      18             2.7994862182051383e-05             
17      18             2.7994862182051383e-05             
6       12             2.799464025305537e-05              
7       12             2.799464025305537e-05              
8       12             2.799464025305537e-05              
10      14             2.799464025305537e-05              
11      14             2.799464025305537e-05              
1       2              2.79945927504216e-05               
3       9              2.7994418324080172e-05             
4       9              2.7994418324080172e-05             
10      12             2.7994418324066295e-05             
11      12             2.7994418324066295e-05             
13      14             2.7994418324066295e-05             
6       9              2.799419639508416e-05              
7       9              2.799419639508416e-05              
8       9              2.799419639508416e-05              
3       5              2.7993752537112948e-05             
4       5              2.7993752537112948e-05             
19      21             2.799295982605643e-05              
19      31             2.799229403913084e-05              
19      33             2.799229403913084e-05              
21      31             2.79921830746363e-05               
21      33             2.79921830746363e-05               
31      33             2.7991517287696832e-05             
32      35             -0.00033141401752819974            
28      35             -0.00033141414165785074            
29      35             -0.00033141414165785074            
24      35             -0.0003314145140468003             
3       35             -0.00033141488643575676            
4       35             -0.00033141488643575676            
18      35             -0.00033141488643575676            
6       35             -0.00033141501056540776            
7       35             -0.00033141501056540776            
8       35             -0.00033141501056540776            
10      35             -0.00033141513469505876            
11      35             -0.00033141513469505876            
13      35             -0.00033141525882470976            
14      35             -0.00033141525882470976            
12      35             -0.00033141538295436077            
15      35             -0.00033141538295436077            
16      35             -0.00033141538295436077            
17      35             -0.00033141538295436077            
22      35             -0.00033141538295436077            
23      35             -0.00033141538295436077            
19      35             -0.0003314154146871577             
20      35             -0.00033141544501918627            
21      35             -0.0003314154767519832             
25      35             -0.0003314155070840083             
26      35             -0.0003314155070840083             
27      35             -0.0003314155070840083             
9       35             -0.0003314156312136593             
30      35             -0.0003314157553433103             
34      35             -0.0003314157553433103             
31      35             -0.00033141584914093275            
33      35             -0.00033141584914093275            
5       35             -0.0003314160036026158             
1       35             -0.0003314162518619178             
2       35             -0.0003314162518619178             
