#======================================================================
# PARAMETERS USED FOR THIS COMPUTATION: 
#	Sequence type: RNA
#	Total number of sequences in alignment data: 3
#	Length of sequences in alignment data: 42
#	Value of sequence identity: 0.8
#	lambda_h: 8.200000000000001
#	lambda_J: 8.200000000000001
#	Number of gradient decent iterations: 500
# The First and Second columns represent sites and the
# Third column is PLMDCA Frobenius norm, average product corrected (APC) DCA score
#======================================================================
4       22             0.04264068568999729                
4       24             0.04264068568999729                
3       4              0.042640685114384305               
22      23             0.042640681693094526               
3       13             0.04264068044593311                
4       42             0.04264067948657818                
3       11             0.04264067948657814                
4       10             0.04264067900690069                
4       11             0.0426406784312877                 
23      39             0.04264067568154632                
23      42             0.042640675489675345               
23      32             0.04264067539373985                
13      39             0.042640675009997867               
13      32             0.04264067472219138                
10      13             0.04264067433844941                
23      24             0.04264067424251393                
22      39             0.042640673858771946               
11      13             0.04264067376283645                
13      24             0.04264067357096546                
22      32             0.04264067357096546                
10      11             0.04264067337909447                
10      22             0.04264067318722348                
10      24             0.04264067318722348                
4       23             0.04264067261161056                
3       10             0.04264067261161053                
11      22             0.04264067261161052                
11      24             0.04264067261161052                
22      24             0.04264067241973951                
4       39             0.042640672227868576               
4       13             0.042640671940062075               
4       32             0.042640671940062075               
3       22             0.04264067184412655                
3       24             0.04264067184412655                
13      23             0.04264066794315924                
39      42             0.04264066765535278                
10      23             0.04264066755941727                
32      39             0.04264066755941727                
13      42             0.04264066736754629                
32      42             0.04264066736754629                
10      39             0.0426406671756753                 
10      42             0.04264066698380432                
11      23             0.04264066698380432                
10      32             0.042640666887868814               
11      39             0.04264066660006234                
11      42             0.04264066640819136                
24      39             0.04264066640819135                
11      32             0.042640666312255854               
3       23             0.042640666216320386               
22      42             0.04264066621632037                
24      42             0.04264066621632037                
13      22             0.04264066612038486                
24      32             0.04264066612038486                
3       39             0.0426406658325784                 
3       42             0.04264066564070741                
3       32             0.042640665544771916               
2       21             0.034093597944637524               
2       17             0.034093596759045705               
2       37             0.03409359646264774                
21      28             0.03409359636384844                
2       8              0.03409359636384843                
37      40             0.03409359636384843                
2       7              0.03409359626504911                
17      21             0.034093596067450466               
8       21             0.03409359567225319                
7       21             0.03409359557345387                
28      30             0.034093595474654556               
2       31             0.03409359488185866                
28      37             0.03409359488185862                
30      37             0.03409359488185862                
31      40             0.03409359478305933                
8       28             0.0340935947830593                 
8       30             0.0340935947830593                 
7       28             0.03409359468425999                
7       30             0.03409359468425999                
1       30             0.034093594387862025               
8       37             0.03409359419026335                
7       37             0.034093594091464036               
1       37             0.034093593795066074               
1       8              0.03409359369626676                
1       7              0.03409359359746743                
28      31             0.034093593301069494               
30      31             0.034093593301069494               
31      37             0.03409359270827353                
8       31             0.03409359260947421                
7       31             0.0340935925106749                 
1       31             0.03409359221427692                
5       40             0.03409359197604671                
2       41             0.03409359187724739                
5       21             0.034093591383250826               
21      41             0.03409359118565218                
2       40             0.03409359108685284                
21      40             0.03409359039525761                
28      41             0.03409359029645832                
30      41             0.03409359029645832                
5       17             0.03409359019765901                
17      41             0.03409359000006036                
5       8              0.03409358980246174                
5       7              0.03409358970366243                
37      41             0.034093589703662414               
8       41             0.0340935896048631                 
2       28             0.03409358960486307                
2       30             0.03409358960486307                
7       41             0.03409358950606378                
28      40             0.034093589506063754               
30      40             0.034093589506063754               
1       5              0.03409358940726448                
1       41             0.034093589209665834               
17      40             0.03409358920966579                
21      30             0.034093588913267844               
8       40             0.034093588814468515               
7       40             0.0340935887156692                 
1       2              0.03409358851807055                
1       40             0.03409358841927124                
21      37             0.03409358832047191                
31      41             0.03409358812287333                
1       21             0.03409358782647531                
17      28             0.034093587727676                  
17      30             0.034093587727676                  
17      37             0.034093587134880046               
8       17             0.03409358703608073                
1       28             0.03409358693728143                
7       17             0.034093586937281414               
21      31             0.03409358673968281                
1       17             0.03409358664088344                
7       8              0.03409358654208412                
17      31             0.03409358555409092                
2       5              0.03409358462426544                
40      41             0.03409358432786748                
5       28             0.03409358304347637                
5       30             0.03409358304347637                
5       37             0.03409358245068045                
5       31             0.03409358086989139                
5       41             0.03409357786528007                
16      32             0.024133222216890154               
10      16             0.02413322182220845                
11      16             0.024133221230185894               
16      22             0.024133221032845015               
16      24             0.024133221032845015               
3       16             0.02413322044082246                
16      23             0.02413321545700256                
16      39             0.024133215062320856               
16      42             0.024133214864980004               
13      16             0.02413321476630957                
4       16             0.024133211904867155               
5       16             0.018966889158092956               
16      41             0.01896688896075209                
16      40             0.018966888171388654               
16      28             0.018966886691332244               
16      30             0.018966886691332244               
16      37             0.01896688609930966                
8       16             0.018966886000639255               
7       16             0.018966885901968822               
1       16             0.018966885605957537               
16      31             0.018966884520582816               
2       16             0.01896688081947849                
16      21             0.0189668801287855                 
16      17             0.018966878944740348               
6       18             0.0181133043273776                 
6       20             0.0181133043273776                 
6       15             0.018113303760048563               
6       9              0.018113303679001554               
6       12             0.018113303679001554               
19      26             0.018113301658570106               
19      33             0.018113301658570106               
19      34             0.018113301658570106               
19      35             0.018113301658570106               
19      36             0.018113301658570106               
6       25             0.018113300118677234               
6       27             0.018113300118677234               
6       29             0.018113300037630224               
18      20             0.01811329914611305                
18      26             0.01811329914611305                
18      33             0.01811329914611305                
18      34             0.01811329914611305                
18      35             0.01811329914611305                
18      36             0.01811329914611305                
20      26             0.01811329914611305                
20      33             0.01811329914611305                
20      34             0.01811329914611305                
20      35             0.01811329914611305                
20      36             0.01811329914611305                
26      33             0.01811329914611305                
26      34             0.01811329914611305                
26      35             0.01811329914611305                
26      36             0.01811329914611305                
33      34             0.01811329914611305                
33      35             0.01811329914611305                
33      36             0.01811329914611305                
34      35             0.01811329914611305                
34      36             0.01811329914611305                
35      36             0.01811329914611305                
15      18             0.01811329857878404                
15      20             0.01811329857878404                
15      26             0.01811329857878404                
15      33             0.01811329857878404                
15      34             0.01811329857878404                
15      35             0.01811329857878404                
15      36             0.01811329857878404                
9       18             0.01811329849773704                
9       20             0.01811329849773704                
9       26             0.01811329849773704                
9       33             0.01811329849773704                
9       34             0.01811329849773704                
9       35             0.01811329849773704                
9       36             0.01811329849773704                
12      18             0.01811329849773704                
12      20             0.01811329849773704                
12      26             0.01811329849773704                
12      33             0.01811329849773704                
12      34             0.01811329849773704                
12      35             0.01811329849773704                
12      36             0.01811329849773704                
14      18             0.018113298416690037               
14      20             0.018113298416690037               
14      26             0.018113298416690037               
14      33             0.018113298416690037               
14      34             0.018113298416690037               
14      35             0.018113298416690037               
14      36             0.018113298416690037               
9       15             0.018113297930408015               
12      15             0.018113297930408015               
14      15             0.01811329784936102                
9       12             0.018113297849361013               
9       14             0.01811329776831401                
12      14             0.01811329776831401                
15      38             0.018113297490393157               
19      25             0.018113297449869406               
19      27             0.018113297449869406               
9       38             0.01811329740934616                
12      38             0.01811329740934616                
19      29             0.018113297368822404               
6       26             0.018113296876797004               
6       33             0.018113296876797004               
6       34             0.018113296876797004               
6       35             0.018113296876797004               
6       36             0.018113296876797004               
6       14             0.018113296147373954               
6       38             0.01811329578840635                
18      25             0.018113294937412525               
18      27             0.018113294937412525               
20      25             0.018113294937412525               
20      27             0.018113294937412525               
25      26             0.018113294937412525               
25      33             0.018113294937412525               
25      34             0.018113294937412525               
25      35             0.018113294937412525               
25      36             0.018113294937412525               
26      27             0.018113294937412525               
27      33             0.018113294937412525               
27      34             0.018113294937412525               
27      35             0.018113294937412525               
27      36             0.018113294937412525               
18      29             0.018113294856365522               
20      29             0.018113294856365522               
26      29             0.018113294856365522               
29      33             0.018113294856365522               
29      34             0.018113294856365522               
29      35             0.018113294856365522               
29      36             0.018113294856365522               
15      25             0.018113294370083556               
15      27             0.018113294370083556               
9       25             0.018113294289036554               
9       27             0.018113294289036554               
12      25             0.018113294289036554               
12      27             0.018113294289036554               
15      29             0.018113294289036547               
14      25             0.018113294207989558               
14      27             0.018113294207989558               
9       29             0.01811329420798955                
12      29             0.01811329420798955                
19      20             0.01811329420798951                
18      19             0.018113294207989503               
14      29             0.018113294126942556               
25      38             0.018113293849021127               
27      38             0.018113293849021127               
29      38             0.018113293767974138               
15      19             0.01811329364066052                
9       19             0.018113293559613525               
12      19             0.018113293559613525               
19      38             0.01811329311959821                
6       19             0.01811329193867358                
25      27             0.018113290728711776               
25      29             0.01811329064766478                
27      29             0.01811329064766478                
18      38             0.018113290607141494               
20      38             0.018113290607141494               
26      38             0.018113290607141494               
33      38             0.018113290607141494               
34      38             0.018113290607141494               
35      38             0.018113290607141494               
36      38             0.018113290607141494               
14      38             0.018113289877718576               
14      19             0.018113286027985932               
38      39             -0.010544356562025833              
32      38             -0.010544356805166813              
14      39             -0.010544357505800885              
11      38             -0.010544357615636712              
14      32             -0.010544357748941892              
24      38             -0.010544357777730703              
3       38             -0.010544358264012642              
11      14             -0.010544358559411923              
4       38             -0.010544359155529544              
3       14             -0.010544359207787943              
4       18             -0.010544359235885502              
4       20             -0.010544359235885502              
4       26             -0.010544359235885502              
4       33             -0.010544359235885502              
4       34             -0.010544359235885502              
4       35             -0.010544359235885502              
4       36             -0.010544359235885502              
6       39             -0.010544359328575247              
18      23             -0.01054436004348374               
20      23             -0.01054436004348374               
23      26             -0.01054436004348374               
23      33             -0.01054436004348374               
23      34             -0.01054436004348374               
23      35             -0.01054436004348374               
23      36             -0.01054436004348374               
18      39             -0.010544360367671743              
20      39             -0.010544360367671743              
26      39             -0.010544360367671743              
33      39             -0.010544360367671743              
34      39             -0.010544360367671743              
35      39             -0.010544360367671743              
36      39             -0.010544360367671743              
25      42             -0.010544360417636303              
27      42             -0.010544360417636303              
25      32             -0.010544360498683306              
27      32             -0.010544360498683306              
13      25             -0.010544360498683313              
13      27             -0.010544360498683313              
29      42             -0.010544360513571799              
18      42             -0.01054436052976574               
20      42             -0.01054436052976574               
26      42             -0.01054436052976574               
33      42             -0.01054436052976574               
34      42             -0.01054436052976574               
35      42             -0.01054436052976574               
36      42             -0.01054436052976574               
29      32             -0.010544360594618801              
13      29             -0.010544360594618808              
13      18             -0.01054436061081275               
13      20             -0.01054436061081275               
13      26             -0.01054436061081275               
13      33             -0.01054436061081275               
13      34             -0.01054436061081275               
13      35             -0.01054436061081275               
13      36             -0.01054436061081275               
18      32             -0.01054436061081275               
20      32             -0.01054436061081275               
26      32             -0.01054436061081275               
32      33             -0.01054436061081275               
32      34             -0.01054436061081275               
32      35             -0.01054436061081275               
32      36             -0.01054436061081275               
15      23             -0.010544360715032182              
19      23             -0.01054436079477377               
9       23             -0.010544360810967678              
12      23             -0.010544360810967678              
10      25             -0.010544360822871295              
10      27             -0.010544360822871295              
10      29             -0.010544360918806797              
10      18             -0.01054436093500076               
10      20             -0.01054436093500076               
10      26             -0.01054436093500076               
10      33             -0.01054436093500076               
10      34             -0.01054436093500076               
10      35             -0.01054436093500076               
10      36             -0.01054436093500076               
15      39             -0.010544361039220192              
19      39             -0.01054436111896176               
9       39             -0.010544361135155687              
12      39             -0.010544361135155687              
15      42             -0.01054436120131419               
19      42             -0.01054436128105575               
15      32             -0.010544361282361206              
9       42             -0.010544361297249692              
12      42             -0.010544361297249692              
11      25             -0.010544361309153268              
11      27             -0.010544361309153268              
19      32             -0.010544361362102753              
13      19             -0.01054436136210276               
9       13             -0.010544361378296702              
9       32             -0.010544361378296702              
12      13             -0.010544361378296702              
12      32             -0.010544361378296702              
14      42             -0.010544361393185181              
11      29             -0.010544361405088763              
11      18             -0.010544361421282768              
11      20             -0.010544361421282768              
11      26             -0.010544361421282768              
11      33             -0.010544361421282768              
11      34             -0.010544361421282768              
11      35             -0.010544361421282768              
11      36             -0.010544361421282768              
22      25             -0.010544361471247266              
22      27             -0.010544361471247266              
24      25             -0.010544361471247266              
24      27             -0.010544361471247266              
13      14             -0.010544361474232197              
22      29             -0.010544361567182768              
24      29             -0.010544361567182768              
22      26             -0.010544361583376773              
22      33             -0.010544361583376773              
22      34             -0.010544361583376773              
22      35             -0.010544361583376773              
22      36             -0.010544361583376773              
24      26             -0.010544361583376773              
24      33             -0.010544361583376773              
24      34             -0.010544361583376773              
24      35             -0.010544361583376773              
24      36             -0.010544361583376773              
18      22             -0.01054436158337678               
18      24             -0.01054436158337678               
20      22             -0.01054436158337678               
20      24             -0.01054436158337678               
10      15             -0.010544361606549216              
10      19             -0.010544361686290749              
9       10             -0.010544361702484711              
10      12             -0.010544361702484718              
10      14             -0.010544361798420207              
4       6              -0.010544361922079436              
3       25             -0.010544361957529239              
3       27             -0.010544361957529239              
3       29             -0.010544362053464734              
3       18             -0.01054436206965878               
3       20             -0.01054436206965878               
3       26             -0.01054436206965878               
3       33             -0.01054436206965878               
3       34             -0.01054436206965878               
3       35             -0.01054436206965878               
3       36             -0.01054436206965878               
11      15             -0.01054436209283123               
11      19             -0.010544362172572729              
11      12             -0.010544362188766726              
9       11             -0.010544362188766733              
15      22             -0.010544362254925242              
15      24             -0.010544362254925242              
19      22             -0.010544362334666726              
9       22             -0.010544362350860745              
9       24             -0.010544362350860745              
12      22             -0.010544362350860745              
12      24             -0.010544362350860745              
14      22             -0.010544362446796234              
14      24             -0.010544362446796234              
6       23             -0.010544362729677528              
3       15             -0.01054436274120725               
3       19             -0.010544362820948706              
3       9              -0.010544362837142753              
3       12             -0.010544362837142753              
4       25             -0.010544362849046203              
4       27             -0.010544362849046203              
4       29             -0.010544362944981699              
6       42             -0.01054436321595955               
6       13             -0.010544363297006566              
6       32             -0.010544363297006566              
6       10             -0.010544363621194583              
4       15             -0.010544363632724284              
23      25             -0.010544363656644636              
23      27             -0.010544363656644636              
23      38             -0.010544363688418469              
4       9              -0.010544363728659786              
4       12             -0.010544363728659786              
23      29             -0.010544363752580131              
4       14             -0.010544363824595282              
6       11             -0.010544364107476625              
38      42             -0.0105443641747004                
13      38             -0.01054436425574741               
6       22             -0.010544364269570637              
6       24             -0.010544364269570637              
10      38             -0.010544364579935371              
14      23             -0.010544364632193472              
3       6              -0.010544364755852666              
13      15             -0.010544365007651504              
22      38             -0.0105443652283113                
4       19             -0.010544367437755983              
25      39             -0.010544367706122916              
27      39             -0.010544367706122916              
29      39             -0.010544367802058412              
19      24             -0.010544369785247323              
21      38             -0.01152080683893919               
28      38             -0.011520807568362101              
30      38             -0.011520807568362101              
28      29             -0.011520807745644977              
17      38             -0.011520807811503081              
17      25             -0.011520807889986641              
17      27             -0.011520807889986641              
17      29             -0.011520807988785964              
8       25             -0.01152080821417463               
8       27             -0.01152080821417463               
7       25             -0.011520808295221618              
7       27             -0.011520808295221618              
8       29             -0.011520808312973953              
7       29             -0.011520808394020948              
1       25             -0.011520808538362612              
1       27             -0.011520808538362612              
1       29             -0.011520808637161935              
17      19             -0.01152080877918054               
8       19             -0.011520809103368529              
7       19             -0.011520809184415524              
14      37             -0.011520809249004095              
5       38             -0.01152080926747763               
5       25             -0.011520809345961044              
5       27             -0.011520809345961044              
1       19             -0.011520809427556518              
38      41             -0.011520809429571607              
5       29             -0.011520809444760367              
25      41             -0.011520809508055035              
27      41             -0.011520809508055035              
29      41             -0.011520809606854358              
2       38             -0.011520809996900562              
38      40             -0.011520810077947544              
5       15             -0.011520810264238658              
15      31             -0.011520810348157488              
5       9              -0.011520810363037974              
5       12             -0.011520810363037974              
19      41             -0.0115208103972489                
9       31             -0.011520810446956811              
12      31             -0.011520810446956811              
5       14             -0.01152081046183729               
14      31             -0.011520810545756134              
14      41             -0.011520810623931295              
21      25             -0.011520810642712986              
21      27             -0.011520810642712986              
21      29             -0.01152081074151231               
6       17             -0.011520810883050181              
19      40             -0.011520811045624885              
14      40             -0.011520811272307328              
25      28             -0.011520811372135946              
25      30             -0.011520811372135946              
27      28             -0.011520811372135946              
27      30             -0.011520811372135946              
29      30             -0.011520811470935269              
15      21             -0.011520811560990697              
9       21             -0.01152081165979002               
12      21             -0.01152081165979002               
37      38             -0.011520811779934352              
25      37             -0.011520811858417933              
27      37             -0.011520811858417933              
8       38             -0.01152081186098134               
7       38             -0.01152081194202833               
29      37             -0.011520811957217263              
1       38             -0.011520812185169302              
19      28             -0.011520812261329831              
19      30             -0.011520812261329831              
5       6              -0.011520812339024314              
6       31             -0.011520812422943283              
14      28             -0.011520812488012358              
14      30             -0.011520812488012358              
1       18             -0.0115208124903355                
1       20             -0.0115208124903355                
1       26             -0.0115208124903355                
1       33             -0.0115208124903355                
1       34             -0.0115208124903355                
1       35             -0.0115208124903355                
1       36             -0.0115208124903355                
15      17             -0.01152081253355474               
9       17             -0.011520812632354063              
12      17             -0.011520812632354063              
14      17             -0.01152081273115338               
19      37             -0.011520812747611832              
15      37             -0.011520812776695748              
9       37             -0.01152081287549507               
12      37             -0.01152081287549507               
31      38             -0.01152081307668621               
25      31             -0.011520813155169868              
27      31             -0.011520813155169868              
1       15             -0.011520813181930753              
29      31             -0.011520813253969198              
1       9              -0.011520813280730083              
1       12             -0.011520813280730083              
5       18             -0.011520813297933731              
5       20             -0.011520813297933731              
5       26             -0.011520813297933731              
5       33             -0.011520813297933731              
5       34             -0.011520813297933731              
5       35             -0.011520813297933731              
5       36             -0.011520813297933731              
1       14             -0.011520813379529399              
18      31             -0.01152081338185252               
20      31             -0.01152081338185252               
26      31             -0.01152081338185252               
31      33             -0.011520813381852527              
31      34             -0.011520813381852527              
31      35             -0.011520813381852527              
31      36             -0.011520813381852527              
18      41             -0.011520813460027743              
20      41             -0.011520813460027743              
26      41             -0.011520813460027743              
33      41             -0.011520813460027743              
34      41             -0.011520813460027743              
35      41             -0.011520813460027743              
36      41             -0.011520813460027743              
6       21             -0.011520813635776408              
2       25             -0.011520813800674316              
2       27             -0.011520813800674316              
25      40             -0.011520813881721312              
27      40             -0.011520813881721312              
2       29             -0.01152081389947364               
5       19             -0.011520813960445207              
29      40             -0.011520813980520635              
19      31             -0.011520814044363788              
18      40             -0.011520814108403762              
20      40             -0.011520814108403762              
26      40             -0.011520814108403762              
33      40             -0.011520814108403762              
34      40             -0.011520814108403762              
35      40             -0.011520814108403762              
36      40             -0.011520814108403762              
15      41             -0.011520814151622961              
9       41             -0.011520814250422284              
12      41             -0.011520814250422284              
6       28             -0.011520814365199451              
6       30             -0.011520814365199451              
2       19             -0.011520814689868195              
2       15             -0.011520814718951986              
15      40             -0.011520814799998988              
2       9              -0.011520814817751308              
2       12             -0.011520814817751308              
6       37             -0.0115208148514815                
9       40             -0.01152081489879831               
12      40             -0.01152081489879831               
2       14             -0.011520814916550624              
6       7              -0.011520815013575506              
1       6              -0.01152081525671652               
19      21             -0.011520815257197163              
18      28             -0.011520815324108771              
18      30             -0.011520815324108771              
20      28             -0.011520815324108771              
20      30             -0.011520815324108771              
26      28             -0.011520815324108771              
26      30             -0.011520815324108771              
28      33             -0.011520815324108778              
28      34             -0.011520815324108778              
28      35             -0.011520815324108778              
28      36             -0.011520815324108778              
30      33             -0.011520815324108778              
30      34             -0.011520815324108778              
30      35             -0.011520815324108778              
30      36             -0.011520815324108778              
14      21             -0.011520815483879634              
17      18             -0.011520815567249786              
17      20             -0.011520815567249786              
17      26             -0.011520815567249786              
17      33             -0.011520815567249786              
17      34             -0.011520815567249786              
17      35             -0.011520815567249786              
17      36             -0.011520815567249786              
18      37             -0.0115208158103908                
20      37             -0.0115208158103908                
26      37             -0.0115208158103908                
33      37             -0.0115208158103908                
34      37             -0.0115208158103908                
35      37             -0.0115208158103908                
36      37             -0.0115208158103908                
8       18             -0.011520815891437795              
8       20             -0.011520815891437795              
8       26             -0.011520815891437795              
8       33             -0.011520815891437795              
8       34             -0.011520815891437795              
8       35             -0.011520815891437795              
8       36             -0.011520815891437795              
7       18             -0.01152081597248479               
7       20             -0.01152081597248479               
7       26             -0.01152081597248479               
7       33             -0.01152081597248479               
7       34             -0.01152081597248479               
7       35             -0.01152081597248479               
7       36             -0.01152081597248479               
15      28             -0.011520816015704018              
15      30             -0.011520816015704018              
9       28             -0.01152081611450334               
9       30             -0.01152081611450334               
12      28             -0.01152081611450334               
12      30             -0.01152081611450334               
6       41             -0.011520816226408624              
8       15             -0.011520816583033042              
7       15             -0.011520816664080044              
8       9              -0.011520816681832372              
8       12             -0.011520816681832372              
7       9              -0.011520816762879367              
7       12             -0.011520816762879367              
8       14             -0.011520816780631687              
2       6              -0.011520816793737676              
7       14             -0.011520816861678683              
6       40             -0.011520816874784678              
2       18             -0.011520817752647058              
2       20             -0.011520817752647058              
2       26             -0.011520817752647058              
2       33             -0.011520817752647058              
2       34             -0.011520817752647058              
2       35             -0.011520817752647058              
2       36             -0.011520817752647058              
18      21             -0.011520818319976062              
20      21             -0.011520818319976062              
21      26             -0.011520818319976062              
21      33             -0.011520818319976062              
21      34             -0.011520818319976062              
21      35             -0.011520818319976062              
21      36             -0.011520818319976062              
6       8              -0.011520818657818802              
2       42             -0.020597939158884915              
11      41             -0.02059793957412895               
21      39             -0.020597939632834725              
2       10             -0.020597939652881522              
21      42             -0.020597939830433357              
3       5              -0.0205979401726525                
11      40             -0.020597940341612928              
3       41             -0.02059794036452349               
2       24             -0.020597940443276078              
28      42             -0.02059794069385279               
30      42             -0.02059794069385279               
17      39             -0.020597940784060645              
30      32             -0.020597940792652134              
17      42             -0.020597940981659277              
17      32             -0.020597941080458607              
3       40             -0.02059794113200747               
8       39             -0.020597941167802614              
7       39             -0.02059794126373811               
8       42             -0.02059794136540126               
5       23             -0.02059794142795987               
7       42             -0.02059794146133674               
1       39             -0.020597941551544596              
10      37             -0.020597941763462385              
5       39             -0.020597941823157134              
24      28             -0.02059794197824398               
24      30             -0.02059794197824398               
39      41             -0.020597942015028126              
5       42             -0.020597942020755766              
11      17             -0.02059794206845182               
5       13             -0.020597942119555096              
5       32             -0.020597942119555096              
41      42             -0.020597942212626758              
17      24             -0.020597942266050467              
2       23             -0.020597942291379318              
32      41             -0.020597942311426087              
5       10             -0.02059794251475236               
24      37             -0.020597942553856968              
31      39             -0.02059794260683502               
8       22             -0.02059794264979245               
8       24             -0.02059794264979245               
2       39             -0.02059794268657658               
10      41             -0.02059794270662335               
7       22             -0.020597942745727946              
7       24             -0.020597942745727946              
39      40             -0.020597942782512077              
31      42             -0.020597942804433653              
3       17             -0.02059794285884639               
13      31             -0.020597942903232996              
21      23             -0.020597942962927746              
40      42             -0.02059794298011071               
2       13             -0.020597942982974543              
2       32             -0.020597942982974543              
13      40             -0.02059794307891004               
32      40             -0.02059794307891004               
5       11             -0.02059794310754827               
3       37             -0.02059794314665289               
3       8              -0.020597943242588374              
10      31             -0.020597943298430288              
5       22             -0.0205979433051469                
5       24             -0.0205979433051469                
3       7              -0.02059794333852387               
10      40             -0.020597943474107316              
22      41             -0.020597943497017893              
13      21             -0.020597943654522985              
21      32             -0.020597943654522985              
23      28             -0.02059794382634718               
23      30             -0.02059794382634718               
11      31             -0.020597943891226225              
2       11             -0.02059794397096773               
10      21             -0.020597944049720263              
22      31             -0.020597944088824885              
24      31             -0.020597944088824885              
17      23             -0.020597944114153666              
2       22             -0.020597944168566376              
28      39             -0.020597944221544456              
30      39             -0.020597944221544456              
22      40             -0.020597944264501858              
24      40             -0.020597944264501858              
23      37             -0.020597944401960153              
8       23             -0.020597944497895634              
13      28             -0.020597944517942418              
13      30             -0.020597944517942418              
28      32             -0.020597944517942432              
7       23             -0.020597944593831116              
11      21             -0.020597944642516172              
3       31             -0.02059794468162081               
2       3              -0.020597944761362272              
37      39             -0.02059794479715743               
13      17             -0.02059794480574892               
21      22             -0.020597944840114832              
21      24             -0.020597944840114832              
1       23             -0.020597944881637603              
10      28             -0.02059794491313971               
10      30             -0.02059794491313971               
4       5              -0.020597944984735286              
37      42             -0.020597944994756062              
13      37             -0.020597945093555406              
32      37             -0.020597945093555406              
8       13             -0.020597945189490888              
8       32             -0.020597945189490888              
10      17             -0.02059794520094621               
7       13             -0.02059794528542637               
7       32             -0.02059794528542637               
23      41             -0.02059794534512116               
3       21             -0.02059794543291074               
1       42             -0.020597945474433527              
11      28             -0.02059794550593562               
11      30             -0.02059794550593562               
1       13             -0.020597945573232856              
1       32             -0.020597945573232856              
8       10             -0.020597945584688165              
7       10             -0.02059794568062366               
22      28             -0.02059794570353428               
22      30             -0.02059794570353428               
2       4              -0.02059794584815479               
23      31             -0.020597945936928014              
4       40             -0.020597945944090285              
1       10             -0.020597945968430148              
17      22             -0.020597945991340766              
13      41             -0.020597946036716386              
11      37             -0.020597946081548607              
23      40             -0.020597946112605098              
8       11             -0.020597946177484103              
7       11             -0.0205979462734196                
22      37             -0.020597946279147267              
3       28             -0.02059794629633019               
3       30             -0.02059794629633019               
4       21             -0.02059794651970326               
1       11             -0.020597946561226085              
31      32             -0.020597946628523295              
1       22             -0.02059794675882473               
1       24             -0.02059794675882473               
24      41             -0.02059794722230819               
1       3              -0.020597947351620655              
4       28             -0.02059794738312272               
4       30             -0.02059794738312272               
4       17             -0.020597947670929234              
4       8              -0.020597948054671217              
4       7              -0.020597948150606712              
1       4              -0.020597948438413213              
4       41             -0.02059794890189659               
4       37             -0.02059795168402602               
4       31             -0.020597953218993978              
16      38             -0.02979266149291291               
16      25             -0.02979266342907924               
16      27             -0.02979266342907924               
16      29             -0.029792663527749674              
16      18             -0.029792663650606066              
16      20             -0.029792663650606066              
16      26             -0.029792663650606066              
16      33             -0.029792663650606066              
16      34             -0.029792663650606066              
16      35             -0.029792663650606066              
16      36             -0.029792663650606066              
16      19             -0.029792664317113103              
15      16             -0.029792664341299055              
9       16             -0.029792664439969488              
12      16             -0.029792664439969488              
14      16             -0.029792664538639914              
6       16             -0.029792666413378043              
