#======================================================================
# PARAMETERS USED FOR THIS COMPUTATION: 
#	Sequence type: RNA
#	Total number of sequences in alignment data: 2
#	Length of sequences in alignment data: 37
#	Value of sequence identity: 0.8
#	lambda_h: 7.2
#	lambda_J: 7.2
#	Number of gradient decent iterations: 500
# The First and Second columns represent sites and the
# Third column is PLMDCA Frobenius norm, average product corrected (APC) DCA score
#======================================================================
8       9              0.0305208311793706                 
8       13             0.030520830961025633               
8       15             0.030520830961025633               
12      13             0.030520829432610863               
12      15             0.030520829432610863               
22      24             0.030520828777575948               
28      37             0.030520828668403485               
9       10             0.030520828559230995               
22      30             0.03052082855923098                
24      30             0.03052082855923098                
10      13             0.030520828340886028               
10      15             0.030520828340886028               
9       13             0.03052082812254106                
9       15             0.03052082812254106                
10      27             0.03052082812254106                
22      27             0.03052082812254106                
24      27             0.03052082812254106                
9       27             0.030520827904196093               
10      37             0.030520827904196093               
13      15             0.030520827904196093               
22      37             0.030520827904196093               
24      37             0.030520827904196093               
27      30             0.030520827904196093               
25      30             0.030520827795023603               
9       37             0.030520827685851126               
30      37             0.030520827685851126               
25      27             0.03052082735833367                
27      37             0.030520827249161192               
25      37             0.0305208271399887                 
1       25             0.03052082471134239                
8       28             0.03052082471134232                
8       25             0.030520823182927606               
12      28             0.030520823182927564               
12      22             0.030520822418720187               
12      24             0.030520822418720187               
12      30             0.03052082220037522                
22      28             0.030520822091202743               
24      28             0.030520822091202743               
28      30             0.030520821872857776               
12      27             0.0305208217636853                 
12      37             0.030520821545340346               
27      28             0.030520821436167855               
25      28             0.03052082132699538                
10      22             0.03052082132699535                
10      24             0.03052082132699535                
9       22             0.030520821108650398               
9       24             0.030520821108650398               
10      30             0.030520821108650384               
9       30             0.03052082089030543                
13      22             0.03052082089030543                
13      24             0.03052082089030543                
15      22             0.03052082089030543                
15      24             0.03052082089030543                
13      30             0.030520820671960464               
15      30             0.030520820671960464               
1       8              0.03052082064510854                
10      25             0.030520820562787973               
22      25             0.030520820562787973               
24      25             0.030520820562787973               
13      27             0.03052082023527053                
15      27             0.03052082023527053                
13      37             0.030520820016925562               
15      37             0.030520820016925562               
1       12             0.03052081911669388                
1       28             0.03052081878917645                
1       10             0.030520818024969115               
1       22             0.030520818024969115               
1       24             0.030520818024969115               
1       9              0.030520817806624162               
1       30             0.030520817806624162               
1       13             0.03052081758827921                
1       15             0.03052081758827921                
8       12             0.030520817588279153               
1       27             0.03052081736993427                
1       37             0.030520817151589316               
8       10             0.03052081649655436                
8       22             0.03052081649655436                
8       24             0.03052081649655436                
8       30             0.030520816278209406               
8       27             0.030520815841519486               
8       37             0.030520815623174533               
10      12             0.030520814968139603               
9       12             0.030520814749794636               
10      28             0.030520814640622146               
9       28             0.030520814422277193               
12      25             0.030520814203932226               
13      28             0.030520814203932226               
15      28             0.030520814203932226               
9       25             0.030520812893862423               
13      25             0.030520812675517442               
15      25             0.030520812675517442               
2       17             0.010800227298260225               
2       18             0.010800227298260225               
3       17             0.010800227298260225               
3       18             0.010800227298260225               
7       17             0.010800227298260225               
7       18             0.010800227298260225               
17      20             0.010800227298260225               
17      21             0.010800227298260225               
17      23             0.010800227298260225               
17      29             0.010800227298260225               
17      32             0.010800227298260225               
17      33             0.010800227298260225               
17      34             0.010800227298260225               
18      20             0.010800227298260225               
18      21             0.010800227298260225               
18      23             0.010800227298260225               
18      29             0.010800227298260225               
18      32             0.010800227298260225               
18      33             0.010800227298260225               
18      34             0.010800227298260225               
2       3              0.010800224947323418               
2       7              0.010800224947323418               
2       20             0.010800224947323418               
2       21             0.010800224947323418               
2       23             0.010800224947323418               
2       29             0.010800224947323418               
2       32             0.010800224947323418               
2       33             0.010800224947323418               
2       34             0.010800224947323418               
3       7              0.010800224947323418               
3       20             0.010800224947323418               
3       21             0.010800224947323418               
3       23             0.010800224947323418               
3       29             0.010800224947323418               
3       32             0.010800224947323418               
3       33             0.010800224947323418               
3       34             0.010800224947323418               
7       20             0.010800224947323418               
7       21             0.010800224947323418               
7       23             0.010800224947323418               
7       29             0.010800224947323418               
7       32             0.010800224947323418               
7       33             0.010800224947323418               
7       34             0.010800224947323418               
20      21             0.010800224947323418               
20      23             0.010800224947323418               
20      29             0.010800224947323418               
20      32             0.010800224947323418               
20      33             0.010800224947323418               
20      34             0.010800224947323418               
21      23             0.010800224947323418               
21      29             0.010800224947323418               
21      32             0.010800224947323418               
21      33             0.010800224947323418               
21      34             0.010800224947323418               
23      29             0.010800224947323418               
23      32             0.010800224947323418               
23      33             0.010800224947323418               
23      34             0.010800224947323418               
29      32             0.010800224947323418               
29      33             0.010800224947323418               
29      34             0.010800224947323418               
32      33             0.010800224947323418               
32      34             0.010800224947323418               
33      34             0.010800224947323418               
2       4              0.010800222748128661               
2       5              0.010800222748128661               
2       6              0.010800222748128661               
2       11             0.010800222748128661               
2       14             0.010800222748128661               
2       16             0.010800222748128661               
2       19             0.010800222748128661               
2       26             0.010800222748128661               
3       4              0.010800222748128661               
3       5              0.010800222748128661               
3       6              0.010800222748128661               
3       11             0.010800222748128661               
3       14             0.010800222748128661               
3       16             0.010800222748128661               
3       19             0.010800222748128661               
3       26             0.010800222748128661               
7       11             0.010800222748128661               
7       14             0.010800222748128661               
7       16             0.010800222748128661               
7       19             0.010800222748128661               
7       26             0.010800222748128661               
20      26             0.010800222748128661               
21      26             0.010800222748128661               
23      26             0.010800222748128661               
4       7              0.010800222748128654               
4       20             0.010800222748128654               
4       21             0.010800222748128654               
4       23             0.010800222748128654               
4       29             0.010800222748128654               
4       32             0.010800222748128654               
4       33             0.010800222748128654               
4       34             0.010800222748128654               
5       7              0.010800222748128654               
5       20             0.010800222748128654               
5       21             0.010800222748128654               
5       23             0.010800222748128654               
5       29             0.010800222748128654               
5       32             0.010800222748128654               
5       33             0.010800222748128654               
5       34             0.010800222748128654               
6       7              0.010800222748128654               
6       20             0.010800222748128654               
6       21             0.010800222748128654               
6       23             0.010800222748128654               
6       29             0.010800222748128654               
6       32             0.010800222748128654               
6       33             0.010800222748128654               
6       34             0.010800222748128654               
11      20             0.010800222748128654               
11      21             0.010800222748128654               
11      23             0.010800222748128654               
11      29             0.010800222748128654               
11      32             0.010800222748128654               
11      33             0.010800222748128654               
11      34             0.010800222748128654               
14      20             0.010800222748128654               
14      21             0.010800222748128654               
14      23             0.010800222748128654               
14      29             0.010800222748128654               
14      32             0.010800222748128654               
14      33             0.010800222748128654               
14      34             0.010800222748128654               
16      20             0.010800222748128654               
16      21             0.010800222748128654               
16      23             0.010800222748128654               
16      29             0.010800222748128654               
16      32             0.010800222748128654               
16      33             0.010800222748128654               
16      34             0.010800222748128654               
19      20             0.010800222748128654               
19      21             0.010800222748128654               
19      23             0.010800222748128654               
19      29             0.010800222748128654               
19      32             0.010800222748128654               
19      33             0.010800222748128654               
19      34             0.010800222748128654               
26      29             0.010800222748128654               
26      32             0.010800222748128654               
26      33             0.010800222748128654               
26      34             0.010800222748128654               
2       31             0.010800222648113172               
2       35             0.010800222648113172               
2       36             0.010800222648113172               
3       31             0.010800222648113172               
3       35             0.010800222648113172               
3       36             0.010800222648113172               
7       31             0.010800222648113172               
7       35             0.010800222648113172               
7       36             0.010800222648113172               
20      31             0.010800222648113172               
20      35             0.010800222648113172               
20      36             0.010800222648113172               
21      31             0.010800222648113172               
21      35             0.010800222648113172               
21      36             0.010800222648113172               
23      31             0.010800222648113172               
23      35             0.010800222648113172               
23      36             0.010800222648113172               
29      31             0.010800222648113172               
29      35             0.010800222648113172               
29      36             0.010800222648113172               
31      32             0.010800222648113172               
31      33             0.010800222648113172               
31      34             0.010800222648113172               
32      35             0.010800222648113172               
32      36             0.010800222648113172               
33      35             0.010800222648113172               
33      36             0.010800222648113172               
34      35             0.010800222648113172               
34      36             0.010800222648113172               
17      18             0.01080022219861465                
4       5              0.010800220548930907               
4       6              0.010800220548930907               
4       11             0.010800220548930907               
4       14             0.010800220548930907               
4       16             0.010800220548930907               
4       19             0.010800220548930907               
4       26             0.010800220548930907               
5       6              0.010800220548930907               
5       11             0.010800220548930907               
5       14             0.010800220548930907               
5       16             0.010800220548930907               
5       19             0.010800220548930907               
5       26             0.010800220548930907               
6       11             0.010800220548930907               
6       14             0.010800220548930907               
6       16             0.010800220548930907               
6       19             0.010800220548930907               
6       26             0.010800220548930907               
11      14             0.010800220548930907               
11      16             0.010800220548930907               
11      19             0.010800220548930907               
11      26             0.010800220548930907               
14      16             0.010800220548930907               
14      19             0.010800220548930907               
14      26             0.010800220548930907               
16      19             0.010800220548930907               
16      26             0.010800220548930907               
19      26             0.010800220548930907               
4       31             0.010800220448915439               
4       35             0.010800220448915439               
4       36             0.010800220448915439               
5       31             0.010800220448915439               
5       35             0.010800220448915439               
5       36             0.010800220448915439               
6       31             0.010800220448915439               
6       35             0.010800220448915439               
6       36             0.010800220448915439               
11      31             0.010800220448915439               
11      35             0.010800220448915439               
11      36             0.010800220448915439               
14      31             0.010800220448915439               
14      35             0.010800220448915439               
14      36             0.010800220448915439               
16      31             0.010800220448915439               
16      35             0.010800220448915439               
16      36             0.010800220448915439               
19      31             0.010800220448915439               
19      35             0.010800220448915439               
19      36             0.010800220448915439               
26      31             0.010800220448915439               
26      35             0.010800220448915439               
26      36             0.010800220448915439               
31      35             0.010800220348899978               
31      36             0.010800220348899978               
35      36             0.010800220348899978               
4       17             0.01080021764848256                
4       18             0.01080021764848256                
5       17             0.01080021764848256                
5       18             0.01080021764848256                
6       17             0.01080021764848256                
6       18             0.01080021764848256                
11      17             0.01080021764848256                
11      18             0.01080021764848256                
14      17             0.01080021764848256                
14      18             0.01080021764848256                
16      17             0.01080021764848256                
16      18             0.01080021764848256                
17      19             0.01080021764848256                
17      26             0.01080021764848256                
18      19             0.01080021764848256                
18      26             0.01080021764848256                
17      31             0.010800217548467092               
17      35             0.010800217548467092               
17      36             0.010800217548467092               
18      31             0.010800217548467092               
18      35             0.010800217548467092               
18      36             0.010800217548467092               
28      31             -0.01710522438726185               
28      35             -0.01710522438726185               
28      36             -0.01710522438726185               
13      17             -0.017105224818971157              
13      18             -0.017105224818971157              
15      17             -0.017105224818971157              
15      18             -0.017105224818971157              
1       4              -0.017105224902900396              
1       5              -0.017105224902900396              
1       6              -0.017105224902900396              
1       11             -0.017105224902900396              
1       14             -0.017105224902900396              
1       16             -0.017105224902900396              
1       19             -0.017105224902900396              
1       26             -0.017105224902900396              
1       31             -0.01710522501207288               
1       35             -0.01710522501207288               
1       36             -0.01710522501207288               
25      26             -0.017105225678305802              
4       25             -0.01710522567830581               
5       25             -0.01710522567830581               
6       25             -0.01710522567830581               
11      25             -0.01710522567830581               
14      25             -0.01710522567830581               
16      25             -0.01710522567830581               
19      25             -0.01710522567830581               
25      31             -0.017105225787478293              
25      35             -0.017105225787478293              
25      36             -0.017105225787478293              
8       11             -0.01710522630311684               
8       14             -0.01710522630311684               
8       16             -0.01710522630311684               
8       19             -0.01710522630311684               
8       26             -0.01710522630311684               
4       8              -0.017105226303116845              
5       8              -0.017105226303116845              
6       8              -0.017105226303116845              
8       31             -0.017105226412289322              
8       35             -0.017105226412289322              
8       36             -0.017105226412289322              
17      28             -0.017105227444091334              
18      28             -0.017105227444091334              
4       12             -0.01710522770333328               
5       12             -0.01710522770333328               
6       12             -0.01710522770333328               
11      12             -0.01710522770333328               
12      14             -0.01710522770333328               
12      16             -0.01710522770333328               
12      19             -0.01710522770333328               
12      26             -0.01710522770333328               
12      31             -0.01710522781250577               
12      35             -0.01710522781250577               
12      36             -0.01710522781250577               
4       28             -0.017105228003379658              
5       28             -0.017105228003379658              
6       28             -0.017105228003379658              
11      28             -0.017105228003379658              
14      28             -0.017105228003379658              
16      28             -0.017105228003379658              
19      28             -0.017105228003379658              
26      28             -0.017105228003379658              
1       17             -0.017105228068902203              
1       18             -0.017105228068902203              
10      17             -0.017105228144199597              
10      18             -0.017105228144199597              
9       17             -0.017105228344230526              
9       18             -0.017105228344230526              
4       10             -0.017105228703487886              
4       22             -0.017105228703487886              
4       24             -0.017105228703487886              
5       10             -0.017105228703487886              
5       22             -0.017105228703487886              
5       24             -0.017105228703487886              
6       10             -0.017105228703487886              
6       22             -0.017105228703487886              
6       24             -0.017105228703487886              
10      11             -0.017105228703487886              
10      14             -0.017105228703487886              
10      16             -0.017105228703487886              
10      19             -0.017105228703487886              
10      26             -0.017105228703487886              
11      22             -0.017105228703487886              
11      24             -0.017105228703487886              
14      22             -0.017105228703487886              
14      24             -0.017105228703487886              
16      22             -0.017105228703487886              
16      24             -0.017105228703487886              
19      22             -0.017105228703487886              
19      24             -0.017105228703487886              
22      26             -0.017105228703487886              
24      26             -0.017105228703487886              
10      31             -0.01710522881266037               
10      35             -0.01710522881266037               
10      36             -0.01710522881266037               
22      31             -0.01710522881266037               
22      35             -0.01710522881266037               
22      36             -0.01710522881266037               
24      31             -0.01710522881266037               
24      35             -0.01710522881266037               
24      36             -0.01710522881266037               
17      25             -0.017105228844307853              
18      25             -0.017105228844307853              
9       11             -0.0171052289035188                
9       14             -0.0171052289035188                
9       16             -0.0171052289035188                
9       19             -0.0171052289035188                
9       26             -0.0171052289035188                
4       9              -0.01710522890351881               
4       30             -0.01710522890351881               
5       9              -0.01710522890351881               
5       30             -0.01710522890351881               
6       9              -0.01710522890351881               
6       30             -0.01710522890351881               
11      30             -0.01710522890351881               
14      30             -0.01710522890351881               
16      30             -0.01710522890351881               
19      30             -0.01710522890351881               
26      30             -0.01710522890351881               
9       31             -0.017105229012691285              
9       35             -0.017105229012691285              
9       36             -0.017105229012691285              
30      31             -0.017105229012691285              
30      35             -0.017105229012691285              
30      36             -0.017105229012691285              
13      14             -0.017105229103549717              
13      16             -0.017105229103549717              
13      19             -0.017105229103549717              
13      26             -0.017105229103549717              
15      16             -0.017105229103549717              
15      19             -0.017105229103549717              
15      26             -0.017105229103549717              
4       13             -0.017105229103549724              
4       15             -0.017105229103549724              
5       13             -0.017105229103549724              
5       15             -0.017105229103549724              
6       13             -0.017105229103549724              
6       15             -0.017105229103549724              
11      13             -0.017105229103549724              
11      15             -0.017105229103549724              
14      15             -0.017105229103549724              
13      31             -0.017105229212722207              
13      35             -0.017105229212722207              
13      36             -0.017105229212722207              
15      31             -0.017105229212722207              
15      35             -0.017105229212722207              
15      36             -0.017105229212722207              
4       27             -0.017105229303580646              
5       27             -0.017105229303580646              
6       27             -0.017105229303580646              
11      27             -0.017105229303580646              
14      27             -0.017105229303580646              
16      27             -0.017105229303580646              
19      27             -0.017105229303580646              
26      27             -0.017105229303580646              
27      31             -0.01710522941275313               
27      35             -0.01710522941275313               
27      36             -0.01710522941275313               
8       17             -0.017105229469118723              
8       18             -0.017105229469118723              
4       37             -0.017105229503611562              
5       37             -0.017105229503611562              
6       37             -0.017105229503611562              
11      37             -0.017105229503611562              
14      37             -0.017105229503611562              
16      37             -0.017105229503611562              
19      37             -0.017105229503611562              
26      37             -0.017105229503611562              
31      37             -0.017105229612784052              
35      37             -0.017105229612784052              
36      37             -0.017105229612784052              
2       12             -0.0171052303923675                
3       12             -0.0171052303923675                
7       12             -0.0171052303923675                
12      20             -0.017105230392367506              
12      21             -0.017105230392367506              
12      23             -0.017105230392367506              
12      29             -0.017105230392367506              
12      32             -0.017105230392367506              
12      33             -0.017105230392367506              
12      34             -0.017105230392367506              
2       28             -0.017105230692413945              
3       28             -0.017105230692413945              
7       28             -0.017105230692413945              
20      28             -0.017105230692413945              
21      28             -0.017105230692413945              
23      28             -0.017105230692413945              
28      29             -0.01710523069241395               
28      32             -0.01710523069241395               
28      33             -0.01710523069241395               
28      34             -0.01710523069241395               
12      17             -0.01710523086933524               
12      18             -0.01710523086933524               
1       2              -0.01710523131722426               
1       3              -0.01710523131722426               
1       7              -0.01710523131722426               
1       20             -0.01710523131722426               
1       21             -0.01710523131722426               
1       23             -0.01710523131722426               
1       29             -0.01710523131722426               
1       32             -0.01710523131722426               
1       33             -0.01710523131722426               
1       34             -0.01710523131722426               
2       10             -0.01710523139252234               
2       22             -0.01710523139252234               
2       24             -0.01710523139252234               
3       10             -0.01710523139252234               
3       22             -0.01710523139252234               
3       24             -0.01710523139252234               
7       10             -0.01710523139252234               
7       22             -0.01710523139252234               
7       24             -0.01710523139252234               
10      20             -0.01710523139252234               
10      21             -0.01710523139252234               
10      23             -0.01710523139252234               
10      29             -0.01710523139252234               
10      32             -0.01710523139252234               
10      33             -0.01710523139252234               
10      34             -0.01710523139252234               
20      22             -0.01710523139252234               
20      24             -0.01710523139252234               
21      22             -0.01710523139252234               
21      24             -0.01710523139252234               
22      23             -0.01710523139252234               
22      29             -0.01710523139252234               
22      32             -0.01710523139252234               
22      33             -0.01710523139252234               
22      34             -0.01710523139252234               
23      24             -0.01710523139252234               
24      29             -0.01710523139252234               
24      32             -0.01710523139252234               
24      33             -0.01710523139252234               
24      34             -0.01710523139252234               
9       20             -0.017105231592553304              
9       21             -0.017105231592553304              
9       23             -0.017105231592553304              
9       29             -0.017105231592553304              
9       32             -0.017105231592553304              
9       33             -0.017105231592553304              
9       34             -0.017105231592553304              
30      32             -0.017105231592553304              
30      33             -0.017105231592553304              
30      34             -0.017105231592553304              
2       9              -0.01710523159255331               
2       30             -0.01710523159255331               
3       9              -0.01710523159255331               
3       30             -0.01710523159255331               
7       9              -0.01710523159255331               
7       30             -0.01710523159255331               
20      30             -0.01710523159255331               
21      30             -0.01710523159255331               
23      30             -0.01710523159255331               
29      30             -0.01710523159255331               
2       13             -0.017105231792584275              
2       15             -0.017105231792584275              
3       13             -0.017105231792584275              
3       15             -0.017105231792584275              
7       13             -0.017105231792584275              
7       15             -0.017105231792584275              
13      20             -0.017105231792584275              
13      21             -0.017105231792584275              
13      23             -0.017105231792584275              
13      29             -0.017105231792584275              
13      32             -0.017105231792584275              
13      33             -0.017105231792584275              
13      34             -0.017105231792584275              
15      20             -0.017105231792584275              
15      21             -0.017105231792584275              
15      23             -0.017105231792584275              
15      29             -0.017105231792584275              
15      32             -0.017105231792584275              
15      33             -0.017105231792584275              
15      34             -0.017105231792584275              
17      22             -0.017105231869489895              
17      24             -0.017105231869489895              
18      22             -0.017105231869489895              
18      24             -0.017105231869489895              
2       27             -0.01710523199261524               
3       27             -0.01710523199261524               
7       27             -0.01710523199261524               
20      27             -0.01710523199261524               
21      27             -0.01710523199261524               
23      27             -0.01710523199261524               
27      29             -0.01710523199261524               
27      32             -0.01710523199261524               
27      33             -0.01710523199261524               
27      34             -0.01710523199261524               
17      30             -0.01710523206952083               
18      30             -0.01710523206952083               
2       25             -0.01710523209263072               
3       25             -0.01710523209263072               
7       25             -0.01710523209263072               
20      25             -0.01710523209263072               
21      25             -0.01710523209263072               
23      25             -0.01710523209263072               
25      29             -0.017105232092630727              
25      32             -0.017105232092630727              
25      33             -0.017105232092630727              
25      34             -0.017105232092630727              
2       37             -0.01710523219264621               
3       37             -0.01710523219264621               
7       37             -0.01710523219264621               
20      37             -0.01710523219264621               
21      37             -0.01710523219264621               
23      37             -0.01710523219264621               
29      37             -0.01710523219264621               
32      37             -0.01710523219264621               
33      37             -0.01710523219264621               
34      37             -0.01710523219264621               
17      27             -0.01710523246958269               
18      27             -0.01710523246958269               
17      37             -0.01710523266961362               
18      37             -0.01710523266961362               
2       8              -0.017105232717441028              
3       8              -0.017105232717441028              
7       8              -0.017105232717441028              
8       20             -0.017105232717441028              
8       21             -0.017105232717441028              
8       23             -0.017105232717441028              
8       29             -0.017105232717441028              
8       32             -0.017105232717441028              
8       33             -0.017105232717441028              
8       34             -0.017105232717441028              
