#======================================================================
# PARAMETERS USED FOR THIS COMPUTATION: 
#	Sequence type: RNA
#	Total number of sequences in alignment data: 2
#	Length of sequences in alignment data: 49
#	Value of sequence identity: 0.8
#	lambda_h: 9.600000000000001
#	lambda_J: 9.600000000000001
#	Number of gradient decent iterations: 500
# The First and Second columns represent sites and the
# Third column is PLMDCA Frobenius norm, average product corrected (APC) DCA score
#======================================================================
1       35             0.025719858067712473               
14      35             0.02571985774442806                
37      49             0.025719857097859178               
43      49             0.025719856936216964               
1       45             0.02571985685539587                
26      49             0.025719856855395858               
3       49             0.025719856774574758               
6       49             0.025719856774574758               
37      43             0.025719856774574758               
26      37             0.02571985669375365                
3       37             0.02571985661293255                
6       37             0.02571985661293255                
14      45             0.02571985653211145                
26      43             0.025719856532111444               
3       43             0.025719856451290345               
6       43             0.025719856451290345               
1       49             0.025719856451290338               
3       26             0.02571985637046923                
6       26             0.02571985637046923                
3       6              0.02571985628964813                
1       37             0.025719856289648124               
1       43             0.025719856128005918               
14      49             0.025719856128005918               
1       26             0.025719856047184804               
1       3              0.025719855966363704               
1       6              0.025719855966363704               
14      37             0.025719855966363704               
14      43             0.02571985580472149                
14      26             0.025719855723900384               
3       14             0.025719855643079277               
6       14             0.025719855643079277               
1       14             0.025719855319794843               
24      47             0.025719853688333745               
35      47             0.025719853526691545               
24      35             0.02571985320340714                
5       47             0.025719853203407132               
5       24             0.025719852880122726               
5       35             0.025719852718480526               
45      47             0.025719852314375027               
24      45             0.025719851991090607               
47      49             0.02571985191026952                
35      45             0.0257198518294484                 
37      47             0.025719851748627315               
43      47             0.025719851586985115               
24      49             0.0257198515869851                 
26      47             0.02571985150616401                
5       45             0.02571985150616398                
3       47             0.025719851425342916               
6       47             0.025719851425342916               
24      37             0.025719851425342895               
35      49             0.025719851425342888               
24      43             0.025719851263700695               
35      37             0.025719851263700688               
24      26             0.02571985118287959                
1       47             0.025719851102058502               
3       24             0.025719851102058496               
6       24             0.025719851102058496               
35      43             0.02571985110205849                
5       49             0.025719851102058468               
26      35             0.025719851021237382               
3       35             0.025719850940416282               
6       35             0.025719850940416282               
5       37             0.025719850940416268               
14      47             0.025719850778774096               
1       24             0.025719850778774082               
5       43             0.02571985077877406                
5       26             0.025719850697952955               
5       6              0.025719850617131862               
3       5              0.025719850617131855               
14      24             0.025719850455489676               
1       5              0.025719850293847442               
45      49             0.025719850213026314               
37      45             0.0257198500513841                 
5       14             0.02571984997056303                
43      45             0.025719849889741894               
26      45             0.025719849808920787               
3       45             0.025719849728099695               
6       45             0.025719849728099695               
32      33             0.012239258457440099               
29      32             0.012239257632129005               
29      33             0.012239257632129005               
30      32             0.012239257632129005               
30      33             0.012239257632129005               
28      32             0.012239256870303375               
28      33             0.012239256870303375               
31      32             0.012239256870303375               
31      33             0.012239256870303375               
29      30             0.012239256806817887               
28      29             0.012239256044992236               
28      30             0.012239256044992236               
29      31             0.012239256044992233               
30      31             0.012239256044992233               
28      31             0.01223925528316656                
32      47             0.009211579710325421               
33      47             0.009211579710325421               
24      32             0.00921157945638354                
24      33             0.00921157945638354                
26      28             0.009211579447038536               
26      31             0.009211579447038536               
3       28             0.009211579383553069               
3       31             0.009211579383553069               
6       28             0.009211579383553069               
6       31             0.009211579383553069               
32      35             0.009211579329412606               
33      35             0.009211579329412606               
5       32             0.009211579075470731               
5       33             0.009211579075470731               
14      28             0.009211578875669278               
14      31             0.009211578875669278               
24      29             0.009211578405709228               
24      30             0.009211578405709228               
32      45             0.009211578377130568               
33      45             0.009211578377130568               
32      49             0.009211578059703227               
33      49             0.009211578059703227               
5       29             0.009211578024796399               
5       30             0.009211578024796399               
32      37             0.009211577932732286               
33      37             0.009211577932732286               
32      43             0.009211577805761352               
33      43             0.009211577805761352               
26      32             0.009211577742275878               
26      33             0.009211577742275878               
28      47             0.009211577689797891               
31      47             0.009211577689797891               
3       32             0.009211577678790411               
3       33             0.009211577678790411               
6       32             0.009211577678790411               
6       33             0.009211577678790411               
24      28             0.009211577435856003               
24      31             0.009211577435856003               
1       32             0.009211577424848537               
1       33             0.009211577424848537               
29      45             0.009211577326456215               
30      45             0.009211577326456215               
28      35             0.009211577308885062               
31      35             0.009211577308885062               
14      32             0.009211577170906655               
14      33             0.009211577170906655               
5       28             0.009211577054943167               
5       31             0.009211577054943167               
29      49             0.009211577009028867               
30      49             0.009211577009028867               
29      37             0.009211576882057926               
30      37             0.009211576882057926               
29      43             0.009211576755086985               
30      43             0.009211576755086985               
26      29             0.009211576691601511               
26      30             0.009211576691601511               
3       29             0.009211576628116044               
3       30             0.009211576628116044               
6       29             0.009211576628116044               
6       30             0.009211576628116044               
1       29             0.009211576374174156               
1       30             0.009211576374174156               
14      29             0.009211576120232275               
14      30             0.009211576120232275               
28      49             0.009211576039175606               
31      49             0.009211576039175606               
28      37             0.009211575912204659               
31      37             0.009211575912204659               
28      43             0.009211575785233718               
31      43             0.009211575785233718               
1       28             0.009211575404320875               
1       31             0.009211575404320875               
29      47             0.009211574934360811               
30      47             0.009211574934360811               
29      35             0.009211574553447989               
30      35             0.009211574553447989               
28      45             0.00921157263131267                
31      45             0.00921157263131267                
7       10             0.00672815432830709                
7       20             0.00672815432830709                
10      20             0.00672815432830709                
7       42             0.00672815417021954                
7       46             0.00672815417021954                
10      42             0.00672815417021954                
10      46             0.00672815417021954                
20      42             0.00672815417021954                
20      46             0.00672815417021954                
42      46             0.006728154012131983               
2       25             0.0067281533797818385              
8       25             0.0067281533797818385              
15      25             0.0067281533797818385              
19      25             0.0067281533797818385              
21      25             0.0067281533797818385              
25      27             0.0067281530636067455              
25      36             0.0067281530636067455              
25      38             0.006728152984562967               
25      40             0.0067281529055191885              
13      15             0.006728152905519154               
13      19             0.006728152905519154               
13      21             0.006728152905519154               
17      19             0.006728152905519154               
17      21             0.006728152905519154               
18      19             0.006728152905519154               
18      21             0.006728152905519154               
2       13             0.006728152905519147               
2       17             0.006728152905519147               
2       18             0.006728152905519147               
8       13             0.006728152905519147               
8       17             0.006728152905519147               
8       18             0.006728152905519147               
15      17             0.006728152905519147               
15      18             0.006728152905519147               
2       4              0.00672815274743159                
2       9              0.00672815274743159                
2       11             0.00672815274743159                
2       12             0.00672815274743159                
2       16             0.00672815274743159                
2       22             0.00672815274743159                
2       23             0.00672815274743159                
2       34             0.00672815274743159                
2       39             0.00672815274743159                
2       41             0.00672815274743159                
2       44             0.00672815274743159                
4       8              0.00672815274743159                
4       15             0.00672815274743159                
4       19             0.00672815274743159                
4       21             0.00672815274743159                
8       9              0.00672815274743159                
8       11             0.00672815274743159                
8       12             0.00672815274743159                
8       16             0.00672815274743159                
8       22             0.00672815274743159                
8       23             0.00672815274743159                
8       34             0.00672815274743159                
8       39             0.00672815274743159                
8       41             0.00672815274743159                
8       44             0.00672815274743159                
9       15             0.00672815274743159                
9       19             0.00672815274743159                
9       21             0.00672815274743159                
11      15             0.00672815274743159                
11      19             0.00672815274743159                
11      21             0.00672815274743159                
12      15             0.00672815274743159                
12      19             0.00672815274743159                
12      21             0.00672815274743159                
15      16             0.00672815274743159                
15      22             0.00672815274743159                
15      23             0.00672815274743159                
15      34             0.00672815274743159                
15      39             0.00672815274743159                
15      41             0.00672815274743159                
15      44             0.00672815274743159                
16      19             0.00672815274743159                
16      21             0.00672815274743159                
19      22             0.00672815274743159                
19      23             0.00672815274743159                
19      34             0.00672815274743159                
19      39             0.00672815274743159                
19      41             0.00672815274743159                
19      44             0.00672815274743159                
21      22             0.00672815274743159                
21      23             0.00672815274743159                
21      34             0.00672815274743159                
21      39             0.00672815274743159                
21      41             0.00672815274743159                
21      44             0.00672815274743159                
13      27             0.006728152589344054               
13      36             0.006728152589344054               
17      27             0.006728152589344054               
17      36             0.006728152589344054               
18      27             0.006728152589344054               
18      36             0.006728152589344054               
13      38             0.006728152510300275               
17      38             0.006728152510300275               
18      38             0.006728152510300275               
13      40             0.006728152431256497               
17      40             0.006728152431256497               
18      40             0.006728152431256497               
4       27             0.00672815243125649                
4       36             0.00672815243125649                
9       27             0.00672815243125649                
9       36             0.00672815243125649                
11      27             0.00672815243125649                
11      36             0.00672815243125649                
12      27             0.00672815243125649                
12      36             0.00672815243125649                
16      27             0.00672815243125649                
16      36             0.00672815243125649                
22      27             0.00672815243125649                
22      36             0.00672815243125649                
23      27             0.00672815243125649                
23      36             0.00672815243125649                
27      34             0.00672815243125649                
27      39             0.00672815243125649                
27      41             0.00672815243125649                
27      44             0.00672815243125649                
34      36             0.00672815243125649                
36      39             0.00672815243125649                
36      41             0.00672815243125649                
36      44             0.00672815243125649                
4       38             0.0067281523522127115              
9       38             0.0067281523522127115              
11      38             0.0067281523522127115              
12      38             0.0067281523522127115              
16      38             0.0067281523522127115              
22      38             0.0067281523522127115              
23      38             0.0067281523522127115              
34      38             0.0067281523522127115              
38      39             0.0067281523522127115              
38      41             0.0067281523522127115              
38      44             0.0067281523522127115              
2       48             0.006728152352212677               
8       48             0.006728152352212677               
15      48             0.006728152352212677               
19      48             0.006728152352212677               
21      48             0.006728152352212677               
4       40             0.006728152273168933               
9       40             0.006728152273168933               
11      40             0.006728152273168933               
12      40             0.006728152273168933               
16      40             0.006728152273168933               
22      40             0.006728152273168933               
23      40             0.006728152273168933               
34      40             0.006728152273168933               
39      40             0.006728152273168933               
40      41             0.006728152273168933               
40      44             0.006728152273168933               
27      48             0.00672815203603757                
36      48             0.00672815203603757                
7       8              0.006728152036037563               
7       15             0.006728152036037563               
7       19             0.006728152036037563               
7       21             0.006728152036037563               
10      15             0.006728152036037563               
10      19             0.006728152036037563               
10      21             0.006728152036037563               
20      21             0.006728152036037563               
2       7              0.006728152036037556               
2       10             0.006728152036037556               
2       20             0.006728152036037556               
8       10             0.006728152036037556               
8       20             0.006728152036037556               
15      20             0.006728152036037556               
19      20             0.006728152036037556               
38      48             0.006728151956993791               
40      48             0.006728151877950013               
2       42             0.006728151877949992               
2       46             0.006728151877949992               
8       42             0.006728151877949992               
8       46             0.006728151877949992               
15      42             0.006728151877949992               
15      46             0.006728151877949992               
19      42             0.006728151877949992               
19      46             0.006728151877949992               
21      42             0.006728151877949992               
21      46             0.006728151877949992               
7       27             0.006728151719862456               
7       36             0.006728151719862456               
10      27             0.006728151719862456               
10      36             0.006728151719862456               
20      27             0.006728151719862456               
20      36             0.006728151719862456               
7       38             0.0067281516408186776              
10      38             0.0067281516408186776              
20      38             0.0067281516408186776              
7       40             0.006728151561774899               
10      40             0.006728151561774899               
20      40             0.006728151561774899               
27      42             0.006728151561774892               
27      46             0.006728151561774892               
36      42             0.006728151561774892               
36      46             0.006728151561774892               
38      42             0.006728151482731107               
38      46             0.006728151482731107               
40      42             0.006728151403687328               
40      46             0.006728151403687328               
7       48             0.006728150919191898               
10      48             0.006728150919191898               
20      48             0.006728150919191898               
42      48             0.0067281507611043415              
46      48             0.0067281507611043415              
2       8              0.006728149743767897               
2       15             0.006728149743767897               
2       19             0.006728149743767897               
2       21             0.006728149743767897               
8       15             0.006728149743767897               
8       19             0.006728149743767897               
8       21             0.006728149743767897               
15      19             0.006728149743767897               
15      21             0.006728149743767897               
19      21             0.006728149743767897               
2       27             0.006728149427592783               
2       36             0.006728149427592783               
8       27             0.006728149427592783               
8       36             0.006728149427592783               
15      27             0.006728149427592783               
15      36             0.006728149427592783               
19      27             0.006728149427592783               
19      36             0.006728149427592783               
21      27             0.006728149427592783               
21      36             0.006728149427592783               
2       38             0.006728149348548998               
8       38             0.006728149348548998               
15      38             0.006728149348548998               
19      38             0.006728149348548998               
21      38             0.006728149348548998               
2       40             0.0067281492695052125              
8       40             0.0067281492695052125              
15      40             0.0067281492695052125              
19      40             0.0067281492695052125              
21      40             0.0067281492695052125              
27      36             0.006728149111417656               
13      25             0.006728149090952221               
17      25             0.006728149090952221               
18      25             0.006728149090952221               
27      38             0.00672814903237387                
36      38             0.00672814903237387                
27      40             0.006728148953330085               
36      40             0.006728148953330085               
4       25             0.006728148932864678               
9       25             0.006728148932864678               
11      25             0.006728148932864678               
12      25             0.006728148932864678               
16      25             0.006728148932864678               
22      25             0.006728148932864678               
23      25             0.006728148932864678               
25      34             0.006728148932864678               
25      39             0.006728148932864678               
25      41             0.006728148932864678               
25      44             0.006728148932864678               
38      40             0.006728148874286299               
13      17             0.006728148616689571               
13      18             0.006728148616689571               
17      18             0.006728148616689571               
25      48             0.006728148537645792               
4       13             0.006728148458602021               
4       17             0.006728148458602021               
4       18             0.006728148458602021               
9       13             0.006728148458602021               
9       17             0.006728148458602021               
9       18             0.006728148458602021               
11      13             0.006728148458602021               
11      17             0.006728148458602021               
11      18             0.006728148458602021               
12      13             0.006728148458602021               
12      17             0.006728148458602021               
12      18             0.006728148458602021               
13      16             0.006728148458602021               
13      22             0.006728148458602021               
13      23             0.006728148458602021               
13      34             0.006728148458602021               
13      39             0.006728148458602021               
13      41             0.006728148458602021               
13      44             0.006728148458602021               
16      17             0.006728148458602021               
16      18             0.006728148458602021               
17      22             0.006728148458602021               
17      23             0.006728148458602021               
17      34             0.006728148458602021               
17      39             0.006728148458602021               
17      41             0.006728148458602021               
17      44             0.006728148458602021               
18      22             0.006728148458602021               
18      23             0.006728148458602021               
18      34             0.006728148458602021               
18      39             0.006728148458602021               
18      41             0.006728148458602021               
18      44             0.006728148458602021               
4       9              0.006728148300514471               
4       11             0.006728148300514471               
4       12             0.006728148300514471               
4       16             0.006728148300514471               
4       22             0.006728148300514471               
4       23             0.006728148300514471               
4       34             0.006728148300514471               
4       39             0.006728148300514471               
4       41             0.006728148300514471               
4       44             0.006728148300514471               
9       11             0.006728148300514471               
9       12             0.006728148300514471               
9       16             0.006728148300514471               
9       22             0.006728148300514471               
9       23             0.006728148300514471               
9       34             0.006728148300514471               
9       39             0.006728148300514471               
9       41             0.006728148300514471               
9       44             0.006728148300514471               
11      12             0.006728148300514471               
11      16             0.006728148300514471               
11      22             0.006728148300514471               
11      23             0.006728148300514471               
11      34             0.006728148300514471               
11      39             0.006728148300514471               
11      41             0.006728148300514471               
11      44             0.006728148300514471               
12      16             0.006728148300514471               
12      22             0.006728148300514471               
12      23             0.006728148300514471               
12      34             0.006728148300514471               
12      39             0.006728148300514471               
12      41             0.006728148300514471               
12      44             0.006728148300514471               
16      22             0.006728148300514471               
16      23             0.006728148300514471               
16      34             0.006728148300514471               
16      39             0.006728148300514471               
16      41             0.006728148300514471               
16      44             0.006728148300514471               
22      23             0.006728148300514471               
22      34             0.006728148300514471               
22      39             0.006728148300514471               
22      41             0.006728148300514471               
22      44             0.006728148300514471               
23      34             0.006728148300514471               
23      39             0.006728148300514471               
23      41             0.006728148300514471               
23      44             0.006728148300514471               
34      39             0.006728148300514471               
34      41             0.006728148300514471               
34      44             0.006728148300514471               
39      41             0.006728148300514471               
39      44             0.006728148300514471               
41      44             0.006728148300514471               
7       25             0.006728148221470706               
10      25             0.006728148221470706               
20      25             0.006728148221470706               
25      42             0.006728148063383156               
25      46             0.006728148063383156               
13      48             0.006728148063383135               
17      48             0.006728148063383135               
18      48             0.006728148063383135               
4       48             0.006728147905295585               
9       48             0.006728147905295585               
11      48             0.006728147905295585               
12      48             0.006728147905295585               
16      48             0.006728147905295585               
22      48             0.006728147905295585               
23      48             0.006728147905295585               
34      48             0.006728147905295585               
39      48             0.006728147905295585               
41      48             0.006728147905295585               
44      48             0.006728147905295585               
7       13             0.006728147747208042               
7       17             0.006728147747208042               
7       18             0.006728147747208042               
10      13             0.006728147747208042               
10      17             0.006728147747208042               
10      18             0.006728147747208042               
13      20             0.006728147747208042               
17      20             0.006728147747208042               
18      20             0.006728147747208042               
7       9              0.006728147589120492               
7       11             0.006728147589120492               
7       12             0.006728147589120492               
7       16             0.006728147589120492               
7       22             0.006728147589120492               
7       23             0.006728147589120492               
7       34             0.006728147589120492               
7       39             0.006728147589120492               
7       41             0.006728147589120492               
7       44             0.006728147589120492               
10      11             0.006728147589120492               
10      12             0.006728147589120492               
10      16             0.006728147589120492               
10      22             0.006728147589120492               
10      23             0.006728147589120492               
10      34             0.006728147589120492               
10      39             0.006728147589120492               
10      41             0.006728147589120492               
10      44             0.006728147589120492               
13      42             0.006728147589120492               
13      46             0.006728147589120492               
17      42             0.006728147589120492               
17      46             0.006728147589120492               
18      42             0.006728147589120492               
18      46             0.006728147589120492               
20      22             0.006728147589120492               
20      23             0.006728147589120492               
20      34             0.006728147589120492               
20      39             0.006728147589120492               
20      41             0.006728147589120492               
20      44             0.006728147589120492               
4       7              0.006728147589120485               
4       10             0.006728147589120485               
4       20             0.006728147589120485               
9       10             0.006728147589120485               
9       20             0.006728147589120485               
11      20             0.006728147589120485               
12      20             0.006728147589120485               
16      20             0.006728147589120485               
4       42             0.006728147431032935               
4       46             0.006728147431032935               
9       42             0.006728147431032935               
9       46             0.006728147431032935               
11      42             0.006728147431032935               
11      46             0.006728147431032935               
12      42             0.006728147431032935               
12      46             0.006728147431032935               
16      42             0.006728147431032935               
16      46             0.006728147431032935               
22      42             0.006728147431032935               
22      46             0.006728147431032935               
23      42             0.006728147431032935               
23      46             0.006728147431032935               
34      42             0.006728147431032935               
34      46             0.006728147431032935               
39      42             0.006728147431032935               
39      46             0.006728147431032935               
41      42             0.006728147431032935               
41      46             0.006728147431032935               
42      44             0.006728147431032935               
44      46             0.006728147431032935               
7       32             -0.0062361811660058206             
7       33             -0.0062361811660058206             
10      32             -0.0062361811660058206             
10      33             -0.0062361811660058206             
20      32             -0.0062361811660058206             
20      33             -0.0062361811660058206             
32      42             -0.006236181292976761              
32      46             -0.006236181292976761              
33      42             -0.006236181292976761              
33      46             -0.006236181292976761              
7       29             -0.00623618219357492               
7       30             -0.00623618219357492               
10      29             -0.00623618219357492               
10      30             -0.00623618219357492               
20      29             -0.00623618219357492               
20      30             -0.00623618219357492               
29      42             -0.0062361823205458605             
29      46             -0.0062361823205458605             
30      42             -0.0062361823205458605             
30      46             -0.0062361823205458605             
25      28             -0.006236185788137512              
25      31             -0.006236185788137512              
13      28             -0.006236186169050348              
13      31             -0.006236186169050348              
17      28             -0.006236186169050348              
17      31             -0.006236186169050348              
18      28             -0.006236186169050348              
18      31             -0.006236186169050348              
4       28             -0.0062361862960212885             
4       31             -0.0062361862960212885             
9       28             -0.0062361862960212885             
9       31             -0.0062361862960212885             
11      28             -0.0062361862960212885             
11      31             -0.0062361862960212885             
12      28             -0.0062361862960212885             
12      31             -0.0062361862960212885             
16      28             -0.0062361862960212885             
16      31             -0.0062361862960212885             
22      28             -0.0062361862960212885             
22      31             -0.0062361862960212885             
23      28             -0.0062361862960212885             
23      31             -0.0062361862960212885             
28      34             -0.0062361862960212885             
28      39             -0.0062361862960212885             
28      41             -0.0062361862960212885             
28      44             -0.0062361862960212885             
31      34             -0.0062361862960212885             
31      39             -0.0062361862960212885             
31      41             -0.0062361862960212885             
31      44             -0.0062361862960212885             
28      48             -0.006236186613448658              
31      48             -0.006236186613448658              
7       28             -0.006236186867390546              
7       31             -0.006236186867390546              
10      28             -0.006236186867390546              
10      31             -0.006236186867390546              
20      28             -0.006236186867390546              
20      31             -0.006236186867390546              
28      42             -0.006236186994361487              
28      46             -0.006236186994361487              
31      42             -0.006236186994361487              
31      46             -0.006236186994361487              
13      29             -0.00623618708317019               
13      30             -0.00623618708317019               
17      29             -0.00623618708317019               
17      30             -0.00623618708317019               
18      29             -0.00623618708317019               
18      30             -0.00623618708317019               
4       29             -0.006236187210141131              
4       30             -0.006236187210141131              
9       29             -0.006236187210141131              
9       30             -0.006236187210141131              
11      29             -0.006236187210141131              
11      30             -0.006236187210141131              
12      29             -0.006236187210141131              
12      30             -0.006236187210141131              
16      29             -0.006236187210141131              
16      30             -0.006236187210141131              
22      29             -0.006236187210141131              
22      30             -0.006236187210141131              
23      29             -0.006236187210141131              
23      30             -0.006236187210141131              
29      34             -0.006236187210141131              
29      39             -0.006236187210141131              
29      41             -0.006236187210141131              
29      44             -0.006236187210141131              
30      34             -0.006236187210141131              
30      39             -0.006236187210141131              
30      41             -0.006236187210141131              
30      44             -0.006236187210141131              
29      48             -0.006236187527568493              
30      48             -0.006236187527568493              
25      32             -0.006236187537333446              
25      33             -0.006236187537333446              
25      29             -0.00623618856490251               
25      30             -0.00623618856490251               
2       32             -0.006236188595019877              
2       33             -0.006236188595019877              
8       32             -0.006236188595019877              
8       33             -0.006236188595019877              
15      32             -0.006236188595019877              
15      33             -0.006236188595019877              
19      32             -0.006236188595019877              
19      33             -0.006236188595019877              
21      32             -0.006236188595019877              
21      33             -0.006236188595019877              
2       28             -0.006236188708469259              
2       31             -0.006236188708469259              
8       28             -0.006236188708469259              
8       31             -0.006236188708469259              
15      28             -0.006236188708469259              
15      31             -0.006236188708469259              
19      28             -0.006236188708469259              
19      31             -0.006236188708469259              
21      28             -0.006236188708469259              
21      31             -0.006236188708469259              
32      36             -0.006236188848961745              
33      36             -0.006236188848961745              
27      32             -0.006236188848961752              
27      33             -0.006236188848961752              
32      38             -0.006236188912447219              
33      38             -0.006236188912447219              
27      28             -0.0062361889624111475             
27      31             -0.0062361889624111475             
32      40             -0.0062361889759326924             
33      40             -0.0062361889759326924             
28      40             -0.006236189089382088              
31      40             -0.006236189089382088              
2       29             -0.006236189622589025              
2       30             -0.006236189622589025              
8       29             -0.006236189622589025              
8       30             -0.006236189622589025              
15      29             -0.006236189622589025              
15      30             -0.006236189622589025              
19      29             -0.006236189622589025              
19      30             -0.006236189622589025              
21      29             -0.006236189622589025              
21      30             -0.006236189622589025              
13      32             -0.00623618978089141               
13      33             -0.00623618978089141               
17      32             -0.00623618978089141               
17      33             -0.00623618978089141               
18      32             -0.00623618978089141               
18      33             -0.00623618978089141               
27      29             -0.0062361898765309065             
27      30             -0.0062361898765309065             
29      36             -0.0062361898765309065             
30      36             -0.0062361898765309065             
4       32             -0.006236189907862351              
4       33             -0.006236189907862351              
9       32             -0.006236189907862351              
9       33             -0.006236189907862351              
11      32             -0.006236189907862351              
11      33             -0.006236189907862351              
12      32             -0.006236189907862351              
12      33             -0.006236189907862351              
16      32             -0.006236189907862351              
16      33             -0.006236189907862351              
22      32             -0.006236189907862351              
22      33             -0.006236189907862351              
23      32             -0.006236189907862351              
23      33             -0.006236189907862351              
32      34             -0.006236189907862351              
32      39             -0.006236189907862351              
32      41             -0.006236189907862351              
32      44             -0.006236189907862351              
33      34             -0.006236189907862351              
33      39             -0.006236189907862351              
33      41             -0.006236189907862351              
33      44             -0.006236189907862351              
29      38             -0.00623618994001638               
30      38             -0.00623618994001638               
29      40             -0.006236190003501854              
30      40             -0.006236190003501854              
32      48             -0.006236190225289699              
33      48             -0.006236190225289699              
28      36             -0.00623619082505629               
31      36             -0.00623619082505629               
28      38             -0.0062361908885417636             
31      38             -0.0062361908885417636             
25      45             -0.012071034333480564              
24      42             -0.01207103452533733               
24      46             -0.01207103452533733               
35      42             -0.01207103468342488               
35      46             -0.01207103468342488               
5       7              -0.012071034837957795              
5       10             -0.012071034837957795              
5       20             -0.012071034837957795              
4       45             -0.012071034980049397              
9       45             -0.012071034980049397              
11      45             -0.012071034980049397              
12      45             -0.012071034980049397              
16      45             -0.012071034980049397              
22      45             -0.012071034980049397              
23      45             -0.012071034980049397              
34      45             -0.012071034980049397              
39      45             -0.012071034980049397              
41      45             -0.012071034980049397              
44      45             -0.012071034980049397              
5       42             -0.012071034999599994              
5       46             -0.012071034999599994              
13      49             -0.012071035213626069              
17      49             -0.012071035213626069              
18      49             -0.012071035213626069              
13      37             -0.012071035371713612              
17      37             -0.012071035371713612              
18      37             -0.012071035371713612              
4       49             -0.012071035375268276              
9       49             -0.012071035375268276              
11      49             -0.012071035375268276              
12      49             -0.012071035375268276              
16      49             -0.012071035375268276              
22      49             -0.012071035375268276              
23      49             -0.012071035375268276              
34      49             -0.012071035375268276              
39      49             -0.012071035375268276              
41      49             -0.012071035375268276              
44      49             -0.012071035375268276              
45      48             -0.012071035384154924              
13      43             -0.012071035529801162              
17      43             -0.012071035529801162              
18      43             -0.012071035529801162              
4       37             -0.012071035533355826              
9       37             -0.012071035533355826              
11      37             -0.012071035533355826              
12      37             -0.012071035533355826              
16      37             -0.012071035533355826              
22      37             -0.012071035533355826              
23      37             -0.012071035533355826              
34      37             -0.012071035533355826              
37      39             -0.012071035533355826              
37      41             -0.012071035533355826              
37      44             -0.012071035533355826              
13      26             -0.01207103560884494               
17      26             -0.01207103560884494               
18      26             -0.01207103560884494               
3       13             -0.012071035687888719              
3       17             -0.012071035687888719              
3       18             -0.012071035687888719              
6       13             -0.012071035687888719              
6       17             -0.012071035687888719              
6       18             -0.012071035687888719              
4       43             -0.012071035691443376              
9       43             -0.012071035691443376              
11      43             -0.012071035691443376              
12      43             -0.012071035691443376              
16      43             -0.012071035691443376              
22      43             -0.012071035691443376              
23      43             -0.012071035691443376              
34      43             -0.012071035691443376              
39      43             -0.012071035691443376              
41      43             -0.012071035691443376              
43      44             -0.012071035691443376              
4       26             -0.012071035770487154              
9       26             -0.012071035770487154              
11      26             -0.012071035770487154              
12      26             -0.012071035770487154              
16      26             -0.012071035770487154              
22      26             -0.012071035770487154              
23      26             -0.012071035770487154              
26      34             -0.012071035770487154              
26      39             -0.012071035770487154              
26      41             -0.012071035770487154              
26      44             -0.012071035770487154              
48      49             -0.012071035779373802              
4       6              -0.012071035849530919              
3       4              -0.012071035849530926              
3       9              -0.012071035849530926              
3       11             -0.012071035849530926              
3       12             -0.012071035849530926              
3       16             -0.012071035849530926              
3       22             -0.012071035849530926              
3       23             -0.012071035849530926              
3       34             -0.012071035849530926              
3       39             -0.012071035849530926              
3       41             -0.012071035849530926              
3       44             -0.012071035849530926              
6       9              -0.012071035849530926              
6       11             -0.012071035849530926              
6       12             -0.012071035849530926              
6       16             -0.012071035849530926              
6       22             -0.012071035849530926              
6       23             -0.012071035849530926              
6       34             -0.012071035849530926              
6       39             -0.012071035849530926              
6       41             -0.012071035849530926              
6       44             -0.012071035849530926              
37      48             -0.01207103593746136               
43      48             -0.01207103609554891               
1       4              -0.012071036165706032              
1       9              -0.012071036165706032              
1       11             -0.012071036165706032              
1       12             -0.012071036165706032              
1       16             -0.012071036165706032              
1       22             -0.012071036165706032              
1       23             -0.012071036165706032              
1       34             -0.012071036165706032              
1       39             -0.012071036165706032              
1       41             -0.012071036165706032              
1       44             -0.012071036165706032              
26      48             -0.012071036174592688              
3       48             -0.01207103625363646               
6       48             -0.01207103625363646               
13      14             -0.012071036320238926              
14      17             -0.012071036320238926              
14      18             -0.012071036320238926              
2       47             -0.01207103639133196               
25      47             -0.012071036398851598              
4       14             -0.012071036481881132              
9       14             -0.012071036481881132              
11      14             -0.012071036481881132              
12      14             -0.012071036481881132              
14      16             -0.012071036481881132              
14      22             -0.012071036481881132              
14      23             -0.012071036481881132              
14      34             -0.012071036481881132              
14      39             -0.012071036481881132              
14      41             -0.012071036481881132              
14      44             -0.012071036481881132              
1       48             -0.012071036569811573              
2       24             -0.012071036707507081              
27      47             -0.01207103671461636               
36      47             -0.01207103671461636               
24      25             -0.012071036715026698              
38      47             -0.012071036795437466              
2       35             -0.012071036865594638              
25      35             -0.012071036873114241              
40      47             -0.012071036876258566              
13      47             -0.01207103688377821               
17      47             -0.01207103688377821               
18      47             -0.01207103688377821               
14      48             -0.01207103688598668               
24      27             -0.01207103703079148               
24      36             -0.01207103703079148               
4       47             -0.01207103704542041               
9       47             -0.01207103704542041               
11      47             -0.01207103704542041               
12      47             -0.01207103704542041               
16      47             -0.01207103704542041               
22      47             -0.01207103704542041               
23      47             -0.01207103704542041               
34      47             -0.01207103704542041               
39      47             -0.01207103704542041               
41      47             -0.01207103704542041               
44      47             -0.01207103704542041               
24      38             -0.012071037111612587              
5       8              -0.012071037181769766              
5       15             -0.012071037181769766              
5       19             -0.012071037181769766              
5       21             -0.012071037181769766              
27      35             -0.012071037188879044              
35      36             -0.012071037188879044              
5       25             -0.012071037189289341              
24      40             -0.012071037192433694              
13      24             -0.012071037199953304              
17      24             -0.012071037199953304              
18      24             -0.012071037199953304              
35      38             -0.01207103726970015               
35      40             -0.012071037350521258              
13      35             -0.012071037358040854              
17      35             -0.012071037358040854              
18      35             -0.012071037358040854              
4       24             -0.012071037361595503              
9       24             -0.012071037361595503              
11      24             -0.012071037361595503              
12      24             -0.012071037361595503              
16      24             -0.012071037361595503              
22      24             -0.012071037361595503              
23      24             -0.012071037361595503              
24      34             -0.01207103736159551               
24      39             -0.01207103736159551               
24      41             -0.01207103736159551               
24      44             -0.01207103736159551               
47      48             -0.012071037449525916              
5       27             -0.012071037505054172              
5       36             -0.012071037505054172              
4       35             -0.012071037519683053              
9       35             -0.012071037519683053              
11      35             -0.012071037519683053              
12      35             -0.012071037519683053              
16      35             -0.012071037519683053              
22      35             -0.012071037519683053              
23      35             -0.012071037519683053              
34      35             -0.012071037519683053              
35      39             -0.01207103751968306               
35      41             -0.01207103751968306               
35      44             -0.01207103751968306               
5       38             -0.012071037585875279              
5       40             -0.012071037666696385              
5       13             -0.01207103767421596               
5       17             -0.01207103767421596               
5       18             -0.01207103767421596               
24      48             -0.01207103776570103               
7       47             -0.012071037772810315              
10      47             -0.012071037772810315              
20      47             -0.012071037772810315              
4       5              -0.01207103783585816               
5       9              -0.01207103783585816               
5       11             -0.01207103783585816               
5       12             -0.01207103783585816               
5       16             -0.01207103783585816               
5       22             -0.01207103783585816               
5       23             -0.01207103783585816               
5       34             -0.01207103783585816               
5       39             -0.01207103783585816               
5       41             -0.01207103783585816               
5       44             -0.01207103783585816               
35      48             -0.01207103792378858               
42      47             -0.012071037934452529              
46      47             -0.012071037934452529              
2       45             -0.012071038051251363              
8       45             -0.012071038051251363              
15      45             -0.012071038051251363              
19      45             -0.012071038051251363              
21      45             -0.012071038051251363              
7       24             -0.012071038088985422              
10      24             -0.012071038088985422              
20      24             -0.012071038088985422              
5       48             -0.012071038239963687              
7       35             -0.012071038247072972              
10      35             -0.012071038247072972              
20      35             -0.012071038247072972              
27      45             -0.012071038374535777              
36      45             -0.012071038374535777              
25      49             -0.012071038453989734              
38      45             -0.012071038455356883              
40      45             -0.01207103853617799               
13      45             -0.012071038543697489              
17      45             -0.012071038543697489              
18      45             -0.012071038543697489              
25      37             -0.012071038612077284              
8       43             -0.01207103876264539               
15      43             -0.01207103876264539               
19      43             -0.01207103876264539               
21      43             -0.01207103876264539               
25      43             -0.012071038770164827              
25      26             -0.012071038849208605              
3       25             -0.012071038928252377              
6       25             -0.012071038928252377              
37      38             -0.012071039008663353              
37      40             -0.012071039089484467              
26      36             -0.012071039164973589              
1       2              -0.012071039236908075              
1       8              -0.012071039236908075              
1       15             -0.012071039236908075              
1       19             -0.012071039236908075              
1       21             -0.012071039236908075              
3       27             -0.012071039244017367              
3       36             -0.012071039244017367              
6       27             -0.012071039244017367              
6       36             -0.012071039244017367              
1       25             -0.012071039244427477              
26      38             -0.012071039245794703              
3       38             -0.012071039324838481              
6       38             -0.012071039324838481              
26      40             -0.01207103932661581               
3       40             -0.012071039405659588              
6       40             -0.012071039405659588              
7       45             -0.012071039432729636              
10      45             -0.012071039432729636              
20      45             -0.012071039432729636              
14      15             -0.012071039553083203              
14      19             -0.012071039553083203              
14      21             -0.012071039553083203              
8       14             -0.01207103955308321               
1       27             -0.012071039560192495              
1       36             -0.012071039560192495              
14      25             -0.012071039560602577              
45      46             -0.012071039594371842              
42      45             -0.012071039594371849              
1       38             -0.012071039641013609              
1       40             -0.012071039721834716              
1       13             -0.012071039729354117              
1       17             -0.012071039729354117              
1       18             -0.012071039729354117              
7       49             -0.012071039827948521              
10      49             -0.012071039827948521              
20      49             -0.012071039827948521              
14      27             -0.01207103987636763               
14      36             -0.01207103987636763               
14      38             -0.012071039957188737              
7       37             -0.012071039986036071              
10      37             -0.012071039986036071              
20      37             -0.012071039986036071              
42      49             -0.012071039989590734              
46      49             -0.012071039989590734              
14      40             -0.01207104003800985               
8       47             -0.012071040116622259              
15      47             -0.012071040116622259              
19      47             -0.012071040116622259              
21      47             -0.012071040116622259              
7       43             -0.012071040144123621              
10      43             -0.012071040144123621              
20      43             -0.012071040144123621              
37      42             -0.012071040147678284              
37      46             -0.012071040147678284              
7       26             -0.0120710402231674                
10      26             -0.0120710402231674                
20      26             -0.0120710402231674                
3       7              -0.012071040302211178              
3       10             -0.012071040302211178              
3       20             -0.012071040302211178              
6       7              -0.012071040302211178              
6       10             -0.012071040302211178              
6       20             -0.012071040302211178              
42      43             -0.012071040305765834              
43      46             -0.012071040305765834              
26      42             -0.01207104038480962               
26      46             -0.01207104038480962               
8       24             -0.01207104043279738               
15      24             -0.01207104043279738               
19      24             -0.01207104043279738               
21      24             -0.01207104043279738               
3       42             -0.012071040463853391              
3       46             -0.012071040463853391              
6       42             -0.012071040463853391              
6       46             -0.012071040463853391              
8       35             -0.012071040590884936              
15      35             -0.012071040590884936              
19      35             -0.012071040590884936              
21      35             -0.012071040590884936              
1       7              -0.012071040618386292              
1       10             -0.012071040618386292              
1       20             -0.012071040618386292              
1       42             -0.012071040780028498              
1       46             -0.012071040780028498              
2       5              -0.012071040907060071              
7       14             -0.012071040934561399              
10      14             -0.012071040934561399              
14      20             -0.012071040934561399              
14      42             -0.012071041096203612              
14      46             -0.012071041096203612              
2       49             -0.012071042171760568              
8       49             -0.012071042171760568              
15      49             -0.012071042171760568              
19      49             -0.012071042171760568              
21      49             -0.012071042171760568              
2       37             -0.012071042329848125              
8       37             -0.012071042329848125              
15      37             -0.012071042329848125              
19      37             -0.012071042329848125              
21      37             -0.012071042329848125              
2       43             -0.012071042487935689              
27      49             -0.012071042495044981              
36      49             -0.012071042495044981              
2       26             -0.012071042566979474              
8       26             -0.012071042566979474              
15      26             -0.012071042566979474              
19      26             -0.012071042566979474              
21      26             -0.012071042566979474              
38      49             -0.012071042575866088              
2       3              -0.012071042646023246              
2       6              -0.012071042646023246              
3       8              -0.012071042646023246              
3       15             -0.012071042646023246              
3       19             -0.012071042646023246              
3       21             -0.012071042646023246              
6       8              -0.012071042646023246              
6       15             -0.012071042646023246              
6       19             -0.012071042646023246              
6       21             -0.012071042646023246              
27      37             -0.012071042653132545              
36      37             -0.012071042653132545              
40      49             -0.012071042656687195              
27      43             -0.012071042811220102              
36      43             -0.012071042811220102              
26      27             -0.012071042890263887              
38      43             -0.012071042892041216              
40      43             -0.012071042972862323              
2       14             -0.012071043278373508              
