#======================================================================
# PARAMETERS USED FOR THIS COMPUTATION: 
#	Sequence type: RNA
#	Total number of sequences in alignment data: 14
#	Length of sequences in alignment data: 49
#	Value of sequence identity: 0.8
#	lambda_h: 9.600000000000001
#	lambda_J: 9.600000000000001
#	Number of gradient decent iterations: 500
# The First and Second columns represent sites and the
# Third column is PLMDCA Frobenius norm, average product corrected (APC) DCA score
#======================================================================
3       47             0.08985843626732834                
7       43             0.08862693350858894                
1       49             0.08819092479803158                
18      28             0.08678260648893844                
4       46             0.07886592875288208                
20      25             0.07589869219580664                
8       42             0.07541681688575072                
17      18             0.07465829929448792                
44      45             0.07171085043946956                
5       45             0.07171085036278536                
6       45             0.07171084997936433                
5       44             0.07171084967262752                
6       44             0.07171084928920649                
5       6              0.07171084921252228                
4       48             0.07109548173511394                
18      19             0.06728607388733668                
21      22             0.06530679273232075                
7       11             0.06370596499696043                
11      43             0.06370594960543202                
29      39             0.06325748907575816                
9       41             0.06073084716262232                
1       19             0.05742976520793473                
19      26             0.05439863768931972                
24      26             0.05429259304779721                
17      48             0.05369301428861668                
46      48             0.05357185612714646                
8       39             0.05299947775987879                
42      46             0.052580153315371206               
4       42             0.05169847541173836                
19      28             0.05090271209709165                
7       13             0.05067803069593618                
13      43             0.05067803019203193                
11      37             0.050499183790794905               
11      13             0.05044877517592271                
17      19             0.050088069549368515               
39      42             0.05000961794338553                
19      49             0.04959453822441448                
7       12             0.04940560439123429                
12      43             0.049405603960303794               
4       18             0.049195195228658964               
11      12             0.04886392638352098                
17      26             0.04814110248956187                
3       7              0.04725942692737216                
3       43             0.04725942642662044                
4       17             0.04720521834732182                
20      22             0.04720025182883546                
20      21             0.047200251407768574               
17      28             0.04613932900547303                
41      47             0.04578086309617703                
9       47             0.04578085572188072                
8       13             0.04462235385501856                
37      42             0.04439689128684453                
25      26             0.04417719854770975                
9       30             0.043830643951893025               
30      41             0.043830643870324926               
8       37             0.04358392038698454                
34      36             0.043296393353226964               
33      36             0.043296392974484156               
33      34             0.04329638559276589                
26      49             0.04180768269118568                
9       39             0.04157233674169247                
39      41             0.041572336652981684               
2       47             0.040830093009167324               
29      30             0.040760665275986485               
8       29             0.04051400270700421                
8       46             0.04005139605688218                
21      30             0.039974878033389366               
22      30             0.03997487107221735                
4       28             0.03986617593179806                
35      49             0.03968134656118946                
13      42             0.03966295519760678                
17      24             0.0393906664979872                 
18      46             0.03916287237929124                
4       8              0.038859021853591455               
25      37             0.0379712011042569                 
18      48             0.03780803384256802                
12      13             0.03765447983111807                
16      27             0.037412927976566146               
3       8              0.037331604364486265               
13      35             0.03728744659651903                
42      43             0.037251090802907755               
7       42             0.037251083922977185               
11      42             0.037198798426626434               
37      39             0.03713355189090242                
4       49             0.036581825372760404               
5       34             0.03653653335526848                
5       36             0.03653653327858427                
6       34             0.036536533010956836               
6       36             0.03653653293427262                
5       33             0.03653653293350534                
6       33             0.03653653258919369                
34      45             0.03653652659331116                
36      45             0.03653652651662695                
33      45             0.03653652617154803                
34      44             0.0365365259735502                 
36      44             0.03653652589686599                
33      44             0.03653652555178707                
17      46             0.03559213955239239                
29      42             0.035429206546208306               
19      24             0.03537316573095434                
2       48             0.035300143343860675               
3       11             0.03507075435121268                
39      44             0.0350672485059569                 
5       39             0.035067240966665525               
39      45             0.035067234403192774               
6       39             0.035067233072530984               
24      25             0.03489103821978493                
25      49             0.03453978541826048                
18      26             0.034109163779501704               
17      27             0.032623151049762135               
9       37             0.03243714627069781                
37      41             0.032437146187896615               
21      25             0.032224429612101965               
22      25             0.03222442258379852                
29      45             0.030890515729375637               
29      44             0.030890514952557346               
6       29             0.030890514434678495               
5       29             0.030890499965083015               
37      47             0.030373332529265218               
23      30             0.03013138439584434                
23      24             0.029971574196760442               
1       25             0.02976704792335555                
1       26             0.02942756205387391                
20      30             0.028527884953887347               
7       8              0.028459215210894784               
8       43             0.028459214646456607               
8       11             0.028068391231851772               
35      48             0.028029860128430825               
22      23             0.02794963379640645                
21      23             0.02794963341875617                
29      37             0.02763129005183275                
12      23             0.02736496358722615                
29      41             0.027338984747760434               
9       29             0.02733897738349296                
1       18             0.02718562355988681                
28      46             0.027130129844894657               
30      39             0.026950660235525198               
31      40             0.026465871626814304               
32      38             0.02646586185629289                
14      38             0.02646586145027105                
10      38             0.026465861302626743               
14      32             0.026465861228804587               
10      32             0.026465861081160287               
10      14             0.026465860675138432               
14      15             0.0264658600845612                 
10      15             0.026465859936916893               
31      38             0.0264658597892726                 
31      32             0.026465859567806137               
14      31             0.026465859161784268               
38      40             0.02646585901413999                
32      40             0.02646585879267352                
15      31             0.026465858423562708               
14      40             0.02646585838665165                
10      40             0.026465858239007337               
15      40             0.026465857648430083               
15      38             0.02646585326146892                
15      32             0.026465853040002464               
10      31             0.026465851563559364               
16      21             0.02588547294489025                
16      22             0.025885465928813356               
4       19             0.02494378738982761                
42      48             0.02471981135286147                
18      27             0.02460840316233938                
35      37             0.024259577657122153               
30      47             0.024098373415750718               
16      23             0.02400902097683435                
18      49             0.02391059905470956                
2       3              0.02351723658147921                
37      46             0.02338524828019943                
3       9              0.0228780274687648                 
3       41             0.022878027385306185               
30      37             0.02276482623254679                
39      47             0.0227614980518515                 
3       13             0.02254438528226632                
1       28             0.022536954629391898               
11      24             0.022374578698648256               
3       42             0.02226647148087671                
34      39             0.02182957691889717                
36      39             0.021829569379605784               
33      39             0.021829561529826652               
8       9              0.02129473305182479                
8       41             0.021294725507171167               
18      24             0.02127509890491546                
27      28             0.021254696387119847               
17      49             0.02075667142312433                
24      49             0.02059375864172478                
11      35             0.020586844119566003               
11      27             0.019867160684841727               
12      42             0.019751170655112088               
12      31             0.019456667762737544               
10      12             0.01945666178450279                
12      38             0.01945665508805055                
12      32             0.019456654872585306               
12      14             0.019456654477565685               
12      15             0.019456653759348207               
12      40             0.019456652107447986               
22      41             0.019301742722671787               
9       21             0.01930173483301907                
21      41             0.01930173476463158                
9       22             0.019301727889898077               
21      29             0.019180139108697737               
22      29             0.019180132175995998               
2       31             0.019008313801086307               
2       14             0.019008307810258807               
2       10             0.019008307680502975               
2       15             0.019008307161479658               
2       40             0.019008305669287594               
2       38             0.019008300911140488               
2       32             0.01900830071650675                
3       12             0.01897055752076183                
1       20             0.018957005752468142               
1       37             0.018830204825222532               
7       23             0.01876003089738256                
23      43             0.018760030519732275               
3       35             0.01868888570087128                
1       17             0.018632900899625174               
26      48             0.018258139089365966               
8       45             0.017843214016524                  
8       44             0.017843213169866742               
5       8              0.017843213075793715               
6       8              0.017843212605428566               
27      48             0.017797391392227566               
3       37             0.01761659956916052                
28      49             0.017581733716677872               
12      35             0.017573209992509727               
26      27             0.01743142861676257                
20      37             0.017320876124648457               
19      25             0.017316824284915995               
26      28             0.017164878566214417               
15      16             0.01714981069268845                
16      31             0.017149809787472395               
16      40             0.017149809027090922               
16      38             0.017149797131246994               
16      32             0.017149796913995145               
14      16             0.01714979651570008                
10      16             0.01714979637086552                
34      38             0.016833828488551646               
32      34             0.016833828281964662               
32      36             0.016833828208142512               
33      38             0.016833828082529805               
32      33             0.016833827875942814               
15      34             0.016833827214598578               
15      36             0.01683382714077642                
15      33             0.016833826808576716               
31      34             0.016833826353819463               
31      33             0.0168338259477976                 
33      40             0.016833825224743144               
36      38             0.016833820964148892               
14      34             0.016833820452641257               
14      36             0.0168338203788191                 
10      34             0.016833820314916606               
10      36             0.01683382024109445                
14      33             0.01683382004661941                
10      33             0.01683381990889475                
31      36             0.01683381882941671                
34      40             0.016833818180184416               
36      40             0.01683381810636226                
20      23             0.016810393217999493               
16      30             0.01666831214422356                
20      47             0.01645019570405542                
3       48             0.016107729323803985               
26      30             0.016074972670322527               
26      35             0.016050730125560485               
1       16             0.01603946355818242                
13      49             0.01575498152114939                
35      46             0.015689244960471804               
29      33             0.015511263207547081               
29      34             0.015511256231688773               
29      36             0.01551125614537563                
16      17             0.015482336875994221               
3       4              0.01544555603540744                
16      20             0.015378426737919948               
28      48             0.015338058794440793               
19      48             0.015298164422819657               
4       26             0.015157242968966762               
2       46             0.015116316134198261               
27      40             0.015001601952333604               
27      38             0.015001597473130936               
27      32             0.015001597258332541               
14      27             0.015001596864535463               
10      27             0.015001596721336524               
15      27             0.015001596148540783               
27      31             0.015001595253547426               
13      34             0.014648002061115828               
13      36             0.014648001977131779               
13      33             0.014648001599203583               
7       35             0.01452441423151929                
35      43             0.014524413728108282               
37      48             0.01441177447979422                
2       20             0.014280400858736726               
21      27             0.013762818676534852               
22      27             0.013762815380841363               
1       13             0.013639919254841551               
22      26             0.013637463206736547               
21      26             0.013637455313343844               
8       48             0.013607273203485565               
8       35             0.013474057822982652               
19      46             0.01317329407955059                
25      30             0.013152468993886245               
13      37             0.012830684006816293               
3       29             0.012808033469688812               
3       18             0.012682657141763226               
12      24             0.01250395957970031                
48      49             0.012467662918216785               
8       23             0.01234799997452958                
4       37             0.012236499741364704               
11      17             0.01196929666406775                
3       28             0.011891850476083196               
4       24             0.011887037828211315               
11      23             0.01158376156752762                
9       23             0.011488781346671667               
23      41             0.01148878128372996                
17      25             0.011369247654570001               
16      28             0.011251643749115692               
16      18             0.011175262421175072               
29      47             0.010776720511247256               
24      27             0.010713770251319386               
4       27             0.010524446854163622               
3       39             0.010515852467998674               
1       30             0.010206922576159239               
35      42             0.010181298509051126               
19      27             0.010151127169037918               
47      48             0.009982503752320626               
25      48             0.009932441045570825               
25      35             0.009833025834132987               
8       12             0.009797141965795855               
1       22             0.009554421324685688               
1       21             0.009554413350722359               
1       4              0.009382973079345214               
21      47             0.008957106363773809               
22      47             0.008957103096189238               
39      46             0.00872425545925569                
27      46             0.008530063329601274               
20      41             0.008443603549174894               
9       20             0.008443596168772098               
23      27             0.0083673520274207                 
35      36             0.00834688857116149                
33      35             0.008346888193603234               
34      35             0.008346881204482723               
20      29             0.008151433770430372               
20      49             0.008132066795648991               
8       30             0.008031157091933194               
8       47             0.007739889113505927               
16      33             0.007623994760241594               
16      34             0.0076239877079560675              
16      36             0.00762398763553878                
28      42             0.007556203537774225               
23      42             0.007316064070594756               
46      49             0.007276873173444928               
1       8              0.006873795132837174               
12      16             0.006672086794118293               
30      49             0.0066379894870589595              
4       39             0.006393166839040662               
19      30             0.006389614816127591               
27      30             0.006130606698449996               
21      31             0.005855829196199598               
21      40             0.005855828478130945               
22      38             0.005855824308564128               
21      38             0.005855823865631209               
21      32             0.005855823660468745               
14      21             0.005855823284337543               
10      21             0.0058558231475625624              
15      22             0.005855823043395568               
15      21             0.0058558226004626415              
22      31             0.005855822188551935               
22      40             0.005855821470483288               
22      32             0.005855820378111366               
14      22             0.005855820001980164               
10      22             0.0058558198652051835              
13      23             0.005795492516365394               
9       42             0.005717406044207812               
41      42             0.005717405949099488               
13      46             0.005673259472715769               
23      29             0.00564703580159652                
9       26             0.005626997602447725               
26      41             0.005626997528645712               
23      40             0.005605749701907067               
14      23             0.005605748053693321               
10      23             0.005605747927809893               
23      31             0.005605746637504766               
23      38             0.005605744863407584               
15      23             0.005605743698985893               
23      32             0.005605737224001851               
24      30             0.005494937728150531               
24      28             0.005473824503438411               
2       7              0.005347937828401185               
2       43             0.005347937439133692               
16      26             0.0053248666031560365              
2       16             0.005286993374285266               
1       3              0.005172558499747668               
2       12             0.005020480390067056               
1       24             0.004890012263559285               
19      22             0.004469414302790346               
19      21             0.004469410115822692               
22      37             0.004331963841389223               
21      37             0.004331959619291725               
27      33             0.004327663332462615               
27      34             0.004327660000969395               
27      36             0.004327659929369926               
11      18             0.00430999726646579                
3       30             0.004130537831678327               
2       5              0.004109378907039878               
2       6              0.004109374857360001               
2       45             0.004109372105238436               
2       44             0.004109371521337196               
3       23             0.003937974979538052               
1       9              0.003913612898080093               
1       41             0.003913612810849648               
1       27             0.0037970233341676277              
12      33             0.00356146451149892                
12      34             0.0035614611812282426              
12      36             0.0035614611094064927              
20      27             0.0035596822973383638              
4       47             0.003451200130207721               
4       35             0.0034155688304641912              
13      45             0.003296210184430423               
13      44             0.0032962094285740318              
5       13             0.0032962018940094068              
6       13             0.003296201474089183               
9       14             0.0032683371831490823              
9       10             0.003268337013995884               
9       40             0.0032683343921212638              
9       38             0.0032683304514695907              
38      41             0.003268330377647448               
9       32             0.0032683301977397966              
32      41             0.003268330123917647               
14      41             0.0032683296587463426              
10      41             0.003268329489593144               
9       15             0.0032683288868024865              
9       31             0.0032683278295949705              
31      41             0.0032683277557728277              
40      41             0.003268326867718517               
15      41             0.00326832136239974                
22      24             0.0030941236493251395              
21      24             0.0030941195477294514              
3       49             0.0030332760586948837              
2       25             0.0028117915958278603              
35      47             0.0026733724153822774              
2       21             0.00267041632788282                
2       22             0.002670412991860008               
4       13             0.002506446957167993               
24      48             0.0024791414404668963              
23      26             0.002438494805124272               
8       34             0.0023823776804367675              
8       33             0.0023823771630351043              
8       36             0.0023823701357831434              
16      24             0.002380572770311132               
20      26             0.0023520268067289823              
42      44             0.0022649011116070705              
5       42             0.0022649010164987465              
42      45             0.0022648945170015145              
6       42             0.0022648930903764602              
7       37             0.0022452321657088214              
37      43             0.002245231668901615               
16      25             0.002175412080579524               
3       46             0.0018216299268900699              
25      28             0.001663461745922995               
2       36             0.0014386440507694678              
2       34             0.0014386403903570918              
2       33             0.0014386363082382475              
7       31             0.0013806653043795802              
31      43             0.0013806648614466469              
32      43             0.001380663418684508               
7       14             0.0013806634132636844              
7       10             0.0013806632502259622              
14      43             0.001380662970330758               
10      43             0.0013806628072930358              
15      43             0.001380662155142133               
7       40             0.0013806607231412332              
40      43             0.001380660280208286               
7       15             0.001380658872784768               
7       38             0.0013806566555934138              
7       32             0.0013806564110368374              
38      43             0.0013806562126604943              
1       48             0.0013606752860193944              
8       49             0.001108313635289418               
16      48             0.0010218889852428234              
18      25             0.0009630821115312049              
12      27             0.0008754550040257977              
23      25             0.0007962326917465082              
7       49             0.0007679041925055807              
43      49             0.0007679036685311197              
29      35             0.0007611313626995908              
2       4              0.000758055216146726               
4       25             0.0007136587202287922              
3       19             0.0005904811898085616              
22      39             0.0005602826756873486              
21      39             0.0005602821434226371              
32      45             0.00037239094691454006             
5       38             0.0003723904387456234              
32      44             0.0003723902825151573              
5       32             0.0003723902086930145              
6       38             0.00037239006963485366             
6       32             0.0003723898395822378              
15      44             0.0003723890939099708              
40      45             0.0003723879945726552              
40      44             0.0003723873301732378              
38      44             0.0003723867872774747              
5       14             0.0003723860616395777              
5       10             0.0003723859082711625              
5       15             0.0003723852947975226              
6       15             0.0003723849256867459              
6       31             0.0003723839671341614              
38      45             0.00037238372638655204             
5       40             0.0003723835310607826              
6       40             0.00037238316194999205             
15      45             0.0003723823077287705              
6       14             0.0003723819672385026              
6       10             0.00037238181387009434             
5       31             0.00037238061095464653             
14      45             0.0003723793492805133              
10      45             0.00037237919591210505             
14      44             0.00037237868488113057             
10      44             0.0003723785315127154              
31      45             0.00037237762388590834             
31      44             0.00037237695948649785             
10      11             0.00010869897418491065             
11      15             0.0001086983203619496              
11      40             0.00010869644062094092             
11      14             0.00010869541235034724             
11      31             0.0001086935734732758              
11      38             0.00010868865645664166             
11      32             0.00010868468598274061             
22      49             -0.00010514272923137225            
21      49             -0.00010514325320582635            
1       29             -0.000227105997435334              
2       27             -0.00026358059401370565            
24      43             -0.00038587538172036445            
7       24             -0.0003858861812858702             
26      46             -0.0004993502385367624             
25      47             -0.0005171609759777804             
11      19             -0.0007263494139658072             
14      17             -0.000945472928208714              
10      17             -0.000945476816424401              
15      17             -0.0009454774681259687             
17      31             -0.000945478486409676              
17      40             -0.000945479341767981              
17      38             -0.0009454834116466929             
17      32             -0.000945483656034779              
16      19             -0.0011263320057379733             
18      47             -0.0012863125582110238             
38      47             -0.0014473973323915965             
32      47             -0.0014473975612444567             
14      47             -0.001447397980808042              
10      47             -0.0014473981333766178             
15      47             -0.0014473987436509142             
31      47             -0.0014473996972045183             
40      47             -0.0014474004981895397             
9       25             -0.001481391875847754              
25      41             -0.0014813919462272757             
9       24             -0.0015255291318809969             
24      41             -0.0015255329198888556             
18      42             -0.001588781817807819              
28      38             -0.0022482781583428244             
28      32             -0.0022482784001117417             
14      28             -0.0022482788433547674             
10      28             -0.0022482790045340456             
15      28             -0.0022482796492511725             
28      31             -0.002248280656621693              
28      40             -0.002248281502812928              
14      18             -0.002359312535278997              
10      18             -0.002359312696394715              
18      31             -0.0023593143478308487             
18      40             -0.0023593151936883855             
18      38             -0.0023593193011177682             
18      32             -0.002359319542791345              
15      18             -0.002359320791438191              
20      28             -0.002479061685633631              
19      41             -0.002746520563692567              
9       19             -0.0027465242120366384             
35      45             -0.002935957044504778              
35      44             -0.002935957799621275              
5       35             -0.002935957883523091              
6       35             -0.0029359657536128653             
19      20             -0.003162492571694514              
1       46             -0.003375440478425862              
16      46             -0.0035236711519854996             
20      40             -0.0036478844218930592             
20      38             -0.0036478852348040477             
20      32             -0.0036478854453374857             
15      20             -0.003647886533093614              
20      31             -0.003647887410316304              
14      20             -0.00364788955660577               
10      20             -0.0036478896969613997             
6       20             -0.003681895665518367              
20      45             -0.0036818983381414483             
20      44             -0.003681898969741783              
5       20             -0.003681899039919591              
2       49             -0.0037540690703076196             
3       17             -0.0038344161703298962             
7       46             -0.0038678688094054142             
43      46             -0.0038678693125972358             
12      37             -0.0038893574702868958             
1       7              -0.003965563877864051              
1       43             -0.0039655644012467905             
14      30             -0.004118555224957278              
10      30             -0.004118555388093463              
15      30             -0.004118556040638238              
30      31             -0.004118557060239461              
30      40             -0.004118557916704478              
30      38             -0.004118558256918758              
30      32             -0.004118558501623043              
26      29             -0.0041339114011268024             
1       39             -0.004261288370923363              
14      24             -0.00429007791279197               
10      24             -0.004290078038227098              
15      24             -0.004290078539967608              
24      31             -0.004290079323937171              
24      40             -0.004290079982471599              
24      38             -0.004290081104982968              
24      32             -0.004290081293135656              
14      26             -0.004291058403066261              
10      26             -0.0042910585506702945             
15      26             -0.004291059141086427              
26      40             -0.004291060838532833              
26      38             -0.00429106150103941               
26      31             -0.0042910637889019485             
26      32             -0.004291065447735755              
28      35             -0.004295686526356632              
43      45             -0.004325240851628609              
43      44             -0.004325241585298373              
6       43             -0.004325242074411553              
5       7              -0.004325244932002294              
6       7              -0.004325245339596606              
5       43             -0.004325245392107532              
7       45             -0.004325247842103981              
7       44             -0.004325248575773738              
20      24             -0.004434463884578299              
8       24             -0.004510301811108279              
2       9              -0.004772124563388894              
2       41             -0.004772124628266802              
28      47             -0.004827463836760408              
19      23             -0.004994871121591651              
4       16             -0.005539868487424715              
10      13             -0.005599998790214243              
13      40             -0.005600001393719571              
13      38             -0.005600001633672101              
13      32             -0.00560000188562422               
13      14             -0.005600002347536465              
13      15             -0.005600003187376884              
13      31             -0.005600007962467721              
25      29             -0.005837150719731711              
16      29             -0.005845103567201526              
11      28             -0.005892965942549566              
1       23             -0.006000403889501925              
1       2              -0.006387267674464889              
35      39             -0.006574311841557864              
8       28             -0.006673293469593777              
22      34             -0.007041778040010306              
22      36             -0.007041778108397796              
22      33             -0.007041778416141502              
21      34             -0.007041778453184273              
21      36             -0.00704177852157177               
21      33             -0.007041778829315476              
2       18             -0.007119871320581374              
30      35             -0.00712478147465348               
2       28             -0.007162920302099612              
34      42             -0.0071801176812235495             
36      42             -0.007180121501622186              
33      42             -0.007180129380190303              
17      22             -0.007359733301404152              
17      21             -0.007359737515470623              
33      41             -0.007459397189298875              
9       34             -0.007459404105845842              
34      41             -0.007459404174708167              
9       36             -0.0074594041904224445             
36      41             -0.00745940425928477               
9       33             -0.007459404571017153              
1       11             -0.0075405043293283874             
29      49             -0.007569995009609601              
11      49             -0.007618891337834097              
30      42             -0.007759914557463388              
37      49             -0.007793237172289635              
17      47             -0.007830102125786512              
6       46             -0.007856779701650857              
45      46             -0.007856782168961587              
44      46             -0.00785678292374932               
5       46             -0.007856783007614623              
13      47             -0.007896570326544547              
15      35             -0.007997689081824168              
35      38             -0.007997691254930557              
32      35             -0.007997695231926352              
14      35             -0.007997695693386438              
10      35             -0.007997695861190098              
31      35             -0.00799769758117768               
35      40             -0.00799769846214693               
20      39             -0.008158710822924603              
16      45             -0.008336754582810774              
16      44             -0.008336755234566326              
5       16             -0.0083367553069836                
6       16             -0.008336755669070023              
39      48             -0.008400553276514372              
12      41             -0.008570089709904048              
9       12             -0.008570093363372604              
4       11             -0.008687130766679443              
2       35             -0.00870935359909631               
17      23             -0.008717474340835439              
6       47             -0.008815541949038282              
45      47             -0.008815544530064265              
44      47             -0.00881554521662286               
5       47             -0.008815545292907137              
9       49             -0.008826830912888578              
41      49             -0.008826831000217653              
7       20             -0.008851649069822387              
20      43             -0.008851653216179575              
23      39             -0.009146462800838577              
25      45             -0.009195609107574845              
25      44             -0.009195609740990575              
5       25             -0.00919560981137009               
6       25             -0.009195610163267726              
17      35             -0.009430462413808113              
25      46             -0.009447757992761402              
21      28             -0.009464532202254336              
22      28             -0.009464535444006793              
23      28             -0.009507814808427668              
19      40             -0.00953492634405391               
14      19             -0.00953492753011874               
15      19             -0.009534928299580997              
19      38             -0.009534930601366114              
19      32             -0.009534930832204788              
10      19             -0.009534931409301492              
19      31             -0.009534932986699128              
20      35             -0.00954954881953534               
43      47             -0.009698306817261804              
7       47             -0.009698310084846375              
45      49             -0.009722528553679582              
44      49             -0.009722529339641267              
5       49             -0.009722529426970328              
6       49             -0.009722529863615714              
2       17             -0.009727477713049458              
20      48             -0.009750580404035605              
13      48             -0.009908053445921688              
26      37             -0.009986415056140896              
11      26             -0.01000175595274222               
11      46             -0.010348483193652794              
4       29             -0.010396837098409495              
7       16             -0.010463199361971105              
16      43             -0.010463203521765108              
41      46             -0.010477542717880844              
9       46             -0.01047754635930584               
11      48             -0.010494331442333762              
24      42             -0.0105019964516617                
43      48             -0.010621691810595926              
7       48             -0.010621695031604372              
19      29             -0.01076966695057166               
34      37             -0.010805090765819536              
36      37             -0.01080509084862074               
33      37             -0.010805091221226137              
1       45             -0.01088807730660346               
1       44             -0.010888078091677564              
1       5              -0.010888078178908009              
1       6              -0.01088807861506029               
4       7              -0.011195791645390502              
4       43             -0.011195799594938202              
17      30             -0.011345520189394581              
24      29             -0.011346531371407204              
10      25             -0.011364477231275698              
15      25             -0.011364477794311899              
25      31             -0.011364478674055968              
25      40             -0.011364479413040987              
25      32             -0.011364480428719556              
14      25             -0.011364480815806946              
25      38             -0.011364483942871283              
17      20             -0.011380081078111878              
27      45             -0.01143508527848814               
27      44             -0.01143508592288335               
5       27             -0.011435085994482813              
6       27             -0.01143508635248016               
12      45             -0.011436787897619496              
12      44             -0.01143679226930553               
5       12             -0.011436792341127273              
6       12             -0.011436792700236016              
19      35             -0.011599027265260978              
9       16             -0.011718449870700608              
16      41             -0.011718449943117888              
12      49             -0.011730980824385048              
13      39             -0.011876912833641853              
18      20             -0.012045859299528422              
17      34             -0.012092827460045072              
17      36             -0.01209282754150777               
17      33             -0.0120928316333802                
10      46             -0.012245325593272474              
15      46             -0.01224532626419491               
31      46             -0.012245327312511226              
40      46             -0.01224532819309692               
38      46             -0.012245328437977078              
32      46             -0.012245328689572989              
14      46             -0.012245329150832165              
15      48             -0.012359780124515225              
40      48             -0.012359782057595692              
38      48             -0.012359782294936464              
32      48             -0.01235978254707739               
14      48             -0.012359783009335767              
10      48             -0.012359783177429716              
31      48             -0.012359784900392738              
28      30             -0.012405210722236562              
1       42             -0.012516084582363182              
46      47             -0.01259442652278528               
24      45             -0.012660464902272218              
24      44             -0.012660465466730296              
5       24             -0.012660472980028453              
6       24             -0.012660473293616283              
23      33             -0.012750735113760875              
23      34             -0.012750736630226592              
23      36             -0.012750736693168313              
7       25             -0.0128493680969433                
25      43             -0.012849368519220458              
26      39             -0.012877245555672115              
13      24             -0.013004984546908772              
11      47             -0.01307168062271178               
2       37             -0.013197621023440922              
12      21             -0.013265379843911636              
12      22             -0.013265383138271448              
11      25             -0.013282848061337435              
18      22             -0.013514869068838045              
18      21             -0.013514873277475505              
3       20             -0.013525701323336525              
23      37             -0.013542029244312866              
13      19             -0.013661572667767491              
7       36             -0.013679696151028466              
36      43             -0.01367969656420244               
7       34             -0.013679699794799896              
34      43             -0.01367970020797387               
7       33             -0.013679700243153646              
33      43             -0.01367970065632762               
4       45             -0.013712443745941244              
4       44             -0.013712444494391893              
4       5              -0.013712444577553065              
4       6              -0.013712444993358983              
27      49             -0.013841999781982688              
5       48             -0.013865432514994253              
45      48             -0.013865435399814788              
44      48             -0.013865436156237573              
6       48             -0.01386543666051944               
9       27             -0.014048931403848268              
27      41             -0.01404893147544773               
30      34             -0.014106575043203548              
30      36             -0.014106578850061946              
30      33             -0.014106579217118387              
1       35             -0.014346252331846054              
18      30             -0.01442978808307624               
27      35             -0.014518504642581018              
3       6              -0.01479223434370558               
3       5              -0.014792237651702789              
3       45             -0.01479224054240691               
3       44             -0.014792241293534472              
27      43             -0.01490398891340209               
7       27             -0.014903992209095579              
24      37             -0.014929069626915377              
29      46             -0.01497963849417705               
18      23             -0.015088831875442105              
25      27             -0.015110302913774007              
2       30             -0.015128018402976007              
13      29             -0.015446428901426223              
12      17             -0.015492024517611377              
7       19             -0.015570680759821223              
19      43             -0.015570681221498586              
42      49             -0.01561431791949379               
11      33             -0.015641161546373544              
11      34             -0.015641164822160554              
11      36             -0.01564116490388843               
39      49             -0.015665247993596587              
28      36             -0.015685457112382832              
28      33             -0.01568545747503622               
28      34             -0.01568546075708349               
12      47             -0.01569638341807969               
28      45             -0.015747659884135595              
28      44             -0.015747660609442368              
5       28             -0.015747660690031993              
6       28             -0.015747661092980203              
2       11             -0.01583186998557131               
24      39             -0.01588336212129654               
20      34             -0.016069031613462244              
20      36             -0.016069031683640066              
20      33             -0.01606903199944023               
25      39             -0.016227764441677145              
16      47             -0.01625412748176512               
13      16             -0.01626583480679261               
16      35             -0.016285639744728006              
4       9              -0.016305671119258944              
4       41             -0.01630567492771043               
2       23             -0.016420984814060277              
28      29             -0.016688727433322822              
36      47             -0.016710681131930243              
34      47             -0.016710684780936257              
33      47             -0.016710685200499842              
3       22             -0.01675476752559201               
3       21             -0.01675477175163402               
8       19             -0.01683072036710731               
7       28             -0.016984399224525895              
28      43             -0.016984399708063758              
9       35             -0.017067244060410977              
35      41             -0.017067244144312793              
27      29             -0.017078563800640538              
8       18             -0.01710360089446744               
17      42             -0.017115413859898787              
11      29             -0.017197248561343248              
9       48             -0.017253225566871644              
41      48             -0.01725322565091862               
22      48             -0.017376641221329578              
21      48             -0.017376645450901736              
13      25             -0.017452302717593147              
24      35             -0.017615229545516864              
27      47             -0.0178335044139165                
18      34             -0.018023595419182116              
18      36             -0.018023595499739982              
18      33             -0.018023595862250358              
12      30             -0.018045879339819583              
23      45             -0.018091912285587847              
23      44             -0.01809191285206327               
5       23             -0.018091912915004976              
6       23             -0.018091913229713548              
12      28             -0.018300819207471723              
26      34             -0.01832921244646399               
26      36             -0.01832921252026601               
26      33             -0.01832921285237509               
34      49             -0.018355146843795418              
36      49             -0.0183551469311245                
33      49             -0.018355147324105342              
1       12             -0.018427498636145664              
24      46             -0.018507534103655014              
38      39             -0.018575237429002536              
39      40             -0.018575241110500157              
32      39             -0.018575241420425187              
14      39             -0.01857524190833451               
10      39             -0.01857524208575609               
31      39             -0.0185752439043272                
15      39             -0.01857524652073267               
11      16             -0.01867336577863947               
2       19             -0.018788359347591467              
12      46             -0.01890352753988163               
13      28             -0.018911637450103616              
8       20             -0.018966240033238893              
8       22             -0.019001019216819334              
8       21             -0.019001019781257497              
1       47             -0.019038463387879637              
19      39             -0.019168334215852456              
19      45             -0.01928726840558667               
19      44             -0.019287269098102702              
5       19             -0.01928726917504893               
6       19             -0.019287269559780065              
8       25             -0.019385713664754653              
4       38             -0.019599046893461536              
4       32             -0.01959904714294508               
4       15             -0.01959904843194342               
4       31             -0.019599049471458206              
4       40             -0.019599050344650627              
4       14             -0.01959905132562189               
4       10             -0.019599051491944255              
2       42             -0.01960223998181851               
3       24             -0.019664701049293756              
6       37             -0.019725132001542092              
37      45             -0.01972513448481439               
37      44             -0.019725135230025184              
5       37             -0.01972513531282638               
7       29             -0.019815160094162468              
29      43             -0.019815160612041333              
23      47             -0.019881407051608332              
6       9              -0.02001113828695704               
9       45             -0.020011140743598346              
41      45             -0.020011140820282547              
9       44             -0.02001114150478775               
41      44             -0.02001114158147195               
5       9              -0.02001114158936433               
5       41             -0.020011141666048532              
6       41             -0.020011142088931552              
42      47             -0.02009923254058542               
22      45             -0.02018173512800673               
22      44             -0.020181735743494134              
21      45             -0.020181739313402253              
5       22             -0.020181739537171915              
6       22             -0.020181739879109373              
21      44             -0.02018173992888967               
5       21             -0.020181739997277147              
6       21             -0.020181740339214604              
3       25             -0.020184692377060214              
32      49             -0.020519786218175726              
38      49             -0.0205197896814788                
14      49             -0.020519790423775955              
10      49             -0.020519790598434104              
15      49             -0.0205197912970667                
31      49             -0.020519792388680166              
40      49             -0.02051979330563547               
18      35             -0.020557056263968795              
3       26             -0.020601623330548352              
34      46             -0.020619808527925075              
36      46             -0.020619808611790386              
33      46             -0.020619816439764856              
12      20             -0.020819359650514298              
13      20             -0.020835802885950612              
13      27             -0.02085980125062268               
22      35             -0.020863230628685912              
21      35             -0.020863231132096913              
12      18             -0.020868160796833728              
2       13             -0.020875590967113056              
2       24             -0.02090848314456991               
12      48             -0.021008146543728574              
20      46             -0.02125131330188633               
28      39             -0.021379373395830556              
36      48             -0.02159979645626614               
33      48             -0.02159979683447754               
34      48             -0.02159980009750946               
16      37             -0.021686497101828975              
7       9              -0.02170799494607792               
9       43             -0.02170799545353752               
7       41             -0.021707998752887064              
41      43             -0.02170799926034668               
11      20             -0.021911037528814355              
19      47             -0.0221364472206894                
7       22             -0.022564786043654347              
22      43             -0.022564786453979288              
7       21             -0.022564786532767514              
21      43             -0.02256478694309247               
1       33             -0.02261928847132353               
1       34             -0.02261929171684631               
1       36             -0.02261929552936707               
23      35             -0.02287987920855508               
11      45             -0.0231343440342818                
11      44             -0.02313434476983263               
5       11             -0.02313434485156049               
6       11             -0.02313434526019984               
9       28             -0.023370778689902963              
28      41             -0.023370778770492595              
24      36             -0.02338913469327287               
24      33             -0.023389134975501907              
24      34             -0.02338913649320045               
24      47             -0.023406802049715222              
16      49             -0.023673190913330318              
18      45             -0.023728665304944115              
18      44             -0.023728666029964852              
5       18             -0.02372866611052271               
6       18             -0.02372866651331202               
18      29             -0.02378038947663172               
37      38             -0.023968760771956144              
32      37             -0.02396876102035974               
14      37             -0.02396876147576634               
10      37             -0.02396876164136874               
15      37             -0.023968762303778333              
31      37             -0.02396876333879333               
37      40             -0.023968764208205928              
30      45             -0.024001549193904514              
30      44             -0.024001549928017382              
6       30             -0.02400155041742595               
5       30             -0.024001553734875766              
7       26             -0.024022891149772616              
26      43             -0.024022895317875013              
30      46             -0.02407601882783679               
9       11             -0.024123990422226696              
11      41             -0.024123990503954557              
7       18             -0.024147590383408232              
18      43             -0.024147594592045685              
6       17             -0.024157313800724743              
17      45             -0.02415731630407461               
17      44             -0.02415731703723887               
5       17             -0.02415731711870156               
7       30             -0.02434678374639057               
30      43             -0.024346784235799168              
2       26             -0.02456698262592561               
4       23             -0.02463718376691324               
4       30             -0.02469254552644562               
3       14             -0.024794949966281156              
3       10             -0.024794950133198393              
3       31             -0.024794951844100077              
3       40             -0.02479495272041557               
3       38             -0.0247949529821732                
3       32             -0.02479495323254905               
3       15             -0.024794954526157632              
25      34             -0.024923982788934942              
25      36             -0.02492398285931447               
25      33             -0.02492398317602234               
22      46             -0.025110942372145888              
21      46             -0.025110942875337716              
19      34             -0.02524680207156691               
19      36             -0.025246802148513138              
19      33             -0.02524680249477116               
26      44             -0.02527414477734994               
6       26             -0.02527414522016204               
26      45             -0.02527414783842208               
5       26             -0.02527414857644225               
29      31             -0.02546232744030716               
29      32             -0.02546232874882945               
15      29             -0.025462330086683166              
29      40             -0.02546233207188546               
29      38             -0.025462332215180322              
14      29             -0.025462332948842037              
10      29             -0.025462333121468325              
7       17             -0.02552428752278922               
17      43             -0.025524288011565407              
30      48             -0.02558203477271824               
9       17             -0.02568549114485119               
17      41             -0.025685491226313875              
26      47             -0.02569043060696999               
17      29             -0.02569168655464886               
23      46             -0.025752676038615085              
19      42             -0.025791029695434037              
18      41             -0.025909830421276217              
9       18             -0.025909834066008677              
8       26             -0.02594249708180328               
13      26             -0.025967168267576037              
12      26             -0.026204287079141873              
28      37             -0.02621929412627283               
47      49             -0.026484905502788758              
13      21             -0.026565076689899138              
13      22             -0.026565078048640035              
13      18             -0.026595709151588348              
13      30             -0.02662736977175377               
38      42             -0.02671043783787372               
32      42             -0.026710438123198732              
14      42             -0.02671043864629459               
10      42             -0.026710438836511266              
15      42             -0.026710439597377955              
31      42             -0.02671044078623218               
40      42             -0.026710441784869712              
9       13             -0.027008547338105163              
13      41             -0.02700854742208919               
1       31             -0.027075443055266726              
1       38             -0.027075444076412866              
1       32             -0.02707544433810423               
1       14             -0.027075444817871747              
1       10             -0.027075444992332665              
1       15             -0.02707544569017631               
1       40             -0.02707544769647681               
4       20             -0.027237557113336787              
19      37             -0.027371287292295543              
11      30             -0.027515250777109312              
2       39             -0.02757827194704205               
27      42             -0.02784335528691638               
17      37             -0.028569649172516726              
11      22             -0.02872176439512273               
11      21             -0.028721764885489942              
18      39             -0.02894529276822115               
13      17             -0.02909924367538222               
4       12             -0.029212371871918885              
12      25             -0.029254531008202314              
2       29             -0.029335713595389286              
4       22             -0.029398408584381322              
4       21             -0.029398410945993568              
7       39             -0.02945648261457219               
39      43             -0.02945648314683691               
4       36             -0.029796205284092055              
4       34             -0.029796207063576018              
4       33             -0.029796207520962528              
12      19             -0.029983548905789012              
22      42             -0.0300843154680724                
21      42             -0.030084319764012712              
3       27             -0.030500271686323188              
20      42             -0.0305645239701286                
18      37             -0.03071862042604566               
16      42             -0.03087242802700642               
25      42             -0.030967622300969735              
16      39             -0.031552476588758635              
23      49             -0.03161911217782617               
11      39             -0.031752651063951684              
27      37             -0.03203949894259435               
29      48             -0.03208282204022349               
12      39             -0.03238427700098992               
23      48             -0.03244190368930155               
8       17             -0.03289660809705684               
27      39             -0.03344029284353628               
17      39             -0.03485423794924343               
12      29             -0.03519624473797539               
3       36             -0.03587396224317319               
3       33             -0.03587396448138213               
3       34             -0.03587396588500487               
26      42             -0.037265482657900584              
3       16             -0.037292720585537925              
8       38             -0.04172537152514082               
8       32             -0.0417253718073599                
8       14             -0.04172537418740671               
8       10             -0.04172537437555278               
8       31             -0.04172537444140473               
8       15             -0.04172537512813701               
8       40             -0.041725377291816676              
2       8              -0.04600511621430585               
8       27             -0.056428625666138085              
8       16             -0.06237411521601066               
