#======================================================================
# PARAMETERS USED FOR THIS COMPUTATION: 
#	Sequence type: RNA
#	Total number of sequences in alignment data: 5
#	Length of sequences in alignment data: 38
#	Value of sequence identity: 0.8
#	lambda_h: 7.4
#	lambda_J: 7.4
#	Number of gradient decent iterations: 500
# The First and Second columns represent sites and the
# Third column is PLMDCA Frobenius norm, average product corrected (APC) DCA score
#======================================================================
4       35             0.10587053429586321                
1       38             0.10410361204238802                
7       29             0.08699633258458223                
29      34             0.08699633059990017                
7       34             0.08699632731604996                
32      38             0.0804067099175902                 
1       32             0.08040669624563655                
6       11             0.07905830147562044                
11      33             0.07905830104401144                
6       33             0.0790582962203298                 
11      22             0.07905828884040646                
6       22             0.07905828401672661                
22      33             0.07905828358511732                
27      36             0.06910766097932963                
3       27             0.06910765968810816                
3       36             0.06910764984423087                
24      34             0.06898187227909273                
24      29             0.06898186376651323                
7       24             0.06898186086449751                
11      32             0.055248932378947596               
32      33             0.05524889554164611                
22      32             0.055248883434138404               
6       32             0.05524888108746949                
5       34             0.05220078475294497                
5       29             0.05220078397518123                
5       7              0.05220078117006384                
32      36             0.04757553125121519                
3       32             0.04757552245968091                
27      32             0.04757551854856602                
16      27             0.039161640377879794               
15      27             0.03916163722968401                
16      36             0.03916163722498281                
17      27             0.03916163690687864                
3       16             0.03916163612770189                
15      36             0.039161634076787744               
17      36             0.03916163375398239                
3       15             0.039161632979506644               
3       17             0.03916163265670129                
16      17             0.03668513651907913                
15      16             0.036685129342818756               
15      17             0.03668512751223                   
5       24             0.034926441220641875               
4       34             0.033729869188094785               
34      35             0.03372986470016616                
29      35             0.033729862520261056               
4       29             0.033729859557609654               
7       35             0.03372985923714095                
4       7              0.03372985627448974                
1       11             0.026184362915556314               
11      38             0.02618436172863159                
1       6              0.026184332713134972               
1       33             0.026184332255146603               
6       38             0.026184331526209442               
33      38             0.026184331068221073               
1       22             0.02618432766699319                
22      38             0.0261843264800677                 
18      24             0.025366568054587355               
4       18             0.01928449848435842                
18      35             0.01928449589877338                
1       36             0.0180179062332797                 
36      38             0.018017905049660082               
1       27             0.018017900851916582               
1       3              0.01801789740873405                
3       38             0.01801789622511442                
27      38             0.018017892217716283               
1       18             0.01722416336370678                
18      38             0.017224162670013234               
18      32             0.016193793566504466               
16      32             0.016163799764808404               
15      32             0.016163788757813644               
17      32             0.016163788422575223               
34      38             0.015508437752230791               
1       34             0.015508431505728615               
1       29             0.0155084288805655                 
1       7              0.015508425445652882               
29      38             0.015508420225906344               
7       38             0.01550841679099367                
3       4              0.014799287919836951               
4       36             0.014799281782504323               
4       27             0.014799276638949768               
3       35             0.01479927605758316                
27      35             0.014799264776695742               
35      36             0.014799262469670019               
23      37             0.01399350014862398                
21      23             0.013993500051215836               
23      26             0.01399350005121583                
23      30             0.01399350005121583                
23      31             0.01399350005121583                
14      23             0.013993500002511768               
20      23             0.013993499953807699               
23      28             0.013993499953807692               
10      23             0.013993499758991418               
9       23             0.013993499661583288               
2       37             0.013993499466767097               
2       23             0.013993499465625059               
2       21             0.013993499369358953               
2       26             0.013993499369358953               
2       30             0.013993499369358953               
2       31             0.013993499369358953               
2       14             0.013993499320654884               
2       20             0.013993499271950816               
2       28             0.013993499271950816               
2       10             0.013993499077134534               
2       9              0.013993498979726397               
25      37             0.013993498397559798               
23      25             0.013993498396419446               
10      25             0.013993498007927319               
9       25             0.013993497910519202               
2       25             0.013993497714562632               
13      37             0.013993497374774469               
13      23             0.013993497373634                  
13      21             0.013993497277366339               
13      26             0.013993497277366339               
13      30             0.013993497277366339               
13      31             0.013993497277366339               
13      14             0.013993497228662284               
13      20             0.013993497179958223               
13      28             0.013993497179958223               
10      13             0.013993496985141983               
9       13             0.013993496887733867               
12      37             0.013993496790325709               
12      23             0.01399349678918517                
19      37             0.013993496692917586               
12      21             0.013993496692917579               
12      26             0.013993496692917579               
12      30             0.013993496692917579               
12      31             0.013993496692917579               
2       13             0.013993496691777171               
19      23             0.013993496691777033               
12      14             0.013993496644213524               
8       37             0.01399349659550947                
12      20             0.013993496595509462               
12      28             0.013993496595509462               
19      21             0.013993496595509455               
19      26             0.013993496595509455               
19      30             0.013993496595509455               
19      31             0.013993496595509455               
8       23             0.013993496594368902               
14      19             0.0139934965468054                 
19      20             0.013993496498101339               
19      28             0.013993496498101339               
8       21             0.013993496498101332               
8       26             0.013993496498101332               
8       30             0.013993496498101332               
8       31             0.013993496498101332               
8       14             0.013993496449397277               
10      12             0.013993496400693223               
8       20             0.013993496400693216               
8       28             0.013993496400693216               
9       12             0.013993496303285106               
10      19             0.0139934963032851                 
9       19             0.013993496205876983               
8       10             0.013993496205876976               
8       9              0.01399349610846886                
2       12             0.013993496107328335               
2       19             0.013993496009920198               
2       8              0.01399349591251206                
13      25             0.013993495622568797               
12      25             0.013993495038120099               
19      25             0.013993494940711983               
8       25             0.013993494843303873               
12      13             0.01399349401533484                
13      19             0.013993493917926723               
8       13             0.013993493820518607               
12      19             0.013993493333478005               
8       12             0.013993493236069889               
8       19             0.013993493138661772               
21      37             0.013993492601776292               
26      37             0.013993492601776292               
30      37             0.013993492601776292               
31      37             0.013993492601776292               
14      37             0.01399349255307223                
20      37             0.013993492504368168               
28      37             0.013993492504368168               
21      26             0.013993492504368155               
21      30             0.013993492504368155               
21      31             0.013993492504368155               
26      30             0.013993492504368155               
26      31             0.013993492504368155               
30      31             0.013993492504368155               
14      21             0.013993492455664093               
14      26             0.013993492455664093               
14      30             0.013993492455664093               
14      31             0.013993492455664093               
20      21             0.013993492406960031               
20      26             0.013993492406960031               
20      30             0.013993492406960031               
20      31             0.013993492406960031               
21      28             0.013993492406960031               
26      28             0.013993492406960031               
28      30             0.013993492406960031               
28      31             0.013993492406960031               
14      20             0.01399349235825597                
14      28             0.01399349235825597                
10      37             0.013993492309551915               
20      28             0.013993492309551908               
9       37             0.013993492212143792               
10      21             0.013993492212143771               
10      26             0.013993492212143771               
10      30             0.013993492212143771               
10      31             0.013993492212143771               
10      14             0.013993492163439716               
9       21             0.013993492114735655               
9       26             0.013993492114735655               
9       30             0.013993492114735655               
9       31             0.013993492114735655               
10      20             0.013993492114735648               
10      28             0.013993492114735648               
9       14             0.013993492066031593               
9       20             0.013993492017327532               
9       28             0.013993492017327532               
9       10             0.013993491822511271               
21      25             0.01399349084957107                
25      26             0.01399349084957107                
25      30             0.01399349084957107                
25      31             0.01399349084957107                
14      25             0.013993490800867016               
20      25             0.013993490752162961               
25      28             0.013993490752162954               
11      35             0.01263157328392188                
4       11             0.012631562806752872               
22      35             0.012631547702109905               
33      35             0.012631544966176467               
4       22             0.012631544675524298               
4       33             0.012631541939591012               
6       35             0.012631537953345234               
4       6              0.012631534926759766               
6       24             0.01184840566543316                
24      33             0.01184839782791712                
11      24             0.011848390461629152               
22      24             0.011848385345102366               
24      32             0.009751428787617311               
24      35             0.009749591914647332               
4       24             0.009749573528993707               
4       32             0.007936602149833827               
32      35             0.00793659756824211                
4       5              0.00678564387904132                
5       35             0.006785640045380889               
11      18             0.006687141198870074               
6       18             0.006687130879381817               
18      33             0.006687130627129612               
18      22             0.006687124753125252               
5       18             0.00657719603474944                
7       18             0.0058665417375922055              
18      34             0.005866534277870865               
18      29             0.005866532453612794               
5       23             0.0022888714493505824              
2       5              0.0022888707948231918              
5       25             0.0022888691712176362              
5       13             0.0022888681894265434              
5       12             0.0022888676284030657              
5       19             0.0022888675348991597              
5       8              0.0022888674413952467              
5       37             0.0022888674265290274              
5       21             0.0022888673330251075              
5       26             0.0022888673330251075              
5       30             0.0022888673330251075              
5       31             0.0022888673330251075              
5       14             0.002288867286273151               
5       20             0.0022888672395211945              
5       28             0.0022888672395211945              
5       10             0.0022888670525133686              
5       9              0.0022888669590094557              
16      18             0.001493140861883284               
15      18             0.0014931383754632002              
17      18             0.0014931381862740498              
1       5              0.0003277055510046839              
5       38             0.0003276970718810446              
12      15             0.00032275024301735983             
15      19             0.00032275015157727516             
8       15             0.00032275006013718355             
15      21             0.00032275003638369826             
15      26             0.00032275003638369826             
15      30             0.00032275003638369826             
15      31             0.00032275003638369826             
14      15             0.00032274999066365245             
12      17             0.000322749950793004               
15      20             0.00032274994494360665             
15      28             0.00032274994494360665             
2       15             0.00032274994315669575             
17      19             0.0003227498593529124              
8       17             0.0003227497679128277              
10      15             0.0003227497620634165              
17      21             0.0003227497441593147              
17      26             0.0003227497441593147              
17      30             0.0003227497441593147              
17      31             0.0003227497441593147              
14      17             0.0003227496984392758              
9       15             0.0003227496706233318              
17      20             0.00032274965271922307             
17      28             0.00032274965271922307             
2       17             0.0003227496509322775              
10      17             0.00032274946983903985             
9       17             0.00032274937839894824             
16      21             0.0003227484552132259              
16      26             0.0003227484552132259              
16      30             0.0003227484552132259              
16      31             0.0003227484552132259              
14      16             0.000322748409493194               
16      20             0.00032274836377315513             
16      28             0.00032274836377315513             
10      16             0.00032274818089299967             
9       16             0.0003227480894529289              
15      25             0.00032274802648859374             
17      25             0.0003227477342642379              
15      23             0.0003227468579470455              
17      23             0.0003227465657226272              
15      37             0.00032274640253349834             
17      37             0.0003227461103091217              
16      37             0.00032274482136301214             
16      23             0.00032274155148744044             
16      19             0.0003227411198255606              
2       16             0.00032274091140690325             
13      15             0.00032273961578702104             
13      17             0.0003227393235626652              
12      16             0.00032273748597533986             
8       16             0.00032273730309519133             
16      25             0.0003227352694463101              
13      16             0.00032273430932550085             
24      36             -9.795751010922837e-05             
3       24             -9.797357207672053e-05             
24      27             -9.797695776174453e-05             
3       18             -0.0017866517195839482             
18      27             -0.001786653926790685              
18      36             -0.0017866546881176518             
4       16             -0.002487744882586587              
4       15             -0.0024877519368733947             
4       17             -0.0024877522651853834             
15      35             -0.002487759411207463              
17      35             -0.0024877597395194795             
16      35             -0.002487759807500628              
1       16             -0.002663027120172176              
16      38             -0.0026630281260130173             
1       15             -0.002663038398135295              
1       17             -0.0026630387416265583             
15      38             -0.002663039403976303              
17      38             -0.00266303974746758               
32      34             -0.0034038594654267063             
29      32             -0.003403884200248203              
7       32             -0.0034038875526323786             
8       22             -0.009920202181786755              
6       25             -0.009920202231164327              
6       13             -0.009920203364138708              
22      25             -0.00992020391088419               
6       12             -0.009920204011552622              
6       19             -0.009920204119454934              
6       8              -0.00992020422735726               
8       33             -0.009920204616989739              
6       37             -0.009920204818159764              
6       21             -0.00992020492606209               
6       26             -0.00992020492606209               
6       30             -0.00992020492606209               
6       31             -0.00992020492606209               
6       14             -0.009920204980013253              
6       20             -0.009920205033964416              
6       28             -0.009920205033964416              
13      22             -0.00992020504385853               
6       10             -0.009920205249769054              
6       9              -0.009920205357671366              
12      22             -0.00992020569127243               
19      22             -0.009920205799174742              
25      33             -0.009920206346087104              
2       6              -0.009920206377422885              
22      37             -0.009920206497879419              
21      22             -0.009920206605781759              
22      26             -0.009920206605781759              
22      30             -0.009920206605781759              
22      31             -0.009920206605781759              
14      22             -0.009920206659732908              
20      22             -0.009920206713684071              
22      28             -0.009920206713684071              
10      22             -0.009920206929488709              
9       22             -0.009920207037391021              
13      33             -0.009920207479061485              
12      33             -0.009920208126475413              
19      33             -0.009920208234377725              
33      37             -0.00992020893308257               
26      33             -0.00992020904098491               
14      33             -0.009920209094936058              
20      33             -0.009920209148887221              
28      33             -0.009920209148887221              
6       23             -0.009920209347396958              
9       33             -0.009920209472594185              
22      23             -0.009920211027116363              
2       22             -0.00992021178243259               
21      33             -0.009920212766275208              
30      33             -0.009920212766275208              
31      33             -0.009920212766275208              
10      33             -0.009920213089982172              
23      33             -0.009920213462319818              
2       33             -0.009920214217636059              
10      11             -0.009920235045244918              
9       11             -0.009920235153147161              
11      21             -0.009920238446828475              
11      26             -0.009920238446828475              
11      30             -0.009920238446828475              
11      31             -0.009920238446828475              
11      14             -0.009920238500779582              
11      20             -0.009920238554730718              
11      28             -0.009920238554730718              
11      25             -0.009920239477225284              
11      12             -0.009920241257612386              
11      19             -0.009920241365514629              
8       11             -0.009920241473416871              
11      37             -0.009920242064216503              
11      23             -0.009920242868157902              
2       11             -0.009920243623473657              
11      13             -0.009920244335489187              
7       25             -0.010425911020920053              
2       7              -0.010425911663319173              
25      29             -0.010425911823966863              
7       13             -0.010425912170267837              
7       12             -0.01042591282703799               
7       19             -0.010425912936499679              
13      29             -0.010425912973314591              
7       8              -0.010425913045961369              
12      29             -0.010425913630084715              
7       37             -0.010425913699138756              
19      29             -0.010425913739546391              
7       21             -0.01042591380860046               
7       26             -0.01042591380860046               
7       30             -0.01042591380860046               
7       31             -0.01042591380860046               
8       29             -0.010425913849008081              
7       14             -0.010425913863331304              
7       20             -0.010425913918062149              
7       28             -0.010425913918062149              
7       10             -0.010425914136985542              
7       9              -0.010425914246447232              
29      37             -0.010425914502185288              
21      29             -0.010425914611646978              
26      29             -0.010425914611646978              
29      30             -0.010425914611646991              
29      31             -0.010425914611646991              
7       23             -0.01042591462237763               
14      29             -0.010425914666377822              
20      29             -0.010425914721108667              
28      29             -0.010425914721108667              
10      29             -0.010425914940032047              
9       29             -0.010425915049493722              
23      34             -0.010425918029378548              
2       34             -0.010425918795610264              
23      29             -0.0104259191507141                
2       29             -0.0104259199169459                
34      37             -0.010425920831431387              
25      34             -0.010425921878504066              
13      34             -0.010425923027851641              
12      34             -0.010425923684621696              
19      34             -0.010425923794083358              
8       34             -0.010425923903545034              
21      34             -0.010425924666183375              
26      34             -0.010425924666183375              
30      34             -0.010425924666183375              
31      34             -0.010425924666183375              
14      34             -0.010425924720914206              
20      34             -0.010425924775645037              
28      34             -0.010425924775645037              
10      34             -0.010425924994568389              
9       34             -0.010425925104030065              
18      37             -0.010575814979286537              
18      21             -0.010575815042349591              
18      26             -0.010575815042349591              
18      30             -0.010575815042349591              
18      31             -0.010575815042349591              
18      20             -0.01057581510541264               
18      28             -0.01057581510541264               
14      18             -0.010575816936526268              
10      18             -0.01057581895682904               
9       18             -0.010575819019892088              
18      25             -0.010575820603323884              
13      18             -0.01057582312813106               
12      18             -0.010575823506509353              
18      19             -0.010575823569572401              
8       18             -0.010575823632635449              
18      23             -0.01057582539154528               
2       18             -0.010575825832986621              
1       24             -0.011610217463706399              
24      38             -0.01161021852777884               
27      30             -0.011799904212683787              
27      31             -0.011799904212683787              
27      28             -0.011799904320285576              
27      37             -0.011799907830372283              
21      27             -0.011799907937974072              
26      27             -0.011799907937974072              
14      27             -0.011799907991774966              
20      27             -0.01179990804557586               
10      27             -0.011799908260779451              
9       27             -0.01179990836838124               
23      27             -0.011799908611328666              
3       37             -0.011799911871668456              
3       21             -0.011799911979270258              
3       26             -0.011799911979270258              
3       30             -0.011799911979270258              
3       31             -0.011799911979270258              
3       14             -0.011799912033071139              
3       20             -0.011799912086872033              
3       28             -0.011799912086872033              
2       36             -0.011799912236939256              
3       10             -0.01179991230207561               
3       9              -0.011799912409677399              
25      27             -0.011799912711538421              
13      36             -0.011799912988465958              
3       25             -0.011799913027544628              
2       3              -0.011799913405836929              
13      27             -0.011799913841357229              
3       13             -0.011799914157363367              
36      37             -0.011799914428061248              
12      27             -0.011799914486967975              
21      36             -0.011799914535663036              
26      36             -0.011799914535663036              
30      36             -0.011799914535663036              
31      36             -0.011799914535663036              
14      36             -0.01179991458946393               
19      27             -0.011799914594569763              
20      36             -0.011799914643264825              
28      36             -0.011799914643264825              
8       27             -0.011799914702171538              
3       12             -0.011799914802974085              
10      36             -0.011799914858468388              
3       19             -0.01179991491057586               
9       36             -0.011799914966070177              
3       8              -0.011799915018177648              
25      36             -0.011799915583937517              
3       23             -0.011799916377914735              
2       27             -0.011799916815121797              
12      36             -0.01179991735936696               
19      36             -0.011799917466968735              
8       36             -0.01179991757457051               
23      36             -0.011799918934307374              
4       37             -0.014519277107843329              
35      37             -0.014519277376286194              
21      35             -0.014519277485723542              
26      35             -0.014519277485723542              
30      35             -0.014519277485723542              
31      35             -0.014519277485723542              
14      35             -0.014519277540442202              
20      35             -0.014519277595160876              
28      35             -0.014519277595160876              
10      35             -0.014519277814035558              
9       35             -0.014519277923472892              
25      35             -0.014519278424782553              
13      35             -0.01451927957387461               
12      35             -0.01451928023049863               
19      35             -0.014519280339935964              
8       35             -0.014519280449373298              
4       21             -0.014519280942570975              
4       26             -0.014519280942570975              
4       30             -0.014519280942570975              
4       31             -0.014519280942570975              
4       14             -0.014519280997289635              
4       20             -0.014519281052008295              
4       28             -0.014519281052008295              
4       10             -0.014519281270882964              
4       9              -0.014519281380320284              
4       25             -0.014519281881630361              
2       35             -0.014519282789013571              
4       13             -0.01451928303072235               
4       12             -0.014519283687346327              
4       19             -0.01451928379678366               
4       8              -0.014519283906220981              
4       23             -0.014519285479799152              
23      35             -0.014519285748242503              
2       4              -0.014519286245860463              
24      25             -0.015164872478663875              
13      24             -0.015164873494369395              
12      24             -0.015164874074772544              
19      24             -0.015164874171506394              
8       24             -0.015164874268240251              
23      24             -0.015164874361863805              
21      24             -0.015164874509038133              
14      24             -0.015164874557405061              
20      24             -0.01516487460577199               
10      24             -0.015164874799239704              
9       24             -0.015164874895973561              
2       24             -0.015164875039000804              
24      37             -0.01516487813759456               
24      26             -0.015164878234328431              
24      30             -0.015164878234328431              
24      31             -0.015164878234328431              
24      28             -0.015164878331062288              
25      38             -0.017196651390804132              
13      38             -0.01719665259302358               
12      38             -0.01719665328000612               
19      38             -0.0171966533945032                
8       38             -0.01719665350900028               
1       10             -0.017196653750092522              
1       9              -0.017196653864589614              
1       25             -0.017196654044605145              
21      38             -0.017196654478090656              
26      38             -0.017196654478090656              
30      38             -0.017196654478090656              
31      38             -0.017196654478090656              
14      38             -0.017196654535339195              
20      38             -0.017196654592587735              
28      38             -0.017196654592587735              
10      38             -0.01719665482158192               
9       38             -0.01719665493607901               
1       13             -0.017196655246824566              
1       12             -0.017196655933807092              
1       19             -0.017196656048304185              
1       8              -0.017196656162801263              
2       38             -0.01719665647351991               
1       37             -0.017196657017394465              
1       21             -0.01719665713189157               
1       26             -0.01719665713189157               
1       30             -0.01719665713189157               
1       31             -0.01719665713189157               
1       14             -0.017196657189140097              
1       20             -0.01719665724638865               
1       28             -0.01719665724638865               
37      38             -0.01719665808888385               
1       23             -0.017196658325841066              
1       2              -0.01719665912732067               
23      38             -0.017196659397330588              
34      36             -0.019131518559483668              
3       34             -0.01913152359831405               
29      36             -0.019131524303150307              
27      34             -0.019131527429472633              
7       36             -0.0191315275312038                
3       29             -0.01913153306727114               
3       7              -0.0191315362953247                
7       27             -0.01913153640119364               
27      29             -0.019131536898430224              
3       11             -0.02057986972051401               
11      36             -0.02057987960155791               
11      27             -0.020579880947673296              
33      36             -0.02057991452002242               
22      36             -0.020579915555268127              
3       33             -0.02057991581485026               
3       22             -0.020579916850095928              
3       6              -0.020579919109733405              
27      33             -0.020579919591431503              
6       36             -0.02057992526548616               
22      27             -0.020579928077257614              
6       27             -0.020579930336895216              
11      34             -0.020701263441084652              
7       11             -0.02070127244825966               
11      29             -0.02070127293648251               
22      34             -0.0207012927588463                
33      34             -0.020701295495388156              
6       34             -0.02070129878283175               
7       33             -0.02070130077728141               
29      33             -0.020701301265502098              
22      29             -0.020701302254250195              
7       22             -0.020701305491319696              
6       7              -0.020701307790015222              
6       29             -0.020701308278235922              
16      24             -0.021669323865023182              
15      24             -0.021669333393308184              
17      24             -0.021669333683509755              
5       36             -0.021953884253668954              
5       27             -0.021953884923062564              
3       5              -0.02195388537571591               
11      17             -0.02266684591349237               
11      15             -0.022666849315075913              
11      16             -0.022666849862575347              
15      22             -0.022666863288804212              
17      22             -0.022666863612511162              
16      22             -0.02266686383629689               
16      33             -0.022666866122298818              
15      33             -0.022666869300096815              
17      33             -0.02266686962380378               
6       15             -0.022666872659626733              
6       17             -0.022666872983333697              
6       16             -0.02266687320711909               
5       11             -0.023123767911273144              
5       33             -0.023123792577133345              
5       22             -0.02312379396482582               
5       6              -0.02312380337898856               
16      34             -0.024177199860295526              
15      34             -0.024177203191689797              
7       16             -0.024177203199643976              
17      34             -0.024177203520074825              
16      29             -0.024177204181731984              
7       15             -0.02417720653104008               
7       17             -0.024177206859425163              
15      29             -0.024177207513127616              
17      29             -0.024177207841512685              
5       15             -0.024232069580289298              
5       17             -0.024232069860801037              
5       16             -0.024232077133960216              
5       32             -0.02448196181698721               
13      32             -0.033661707317359346              
32      37             -0.033661708955883746              
21      32             -0.0336617090676299                
26      32             -0.0336617090676299                
30      32             -0.0336617090676299                
31      32             -0.0336617090676299                
14      32             -0.03366170912350297               
20      32             -0.03366170917937604               
28      32             -0.03366170917937604               
10      32             -0.03366170940286832               
9       32             -0.03366170951461446               
25      32             -0.03366170986931517               
12      32             -0.033661711713126485              
19      32             -0.033661711824872625              
8       32             -0.03366171193661875               
23      32             -0.03366171750446344               
2       32             -0.03366171828668642               
1       4              -0.04266262507549916               
1       35             -0.04266262604458945               
4       38             -0.04266262627930981               
35      38             -0.042662627248400156              
