#======================================================================
# PARAMETERS USED FOR THIS COMPUTATION: 
#	Sequence type: RNA
#	Total number of sequences in alignment data: 2
#	Length of sequences in alignment data: 48
#	Value of sequence identity: 0.8
#	lambda_h: 9.4
#	lambda_J: 9.4
#	Number of gradient decent iterations: 500
# The First and Second columns represent sites and the
# Third column is PLMDCA Frobenius norm, average product corrected (APC) DCA score
#======================================================================
11      17             0.019582194347379837               
17      33             0.019582194347379837               
6       12             0.019582194347379824               
11      13             0.01958219426330185                
11      16             0.01958219426330185                
13      33             0.019582194263301843               
16      33             0.019582194263301843               
17      37             0.019582194263301843               
10      20             0.01958219426330183                
13      37             0.019582194179223848               
16      37             0.019582194179223848               
6       10             0.01958219417922382                
3       17             0.019582193926989865               
17      31             0.019582193926989865               
3       13             0.019582193842911877               
13      31             0.01958219384291187                
16      31             0.01958219384291187                
11      20             0.01958219375883386                
6       11             0.01958219367475586                
6       33             0.01958219367475586                
10      12             0.019582193674755853               
6       28             0.019582193590677865               
6       37             0.019582193590677865               
10      23             0.019582193590677865               
17      21             0.0195821935065999                 
17      46             0.0195821935065999                 
17      47             0.0195821935065999                 
20      24             0.019582193506599878               
2       17             0.019582193422521904               
13      21             0.019582193422521897               
13      46             0.019582193422521897               
13      47             0.019582193422521897               
16      21             0.019582193422521897               
16      46             0.019582193422521897               
16      47             0.019582193422521897               
6       24             0.019582193422521876               
2       13             0.01958219333844391                
2       16             0.01958219333844391                
3       20             0.01958219333844389                
3       6              0.019582193254365887               
6       31             0.01958219325436588                
12      33             0.019582193170287886               
11      12             0.01958219317028788                
11      23             0.01958219308620989                
23      33             0.01958219308620989                
12      28             0.019582193086209884               
12      37             0.019582193086209884               
10      11             0.01958219300213189                
10      33             0.01958219300213189                
23      28             0.01958219300213189                
23      37             0.01958219300213189                
20      46             0.01958219291805391                
20      47             0.01958219291805391                
12      24             0.019582192918053895               
10      28             0.019582192918053888               
10      37             0.019582192918053888               
17      18             0.01958219283397595                
6       21             0.019582192833975907               
6       46             0.019582192833975907               
6       47             0.019582192833975907               
23      24             0.0195821928339759                 
13      18             0.019582192749897948               
16      18             0.019582192749897948               
2       6              0.01958219274989792                
3       12             0.0195821927498979                 
10      24             0.0195821927498979                 
12      31             0.0195821927498979                 
3       23             0.01958219266581991                
23      31             0.019582192665819904               
10      31             0.019582192581741896               
11      33             0.01958219249766391                
28      33             0.019582192413585914               
11      28             0.019582192413585907               
11      37             0.019582192413585907               
33      37             0.019582192413585907               
12      21             0.01958219232950792                
12      46             0.01958219232950792                
12      47             0.01958219232950792                
28      37             0.019582192329507912               
23      46             0.019582192245429925               
23      47             0.019582192245429925               
11      24             0.019582192245429918               
24      33             0.019582192245429918               
6       18             0.01958219216135195                
10      21             0.019582192161351923               
10      46             0.019582192161351923               
10      47             0.019582192161351923               
24      28             0.019582192161351916               
24      37             0.019582192161351916               
2       10             0.01958219207727392                
3       11             0.01958219207727392                
3       33             0.01958219207727392                
31      33             0.01958219207727392                
11      31             0.019582192077273915               
3       28             0.01958219199319592                
3       37             0.01958219199319592                
28      31             0.01958219199319592                
31      37             0.01958219199319592                
3       24             0.01958219182503993                
24      31             0.019582191825039924               
12      18             0.019582191656883956               
11      21             0.019582191656883935               
11      46             0.019582191656883935               
11      47             0.019582191656883935               
21      33             0.019582191656883935               
33      46             0.019582191656883935               
33      47             0.019582191656883935               
3       31             0.019582191656883928               
2       11             0.01958219157280594                
2       33             0.01958219157280594                
28      46             0.01958219157280594                
28      47             0.01958219157280594                
37      46             0.01958219157280594                
37      47             0.01958219157280594                
21      37             0.019582191572805933               
10      18             0.019582191488727953               
2       28             0.01958219148872794                
2       37             0.01958219148872794                
24      46             0.019582191404649937               
24      47             0.019582191404649937               
2       24             0.019582191320571943               
3       21             0.01958219123649394                
3       46             0.01958219123649394                
3       47             0.01958219123649394                
31      46             0.01958219123649394                
31      47             0.01958219123649394                
2       3              0.01958219115241594                
2       31             0.01958219115241594                
18      33             0.019582190984259965               
11      18             0.019582190984259958               
18      28             0.019582190900181963               
18      37             0.019582190900181963               
21      46             0.019582190816103948               
21      47             0.019582190816103948               
46      47             0.019582190816103948               
18      24             0.019582190732025967               
2       21             0.019582190732025953               
2       46             0.019582190732025953               
2       47             0.019582190732025953               
3       18             0.019582190563869964               
18      31             0.019582190563869964               
18      21             0.01958219014347997                
18      46             0.01958219014347997                
18      47             0.01958219014347997                
2       18             0.01958219005940197                
13      17             0.019582188662437112               
16      17             0.019582188662437112               
13      16             0.019582188578359125               
17      20             0.019582188157969152               
13      20             0.019582188073891164               
16      20             0.019582188073891164               
6       13             0.019582187989813163               
6       16             0.019582187989813163               
12      17             0.01958218756942319                
12      13             0.019582187485345202               
12      16             0.019582187485345202               
17      23             0.019582187485345202               
6       20             0.019582187485345195               
13      23             0.019582187401267208               
16      23             0.019582187401267208               
10      13             0.019582187317189213               
10      16             0.019582187317189213               
12      20             0.019582186980877228               
20      23             0.019582186896799234               
17      28             0.019582186812721246               
6       23             0.01958218681272124                
13      28             0.01958218672864325                
16      28             0.01958218672864325                
17      24             0.019582186644565257               
13      24             0.019582186560487262               
16      24             0.019582186560487262               
3       16             0.01958218639233128                
12      23             0.019582186308253265               
20      33             0.019582186308253265               
20      28             0.01958218622417527                
20      37             0.01958218622417527                
20      31             0.019582185887863285               
20      21             0.019582185467473312               
2       20             0.019582185383395324               
3       10             0.0195821851311613                 
18      20             0.019582184794849362               
21      23             0.019582184794849335               
2       12             0.019582184794849328               
2       23             0.01958218471077134                
18      23             0.01958218412222537                
21      28             0.019582184122225336               
21      24             0.01958218395406934                
21      31             0.019582183785913337               
6       17             0.019582180623310554               
10      17             0.019582179950686604               
4       15             0.009696692966597413               
4       30             0.009696692890776279               
15      30             0.009696692890776279               
4       22             0.009696692739134004               
15      22             0.009696692739134004               
22      30             0.00969669266331287                
4       7              0.009696692587491729               
4       27             0.009696692587491729               
7       15             0.009696692587491729               
15      27             0.009696692587491729               
7       30             0.009696692511670595               
27      30             0.009696692511670595               
7       22             0.00969669236002832                
22      27             0.00969669236002832                
9       39             0.009696692208386051               
26      39             0.009696692208386051               
7       27             0.009696692208386044               
9       36             0.00969669213256491                
26      36             0.00969669213256491                
9       44             0.009696692056743776               
26      44             0.009696692056743776               
29      39             0.009696691980922635               
35      39             0.009696691980922635               
29      36             0.009696691905101501               
34      39             0.009696691905101501               
35      36             0.009696691905101501               
29      44             0.00969669182928036                
34      36             0.00969669182928036                
35      44             0.00969669182928036                
9       43             0.009696691753459226               
26      43             0.009696691753459226               
34      44             0.009696691753459219               
9       48             0.009696691677638099               
26      48             0.009696691677638099               
29      42             0.009696691677638085               
35      42             0.009696691677638085               
34      42             0.00969669160181695                
1       8              0.00969669152599581                
29      32             0.00969669152599581                
29      43             0.00969669152599581                
32      35             0.00969669152599581                
35      43             0.00969669152599581                
29      48             0.009696691450174683               
35      48             0.009696691450174683               
32      34             0.009696691450174676               
34      43             0.009696691450174676               
1       39             0.009696691450174669               
5       8              0.009696691450174662               
34      48             0.009696691374353542               
1       36             0.009696691374353535               
5       39             0.009696691374353528               
8       14             0.009696691374353528               
1       44             0.009696691298532394               
5       36             0.009696691298532394               
8       19             0.009696691298532394               
8       38             0.009696691298532394               
8       40             0.009696691298532394               
8       41             0.009696691298532394               
14      39             0.009696691298532394               
5       44             0.009696691222711253               
8       25             0.009696691222711253               
14      36             0.009696691222711253               
19      39             0.009696691222711253               
38      39             0.009696691222711253               
39      40             0.009696691222711253               
39      41             0.009696691222711253               
1       42             0.009696691146890118               
19      36             0.009696691146890118               
36      38             0.009696691146890118               
36      40             0.009696691146890118               
36      41             0.009696691146890118               
14      44             0.009696691146890112               
25      39             0.009696691146890112               
5       42             0.009696691071068977               
19      44             0.009696691071068977               
25      36             0.009696691071068977               
38      44             0.009696691071068977               
40      44             0.009696691071068977               
41      44             0.009696691071068977               
1       32             0.009696690995247843               
1       43             0.009696690995247843               
14      42             0.009696690995247836               
25      44             0.009696690995247836               
1       48             0.00969669091942671                
19      42             0.009696690919426702               
38      42             0.009696690919426702               
40      42             0.009696690919426702               
41      42             0.009696690919426702               
5       32             0.009696690919426695               
5       43             0.009696690919426695               
8       45             0.009696690919426695               
5       48             0.009696690843605568               
14      32             0.009696690843605561               
14      43             0.009696690843605561               
25      42             0.009696690843605561               
39      45             0.009696690843605561               
14      48             0.009696690767784427               
19      32             0.009696690767784427               
19      43             0.009696690767784427               
32      38             0.009696690767784427               
32      40             0.009696690767784427               
32      41             0.009696690767784427               
36      45             0.009696690767784427               
38      43             0.009696690767784427               
40      43             0.009696690767784427               
41      43             0.009696690767784427               
19      48             0.009696690691963293               
38      48             0.009696690691963293               
40      48             0.009696690691963293               
41      48             0.009696690691963293               
25      32             0.00969669069196328                
25      43             0.00969669069196328                
44      45             0.00969669069196328                
25      48             0.009696690616142145               
42      45             0.009696690540321004               
32      45             0.009696690388678729               
43      45             0.009696690388678729               
45      48             0.009696690312857595               
4       9              0.009696689317128256               
4       26             0.009696689317128256               
15      26             0.009696689317128256               
9       15             0.009696689317128249               
9       30             0.009696689241307115               
26      30             0.009696689241307115               
22      26             0.009696689089664846               
4       29             0.00969668908966484                
4       35             0.00969668908966484                
9       22             0.00969668908966484                
15      29             0.00969668908966484                
15      35             0.00969668908966484                
4       34             0.009696689013843705               
15      34             0.009696689013843705               
29      30             0.009696689013843705               
30      35             0.009696689013843705               
7       9              0.009696688938022571               
7       26             0.009696688938022571               
30      34             0.009696688938022571               
9       27             0.009696688938022564               
26      27             0.009696688938022564               
22      29             0.00969668886220143                
22      35             0.00969668886220143                
22      34             0.009696688786380296               
7       29             0.009696688710559155               
7       35             0.009696688710559155               
27      29             0.009696688710559155               
27      35             0.009696688710559155               
7       34             0.009696688634738021               
27      34             0.009696688634738021               
1       4              0.009696688558916887               
1       15             0.009696688558916887               
8       9              0.009696688558916887               
8       26             0.009696688558916887               
1       30             0.009696688483095753               
4       5              0.009696688483095753               
5       15             0.009696688483095746               
8       15             0.009696688483095746               
4       14             0.009696688407274612               
4       39             0.009696688407274612               
5       30             0.009696688407274612               
8       30             0.009696688407274612               
14      15             0.009696688407274612               
15      39             0.009696688407274612               
4       19             0.009696688331453478               
4       36             0.009696688331453478               
4       38             0.009696688331453478               
4       40             0.009696688331453478               
4       41             0.009696688331453478               
14      30             0.009696688331453478               
15      19             0.009696688331453478               
15      36             0.009696688331453478               
15      38             0.009696688331453478               
15      40             0.009696688331453478               
15      41             0.009696688331453478               
30      39             0.009696688331453478               
1       22             0.00969668833145347                
8       29             0.00969668833145347                
8       35             0.00969668833145347                
19      30             0.009696688255632344               
30      36             0.009696688255632344               
30      38             0.009696688255632344               
30      40             0.009696688255632344               
30      41             0.009696688255632344               
4       25             0.009696688255632337               
4       44             0.009696688255632337               
15      25             0.009696688255632337               
15      44             0.009696688255632337               
5       22             0.00969668825563233                
8       22             0.00969668825563233                
8       34             0.00969668825563233                
9       42             0.009696688179811203               
22      39             0.009696688179811203               
25      30             0.009696688179811203               
26      42             0.009696688179811203               
30      44             0.009696688179811203               
1       7              0.009696688179811196               
1       27             0.009696688179811196               
14      22             0.009696688179811196               
19      22             0.009696688103990062               
22      36             0.009696688103990062               
22      38             0.009696688103990062               
22      40             0.009696688103990062               
22      41             0.009696688103990062               
5       7              0.009696688103990055               
5       27             0.009696688103990055               
8       27             0.009696688103990055               
9       32             0.009696688028168927               
9       45             0.009696688028168927               
26      32             0.009696688028168927               
26      45             0.009696688028168927               
7       14             0.00969668802816892                
7       39             0.00969668802816892                
14      27             0.00969668802816892                
22      25             0.00969668802816892                
22      44             0.00969668802816892                
27      39             0.00969668802816892                
4       43             0.009696687952347793               
4       45             0.009696687952347793               
15      43             0.009696687952347793               
15      45             0.009696687952347793               
7       19             0.009696687952347786               
7       36             0.009696687952347786               
7       38             0.009696687952347786               
7       40             0.009696687952347786               
7       41             0.009696687952347786               
19      27             0.009696687952347786               
27      36             0.009696687952347786               
27      38             0.009696687952347786               
27      40             0.009696687952347786               
27      41             0.009696687952347786               
4       48             0.00969668787652666                
15      48             0.00969668787652666                
30      43             0.00969668787652666                
30      45             0.00969668787652666                
7       25             0.009696687876526645               
7       44             0.009696687876526645               
25      27             0.009696687876526645               
27      44             0.009696687876526645               
30      48             0.009696687800705525               
1       5              0.009696687800705511               
29      45             0.009696687800705511               
35      45             0.009696687800705511               
22      43             0.009696687724884377               
22      45             0.009696687724884377               
34      45             0.009696687724884377               
1       14             0.00969668772488437                
22      48             0.009696687649063243               
1       19             0.009696687649063236               
1       38             0.009696687649063236               
1       40             0.009696687649063236               
1       41             0.009696687649063236               
5       14             0.00969668764906323                
8       39             0.00969668764906323                
1       25             0.009696687573242095               
5       19             0.009696687573242095               
5       38             0.009696687573242095               
5       40             0.009696687573242095               
5       41             0.009696687573242095               
7       43             0.009696687573242095               
7       45             0.009696687573242095               
8       36             0.009696687573242095               
27      43             0.009696687573242095               
27      45             0.009696687573242095               
7       48             0.009696687497420968               
27      48             0.009696687497420968               
5       25             0.009696687497420954               
8       44             0.009696687497420954               
14      19             0.009696687497420954               
14      38             0.009696687497420954               
14      40             0.009696687497420954               
14      41             0.009696687497420954               
36      39             0.009696687497420954               
19      38             0.00969668742159982                
19      40             0.00969668742159982                
19      41             0.00969668742159982                
38      40             0.00969668742159982                
38      41             0.00969668742159982                
40      41             0.00969668742159982                
14      25             0.009696687421599813               
39      44             0.009696687421599813               
8       42             0.009696687345778679               
19      25             0.009696687345778679               
25      38             0.009696687345778679               
25      40             0.009696687345778679               
25      41             0.009696687345778679               
36      44             0.009696687345778679               
1       45             0.009696687269957545               
5       45             0.009696687194136397               
8       32             0.009696687194136397               
8       43             0.009696687194136397               
8       48             0.00969668711831527                
14      45             0.009696687118315263               
32      39             0.009696687118315263               
39      43             0.009696687118315263               
42      44             0.009696687118315263               
19      45             0.009696687042494129               
32      36             0.009696687042494129               
36      43             0.009696687042494129               
38      45             0.009696687042494129               
39      48             0.009696687042494129               
40      45             0.009696687042494129               
41      45             0.009696687042494129               
36      48             0.009696686966672995               
32      44             0.009696686966672988               
43      44             0.009696686966672988               
25      45             0.00969668696667298                
44      48             0.009696686890851847               
32      42             0.009696686815030706               
42      43             0.009696686815030706               
42      48             0.009696686739209578               
32      43             0.00969668666338843                
32      48             0.009696686587567296               
43      48             0.009696686587567296               
9       26             0.009696685667659091               
9       29             0.009696685440195675               
9       35             0.009696685440195675               
26      29             0.009696685440195675               
26      35             0.009696685440195675               
9       34             0.009696685364374541               
26      34             0.009696685364374541               
29      35             0.009696685212732266               
29      34             0.009696685136911132               
34      35             0.009696685136911132               
1       9              0.00969668490944773                
1       26             0.00969668490944773                
5       9              0.009696684833626588               
5       26             0.009696684833626588               
4       8              0.009696684757805454               
9       14             0.009696684757805454               
14      26             0.009696684757805454               
19      26             0.00969668468198432                
1       29             0.009696684681984313               
1       35             0.009696684681984313               
9       19             0.009696684681984313               
9       38             0.009696684681984313               
9       40             0.009696684681984313               
9       41             0.009696684681984313               
26      38             0.009696684681984313               
26      40             0.009696684681984313               
26      41             0.009696684681984313               
9       25             0.00969668460616318                
25      26             0.00969668460616318                
1       34             0.009696684606163172               
5       29             0.009696684606163172               
5       35             0.009696684606163172               
14      29             0.009696684530342038               
14      35             0.009696684530342038               
5       34             0.009696684530342031               
19      29             0.009696684454520904               
19      35             0.009696684454520904               
29      38             0.009696684454520904               
29      40             0.009696684454520904               
29      41             0.009696684454520904               
35      38             0.009696684454520904               
35      40             0.009696684454520904               
35      41             0.009696684454520904               
14      34             0.009696684454520897               
4       42             0.00969668437869977                
15      42             0.00969668437869977                
19      34             0.009696684378699763               
25      29             0.009696684378699763               
25      35             0.009696684378699763               
34      38             0.009696684378699763               
34      40             0.009696684378699763               
34      41             0.009696684378699763               
7       8              0.009696684378699756               
30      42             0.009696684302878636               
25      34             0.009696684302878622               
4       32             0.009696684227057495               
15      32             0.009696684227057495               
30      32             0.00969668415123636                
22      42             0.009696684151236354               
22      32             0.009696683999594079               
7       42             0.009696683999594072               
27      42             0.009696683999594072               
7       32             0.009696683847951797               
27      32             0.009696683847951797               
39      42             0.00969668354466724                
36      42             0.009696683468846105               
17      34             -0.013184120142360707              
20      42             -0.013184121682044594              
20      32             -0.01318412185020059               
10      14             -0.013184122028122865              
10      19             -0.01318412211220086               
10      25             -0.01318412219627886               
23      42             -0.013184122288613709              
23      32             -0.013184122456769698              
21      29             -0.0131841224845591                
21      35             -0.0131841224845591                
21      34             -0.013184122568637095              
28      42             -0.013184122895182816              
24      42             -0.013184123046825098              
28      32             -0.013184123063338812              
24      32             -0.013184123214981094              
2       5              -0.013184123233004219              
2       14             -0.013184123317082214              
21      38             -0.013184123325339074              
21      40             -0.013184123325339074              
21      41             -0.013184123325339074              
2       19             -0.013184123401160215              
2       38             -0.013184123401160215              
2       40             -0.013184123401160215              
2       41             -0.013184123401160215              
21      25             -0.013184123409417076              
2       25             -0.013184123485238217              
9       17             -0.013184123531339027              
17      26             -0.013184123531339027              
21      42             -0.013184123577573072              
9       13             -0.013184123607160161              
9       16             -0.013184123607160161              
13      26             -0.013184123607160161              
16      26             -0.013184123607160161              
43      47             -0.013184123745729068              
21      32             -0.013184123745729075              
21      45             -0.013184123745729075              
17      29             -0.013184123783573011              
17      35             -0.013184123783573011              
2       45             -0.013184123821550209              
21      48             -0.013184123829807062              
46      48             -0.013184123829807062              
18      39             -0.01318412384783018               
13      29             -0.013184123859394145              
13      35             -0.013184123859394145              
16      29             -0.013184123859394145              
16      35             -0.013184123859394145              
18      19             -0.013184123931908182              
18      36             -0.013184123931908182              
18      38             -0.013184123931908182              
18      40             -0.013184123931908182              
18      41             -0.013184123931908182              
13      34             -0.01318412394347214               
16      34             -0.01318412394347214               
18      25             -0.013184124015986183              
18      44             -0.013184124015986183              
17      27             -0.013184124035806995              
9       20             -0.01318412406208698               
20      26             -0.01318412406208698               
7       13             -0.013184124111628122              
7       16             -0.013184124111628122              
6       9              -0.013184124137908121              
6       26             -0.013184124137908121              
4       20             -0.013184124146164974              
15      20             -0.013184124146164974              
18      42             -0.013184124184142179              
20      30             -0.013184124230242969              
20      29             -0.013184124314320964              
20      35             -0.013184124314320964              
18      32             -0.013184124352298175              
18      43             -0.013184124352298175              
18      45             -0.013184124352298175              
1       17             -0.013184124372118959              
6       29             -0.013184124390142105              
6       35             -0.013184124390142105              
20      22             -0.013184124398398958              
20      34             -0.013184124398398958              
18      48             -0.01318412443637617               
1       13             -0.013184124447940093              
1       16             -0.013184124447940093              
5       17             -0.01318412445619696               
8       17             -0.01318412445619696               
6       34             -0.0131841244742201                
5       13             -0.013184124532018095              
5       16             -0.013184124532018095              
8       13             -0.013184124532018095              
8       16             -0.013184124532018095              
14      17             -0.013184124540274948              
7       20             -0.013184124566554947              
20      27             -0.013184124566554954              
9       12             -0.01318412459283494               
12      26             -0.01318412459283494               
14      16             -0.013184124616096082              
13      14             -0.01318412461609609               
17      19             -0.013184124624352943              
17      38             -0.013184124624352943              
17      40             -0.013184124624352943              
17      41             -0.013184124624352943              
9       23             -0.013184124668656073              
23      26             -0.013184124668656073              
13      19             -0.013184124700174077              
13      38             -0.013184124700174077              
13      40             -0.013184124700174077              
13      41             -0.013184124700174077              
16      19             -0.013184124700174077              
16      38             -0.013184124700174077              
16      40             -0.013184124700174077              
16      41             -0.013184124700174077              
17      25             -0.013184124708430944              
10      26             -0.013184124744477214              
9       10             -0.013184124744477221              
4       23             -0.013184124752734061              
15      23             -0.013184124752734061              
13      25             -0.013184124784252078              
16      25             -0.013184124784252078              
23      30             -0.013184124836812063              
12      29             -0.01318412484506893               
12      35             -0.01318412484506893               
17      42             -0.013184124876586927              
1       20             -0.013184124902866926              
23      29             -0.013184124920890064              
23      35             -0.013184124920890064              
12      22             -0.013184124929146925              
12      34             -0.013184124929146925              
13      42             -0.01318412495240806               
16      42             -0.01318412495240806               
1       6              -0.013184124978688067              
5       20             -0.01318412498694492               
8       20             -0.01318412498694492               
10      29             -0.013184124996711205              
10      35             -0.013184124996711205              
22      23             -0.013184125004968052              
23      34             -0.013184125004968059              
17      32             -0.013184125044742916              
17      45             -0.013184125044742916              
5       6              -0.013184125062766061              
6       8              -0.013184125062766068              
14      20             -0.013184125071022915              
20      39             -0.013184125071022915              
10      34             -0.0131841250807892                
7       12             -0.013184125097302914              
12      27             -0.013184125097302914              
13      32             -0.01318412512056405               
13      45             -0.01318412512056405               
16      32             -0.01318412512056405               
16      45             -0.01318412512056405               
6       14             -0.013184125146844056              
19      20             -0.01318412515510091               
20      36             -0.01318412515510091               
20      38             -0.01318412515510091               
20      40             -0.01318412515510091               
20      41             -0.01318412515510091               
7       23             -0.013184125173124048              
23      27             -0.013184125173124048              
9       11             -0.013184125199404033              
9       33             -0.013184125199404033              
11      26             -0.013184125199404033              
26      33             -0.013184125199404033              
6       19             -0.01318412523092205               
6       38             -0.01318412523092205               
6       40             -0.01318412523092205               
6       41             -0.01318412523092205               
20      25             -0.01318412523917891               
20      44             -0.01318412523917891               
10      27             -0.013184125248945196              
9       28             -0.013184125275225174              
9       37             -0.013184125275225174              
26      28             -0.013184125275225174              
26      37             -0.013184125275225174              
4       11             -0.013184125283482027              
6       25             -0.013184125315000052              
4       28             -0.013184125359303168              
15      28             -0.013184125359303168              
11      30             -0.013184125367560022              
9       24             -0.013184125426867442              
24      26             -0.013184125426867442              
1       12             -0.013184125433614892              
28      30             -0.013184125443381156              
11      29             -0.013184125451638024              
11      35             -0.013184125451638024              
29      33             -0.013184125451638024              
33      35             -0.013184125451638024              
6       42             -0.013184125483156034              
1       23             -0.013184125509436026              
4       24             -0.013184125510945437              
15      24             -0.013184125510945437              
5       12             -0.013184125517692893              
8       12             -0.013184125517692893              
28      29             -0.013184125527459158              
28      35             -0.013184125527459158              
29      37             -0.013184125527459165              
35      37             -0.013184125527459165              
11      34             -0.013184125535716018              
22      33             -0.013184125535716018              
33      34             -0.013184125535716018              
20      43             -0.013184125575490889              
20      45             -0.013184125575490889              
3       9              -0.013184125578509717              
3       26             -0.013184125578509717              
9       31             -0.013184125578509724              
26      31             -0.013184125578509724              
1       10             -0.013184125585257174              
5       23             -0.013184125593514028              
8       23             -0.013184125593514028              
24      30             -0.013184125595023431              
12      14             -0.013184125601770888              
12      39             -0.013184125601770888              
28      34             -0.013184125611537152              
22      28             -0.013184125611537159              
22      37             -0.013184125611537159              
34      37             -0.013184125611537159              
6       32             -0.01318412565131203               
6       45             -0.01318412565131203               
20      48             -0.013184125659568877              
3       4              -0.013184125662587712              
3       15             -0.013184125662587712              
4       31             -0.013184125662587719              
15      31             -0.013184125662587719              
5       10             -0.013184125669335175              
8       10             -0.013184125669335175              
14      23             -0.013184125677592022              
23      39             -0.013184125677592022              
24      29             -0.013184125679101433              
24      35             -0.013184125679101433              
12      19             -0.013184125685848883              
12      36             -0.013184125685848883              
12      38             -0.013184125685848883              
12      40             -0.013184125685848883              
12      41             -0.013184125685848883              
7       11             -0.013184125703872014              
7       33             -0.013184125703872014              
27      33             -0.013184125703872014              
3       30             -0.013184125746665706              
30      31             -0.013184125746665713              
19      23             -0.01318412576167001               
23      36             -0.013184125761670017              
23      38             -0.013184125761670017              
23      40             -0.013184125761670017              
23      41             -0.013184125761670017              
22      24             -0.013184125763179427              
24      34             -0.013184125763179434              
12      25             -0.013184125769926877              
12      44             -0.013184125769926877              
7       28             -0.013184125779693155              
7       37             -0.013184125779693155              
27      28             -0.013184125779693155              
27      37             -0.013184125779693155              
3       29             -0.013184125830743708              
3       35             -0.013184125830743708              
31      35             -0.013184125830743708              
29      31             -0.013184125830743715              
10      38             -0.013184125837491158              
10      40             -0.013184125837491158              
10      41             -0.013184125837491158              
23      25             -0.013184125845748018              
23      44             -0.013184125845748018              
3       22             -0.01318412591482171               
3       34             -0.01318412591482171               
22      31             -0.01318412591482171               
31      34             -0.01318412591482171               
7       24             -0.013184125931335423              
24      27             -0.01318412593133543               
9       21             -0.013184125957615402              
9       46             -0.013184125957615402              
9       47             -0.013184125957615402              
21      26             -0.013184125957615402              
26      46             -0.013184125957615402              
26      47             -0.013184125957615402              
2       9              -0.013184126033436536              
2       26             -0.013184126033436536              
1       11             -0.013184126040183992              
1       33             -0.013184126040183992              
4       21             -0.013184126041693396              
4       46             -0.013184126041693396              
4       47             -0.013184126041693396              
15      21             -0.013184126041693396              
15      46             -0.013184126041693396              
15      47             -0.013184126041693396              
3       7              -0.013184126082977705              
3       27             -0.013184126082977705              
7       31             -0.013184126082977705              
27      31             -0.013184126082977705              
10      42             -0.013184126089725148              
12      43             -0.013184126106238862              
12      45             -0.013184126106238862              
1       28             -0.013184126116005133              
1       37             -0.013184126116005133              
2       4              -0.01318412611751453               
2       15             -0.01318412611751453               
5       11             -0.013184126124261994              
5       33             -0.013184126124261994              
30      46             -0.01318412612577139               
30      47             -0.01318412612577139               
21      30             -0.013184126125771398              
23      43             -0.013184126182059996              
23      45             -0.013184126182059996              
12      48             -0.01318412619031685               
5       28             -0.013184126200083142              
5       37             -0.013184126200083142              
8       28             -0.013184126200083142              
2       30             -0.013184126201592532              
14      33             -0.013184126208339988              
11      14             -0.013184126208339995              
29      46             -0.0131841262098494                
29      47             -0.0131841262098494                
35      46             -0.0131841262098494                
35      47             -0.0131841262098494                
10      32             -0.013184126257881144              
10      43             -0.013184126257881144              
10      45             -0.013184126257881144              
23      48             -0.013184126266137991              
1       24             -0.013184126267647409              
14      28             -0.01318412628416113               
14      37             -0.01318412628416113               
28      39             -0.01318412628416113               
2       29             -0.013184126285670533              
2       35             -0.013184126285670533              
19      33             -0.013184126292417983              
11      19             -0.01318412629241799               
11      38             -0.01318412629241799               
11      40             -0.01318412629241799               
11      41             -0.01318412629241799               
33      38             -0.01318412629241799               
33      40             -0.01318412629241799               
33      41             -0.01318412629241799               
21      22             -0.013184126293927394              
22      46             -0.013184126293927394              
22      47             -0.013184126293927394              
34      46             -0.013184126293927394              
34      47             -0.013184126293927394              
10      48             -0.013184126341959132              
5       24             -0.01318412635172541               
8       24             -0.01318412635172541               
19      28             -0.013184126368239124              
19      37             -0.013184126368239124              
28      36             -0.013184126368239124              
28      38             -0.013184126368239124              
28      40             -0.013184126368239124              
28      41             -0.013184126368239124              
36      37             -0.013184126368239124              
37      38             -0.013184126368239124              
37      40             -0.013184126368239124              
37      41             -0.013184126368239124              
2       22             -0.013184126369748528              
2       34             -0.013184126369748528              
25      33             -0.013184126376495985              
11      25             -0.013184126376495992              
1       3              -0.01318412641928969               
1       31             -0.01318412641928969               
14      24             -0.013184126435803405              
24      39             -0.013184126435803405              
25      28             -0.013184126452317126              
25      37             -0.013184126452317126              
28      44             -0.013184126452317126              
7       21             -0.01318412646208339               
7       46             -0.01318412646208339               
7       47             -0.01318412646208339               
21      27             -0.01318412646208339               
27      46             -0.01318412646208339               
27      47             -0.01318412646208339               
3       5              -0.013184126503367692              
3       8              -0.013184126503367692              
5       31             -0.013184126503367692              
8       31             -0.013184126503367692              
19      24             -0.0131841265198814                
24      36             -0.013184126519881406              
24      38             -0.013184126519881406              
24      40             -0.013184126519881406              
24      41             -0.013184126519881406              
2       7              -0.01318412653790453               
2       27             -0.01318412653790453               
11      42             -0.01318412654465198               
33      42             -0.01318412654465198               
18      26             -0.013184126564184488              
9       18             -0.013184126564184495              
3       14             -0.013184126587445687              
3       39             -0.013184126587445687              
14      31             -0.013184126587445687              
31      39             -0.013184126587445687              
24      25             -0.013184126603959408              
24      44             -0.013184126603959408              
37      42             -0.013184126620473115              
4       18             -0.01318412664826249               
15      18             -0.01318412664826249               
3       19             -0.013184126671523681              
3       36             -0.013184126671523681              
3       38             -0.013184126671523681              
3       40             -0.013184126671523681              
3       41             -0.013184126671523681              
31      36             -0.013184126671523681              
31      38             -0.013184126671523681              
31      40             -0.013184126671523681              
31      41             -0.013184126671523681              
19      31             -0.013184126671523688              
32      33             -0.01318412671280797               
11      32             -0.013184126712807977              
11      45             -0.013184126712807977              
33      43             -0.013184126712807977              
33      45             -0.013184126712807977              
18      30             -0.013184126732340484              
3       25             -0.013184126755601683              
3       44             -0.013184126755601683              
31      44             -0.013184126755601683              
25      31             -0.01318412675560169               
28      43             -0.01318412678862911               
28      45             -0.01318412678862911               
32      37             -0.01318412678862911               
37      43             -0.01318412678862911               
37      45             -0.01318412678862911               
33      48             -0.013184126796885964              
1       21             -0.013184126798395382              
1       46             -0.013184126798395382              
1       47             -0.013184126798395382              
18      29             -0.013184126816418486              
18      35             -0.013184126816418486              
28      48             -0.013184126872707105              
37      48             -0.013184126872707105              
1       2              -0.013184126874216509              
5       21             -0.013184126882473383              
5       46             -0.013184126882473383              
5       47             -0.013184126882473383              
8       21             -0.013184126882473383              
8       46             -0.013184126882473383              
8       47             -0.013184126882473383              
18      22             -0.013184126900496487              
18      34             -0.013184126900496487              
3       42             -0.013184126923757679              
31      42             -0.013184126923757679              
24      43             -0.013184126940271393              
24      45             -0.013184126940271393              
2       8              -0.013184126958294518              
14      21             -0.013184126966551378              
14      46             -0.013184126966551378              
14      47             -0.013184126966551378              
21      39             -0.013184126966551378              
39      46             -0.013184126966551378              
39      47             -0.013184126966551378              
24      48             -0.01318412702434938               
2       39             -0.013184127042372512              
19      21             -0.013184127050629373              
19      46             -0.013184127050629373              
19      47             -0.013184127050629373              
21      36             -0.013184127050629373              
36      46             -0.013184127050629373              
36      47             -0.013184127050629373              
38      46             -0.013184127050629373              
38      47             -0.013184127050629373              
40      46             -0.013184127050629373              
40      47             -0.013184127050629373              
41      46             -0.013184127050629373              
41      47             -0.013184127050629373              
18      27             -0.013184127068652483              
7       18             -0.01318412706865249               
3       32             -0.013184127091913675              
3       43             -0.013184127091913675              
3       45             -0.013184127091913675              
31      32             -0.013184127091913675              
31      43             -0.013184127091913675              
31      45             -0.013184127091913675              
2       36             -0.013184127126450514              
21      44             -0.013184127134707374              
25      46             -0.013184127134707381              
25      47             -0.013184127134707381              
44      46             -0.013184127134707381              
44      47             -0.013184127134707381              
3       48             -0.013184127175991663              
31      48             -0.013184127175991663              
2       44             -0.013184127210528515              
42      46             -0.01318412730286337               
42      47             -0.01318412730286337               
4       17             -0.01318412734070732               
15      17             -0.01318412734070732               
2       42             -0.013184127378684504              
1       18             -0.013184127404964482              
4       13             -0.013184127416528447              
4       16             -0.013184127416528447              
15      16             -0.013184127416528447              
13      15             -0.013184127416528454              
17      30             -0.013184127424785308              
32      46             -0.013184127471019366              
32      47             -0.013184127471019366              
43      46             -0.013184127471019366              
45      46             -0.013184127471019366              
45      47             -0.013184127471019366              
21      43             -0.013184127471019373              
5       18             -0.013184127489042484              
8       18             -0.013184127489042484              
13      30             -0.013184127500606449              
16      30             -0.013184127500606449              
2       32             -0.013184127546840507              
2       43             -0.013184127546840507              
47      48             -0.01318412755509736               
14      18             -0.013184127573120485              
17      22             -0.013184127592941304              
2       48             -0.013184127630918495              
13      22             -0.013184127668762438              
16      22             -0.013184127668762438              
7       17             -0.013184127761097286              
13      27             -0.013184127836918427              
16      27             -0.013184127836918427              
4       6              -0.013184127947276407              
6       15             -0.013184127947276414              
6       30             -0.013184128031354408              
6       22             -0.013184128199510398              
17      39             -0.013184128265565247              
16      39             -0.013184128341386388              
17      36             -0.013184128349643241              
6       7              -0.013184128367666394              
6       27             -0.013184128367666394              
4       12             -0.013184128402203232              
12      15             -0.013184128402203232              
16      36             -0.013184128425464375              
17      44             -0.013184128433721243              
12      30             -0.013184128486281227              
13      44             -0.013184128509542377              
16      44             -0.013184128509542377              
10      15             -0.013184128553845507              
4       10             -0.013184128553845514              
10      30             -0.013184128637923502              
17      43             -0.013184128770033214              
10      22             -0.013184128806079498              
13      43             -0.013184128845854348              
16      43             -0.013184128845854348              
17      48             -0.013184128854111202              
6       39             -0.013184128872134354              
13      48             -0.013184128929932336              
16      48             -0.013184128929932336              
6       36             -0.013184128956212349              
7       10             -0.013184128974235494              
4       33             -0.013184129008772326              
11      15             -0.013184129008772326              
15      33             -0.013184129008772326              
6       44             -0.01318412904029035               
4       37             -0.013184129084593467              
15      37             -0.013184129084593467              
30      33             -0.01318412909285032               
30      37             -0.013184129168671462              
11      22             -0.013184129261006317              
6       43             -0.013184129376602328              
11      27             -0.013184129429162313              
6       48             -0.013184129460680316              
10      39             -0.013184129478703462              
10      36             -0.013184129562781456              
10      44             -0.013184129646859458              
12      42             -0.013184129663373165              
12      32             -0.01318412983152916               
8       11             -0.013184129849552292              
8       33             -0.013184129849552292              
8       37             -0.01318412992537344               
11      39             -0.013184129933630294              
33      39             -0.013184129933630294              
37      39             -0.013184130009451428              
11      36             -0.013184130017708288              
33      36             -0.013184130017708288              
11      44             -0.01318413010178629               
33      44             -0.01318413010178629               
37      44             -0.013184130177607424              
11      43             -0.013184130438098275              
11      48             -0.013184130522176263              
13      39             -0.013184132066676686              
13      36             -0.013184132150754674              
