#======================================================================
# PARAMETERS USED FOR THIS COMPUTATION: 
#	Sequence type: RNA
#	Total number of sequences in alignment data: 581
#	Length of sequences in alignment data: 41
#	Value of sequence identity: 0.8
#	lambda_h: 8.0
#	lambda_J: 8.0
#	Number of gradient decent iterations: 500
# The First and Second columns represent sites and the
# Third column is PLMDCA Frobenius norm, average product corrected (APC) DCA score
#======================================================================
15      32             0.17617270427354798                
4       38             0.16499204567080922                
18      29             0.12796594567525776                
17      30             0.1119899473731778                 
19      28             0.09836108480368655                
11      31             0.09313497749591991                
16      31             0.09032038121403793                
11      16             0.0872311890648472                 
33      35             0.07498083082613109                
13      34             0.07385578871110753                
3       39             0.06840298881950564                
14      41             0.06770201012331924                
20      27             0.06618737517398064                
11      39             0.0648395787457505                 
16      39             0.06460107723518227                
34      39             0.06294050844071826                
1       12             0.06284916885770743                
33      41             0.06272864158401284                
14      33             0.06113617462573594                
17      18             0.06042333369047921                
11      35             0.059048696658742614               
16      35             0.057322014933025356               
12      33             0.05668713849263969                
5       9              0.05636579171624151                
2       9              0.05616624751350914                
2       5              0.05607602827241962                
18      30             0.05540629127881373                
6       9              0.055371094215542836               
5       6              0.05527643220409537                
2       6              0.055055421932953104               
12      14             0.05390015156407693                
31      35             0.053249022206472554               
12      41             0.05303278517451149                
12      35             0.05205707558062332                
19      22             0.05128389731073488                
1       41             0.04972530351692815                
31      39             0.04902160705123397                
24      25             0.048799763160568305               
25      26             0.04869481287238003                
17      29             0.048568121628831465               
24      26             0.0485024793141221                 
11      34             0.04811284660330832                
1       14             0.04788883050799789                
17      34             0.04771923820308939                
21      23             0.04752237532929905                
20      25             0.04612751318467525                
7       9              0.046042252869047645               
5       7              0.04594531380675334                
20      24             0.04590234754433444                
25      27             0.04584489884541075                
6       7              0.045790498907975735               
20      26             0.045775212224092796               
24      27             0.04561659825363065                
2       7              0.04553915921927268                
26      27             0.04548462155377791                
16      34             0.04505504689120471                
30      34             0.04377102126490022                
29      30             0.04352718386939247                
1       33             0.04325569211021806                
1       31             0.04264866535682177                
11      17             0.0403654241578688                 
15      38             0.03933185821341818                
1       35             0.03908538517831062                
18      35             0.03892848409299521                
3       11             0.038926696883427175               
16      17             0.038643139974121735               
28      32             0.03808184823792364                
7       8              0.037819029691149274               
35      41             0.03729194314761347                
4       15             0.03713977332018867                
14      35             0.037064187949873886               
6       8              0.03600012613798488                
16      30             0.035028885610114496               
3       16             0.034848969893446935               
8       9              0.03480233391693348                
5       8              0.03471129407048992                
2       8              0.03415422184959088                
4       7              0.033960230085241704               
11      12             0.03356072645920162                
11      30             0.03320352265682308                
16      18             0.03281450882242415                
36      38             0.032668039268767074               
17      39             0.03218501725299182                
20      21             0.031356480678077135               
35      39             0.03131491479956322                
3       31             0.030797688876539622               
1       28             0.03074275339867355                
31      32             0.030469275429561696               
31      34             0.030305529096104622               
21      27             0.030016928191923663               
3       35             0.029054183636709502               
32      38             0.0290509156282798                 
16      32             0.028826024219727422               
7       38             0.028698576610794044               
37      40             0.028547767310879046               
10      40             0.028513245118728353               
10      37             0.028511117083422716               
29      31             0.028236695356110064               
1       11             0.02799236170809738                
17      35             0.02790355475915357                
23      25             0.02785450887065998                
4       5              0.02771488693242591                
4       6              0.027693845249030992               
4       32             0.027646495677960153               
30      39             0.027475250170330784               
23      24             0.027445713986538535               
4       9              0.027194550717715447               
23      26             0.027169609662404656               
2       4              0.02664333118940969                
21      25             0.026339708319698785               
28      38             0.026222313799638325               
3       34             0.0261567483083969                 
21      24             0.02600667190140525                
21      26             0.025811455386719806               
12      22             0.025800481687884166               
17      31             0.02496544717855785                
23      27             0.02493125735261959                
22      25             0.024643987234828635               
12      36             0.024351260805925354               
16      29             0.024284330929040268               
22      24             0.024256047637905495               
18      31             0.024167650025894535               
22      26             0.02401174236757074                
20      23             0.023986399243660528               
13      17             0.02377909674111084                
15      31             0.02314799846071891                
2       36             0.023105052474105194               
9       36             0.02287824290351293                
19      23             0.02281782761118719                
5       36             0.022775168268588497               
3       7              0.022374752100384525               
13      30             0.02236838419754468                
25      29             0.022320297254129                  
21      36             0.02214431359935281                
24      29             0.022111587965788576               
8       22             0.022044479471507984               
7       36             0.021984455680520973               
26      29             0.021940735090052454               
20      22             0.02104906120105824                
22      27             0.020636797345546805               
30      35             0.020435990569343213               
30      31             0.02026138403839567                
20      29             0.02013850288568854                
13      40             0.02012367468352727                
13      37             0.020085790006570292               
10      13             0.019991881638012673               
27      29             0.019870362997445865               
6       38             0.019842972427779937               
6       36             0.01976312813324796                
7       15             0.01972701400127909                
5       38             0.019665185833768403               
2       40             0.01961091452819287                
2       37             0.0195598844891541                 
9       40             0.019483759503845066               
2       10             0.019441060378432344               
9       37             0.01943537536119612                
5       40             0.019406952911835154               
5       37             0.019358642875968488               
6       40             0.01932942459629576                
9       10             0.019319890982623003               
6       37             0.01927544257546568                
5       10             0.01924336778467163                
12      31             0.01915326258812168                
6       10             0.019151089265797394               
3       9              0.01901296300771821                
3       5              0.01895129760904704                
9       38             0.01882026799082752                
22      23             0.018798632929828404               
4       36             0.018735381775581206               
2       3              0.018529893861335703               
1       3              0.01827578504611152                
19      29             0.01804517729826416                
2       38             0.017987791192923097               
8       15             0.017782164015571297               
3       6              0.017603216218904857               
8       36             0.01759464856102714                
19      25             0.017516368641820212               
3       17             0.017402070989663482               
19      24             0.0170929174436375                 
15      16             0.01705643879698142                
19      26             0.01679330769124933                
11      29             0.016582024386293304               
1       16             0.016307740822125417               
7       40             0.015991193140997048               
7       37             0.01591024679645188                
18      33             0.015824155818638636               
7       10             0.015738983383276714               
31      33             0.015686976151585874               
11      18             0.01567217029984866                
14      25             0.015553328656969928               
14      24             0.015431426053845093               
14      26             0.015375217480785311               
3       36             0.015352655055919567               
25      41             0.015297280491079326               
24      41             0.015171394398692153               
26      41             0.015106092484500427               
7       32             0.01502858951279748                
16      21             0.014700046391014188               
14      20             0.014204364091354366               
8       29             0.014050005355303638               
14      27             0.013944690589907577               
20      41             0.01382957220990795                
1       29             0.01359113154441155                
27      41             0.013582866554956441               
23      29             0.013575533832214555               
14      23             0.013411794952866207               
4       28             0.013355580517016435               
12      28             0.013345047902780821               
16      38             0.013225104614741717               
18      39             0.013021307355624304               
19      27             0.012978862060841527               
19      20             0.012223601168427224               
15      36             0.0118785371014892                 
1       34             0.01153957498953899                
1       32             0.011285193947538519               
15      28             0.011077362145855224               
3       30             0.010638258488744418               
11      32             0.010373490621166687               
8       40             0.010035805630000748               
18      34             0.010002799296978143               
8       37             0.009928569762200815               
8       10             0.009724595648263903               
8       32             0.009515070214342669               
4       8              0.009445621389393477               
28      31             0.00920234469052833                
13      39             0.008659284493567218               
10      27             0.008551594191050713               
10      20             0.008521129787004443               
26      40             0.008283666929662703               
25      40             0.008267694523135763               
24      40             0.008246181280547132               
26      37             0.008224461676680776               
25      37             0.008209791589956952               
24      37             0.0081876693920446                 
10      26             0.0080826271924858                 
10      25             0.00807020115606169                
10      24             0.008047042126681885               
27      40             0.007812915509486956               
20      40             0.007798747359024645               
27      37             0.007734211094422461               
20      37             0.007720765121619282               
14      22             0.007707248081095887               
34      35             0.007452958012981847               
28      41             0.0074376926233522545              
6       13             0.007309773947580631               
12      16             0.0072180366267654145              
21      22             0.007200099327171708               
27      33             0.006873872996695202               
14      18             0.006691678732960282               
9       13             0.006510718909045379               
2       13             0.006448316296414507               
5       13             0.006434873814166804               
17      19             0.006342400707447626               
19      30             0.006284982702537259               
22      29             0.006193873430232089               
14      28             0.006117816165885304               
18      41             0.006106936274711983               
16      28             0.006051428698133396               
26      33             0.005769756262052374               
3       4              0.005635307006212842               
19      21             0.005579085445706192               
3       23             0.005350936571513351               
25      33             0.004824396728215566               
32      39             0.004823051092375311               
20      33             0.004660753702762373               
24      33             0.004649552273661338               
4       40             0.004528236488603149               
4       37             0.004429213520981287               
28      39             0.004426779125641045               
22      28             0.004246453295596725               
4       10             0.004232942953049018               
11      33             0.0040635187352667385              
11      13             0.004050461145627689               
15      33             0.003979600016279977               
15      35             0.003937618381239072               
23      37             0.0039038977232139366              
23      36             0.0038420601677867094              
21      33             0.0038233335281437214              
29      35             0.00376014156944951                
10      23             0.0035738482097708232              
23      40             0.003565839627135574               
4       12             0.0034222581139481192              
23      41             0.0033224660262344483              
10      36             0.00320283177955287                
31      36             0.0030492641982170915              
8       30             0.003031648208935936               
19      41             0.003031247248644023               
6       28             0.0028170192947915007              
21      41             0.0027752710577324397              
14      19             0.002730764432165758               
22      41             0.0027038344251330212              
18      19             0.0025963402440634387              
36      37             0.002403914641231547               
7       13             0.002129350393487585               
36      40             0.0019304483388074278              
23      35             0.0018004449600001124              
8       18             0.0015884993759823773              
28      33             0.0014760803946722023              
5       28             0.0013853181373085777              
14      21             0.0013067251955472953              
3       8              0.0012498690937172985              
8       13             0.0011450732244194517              
29      34             0.0007306509308302594              
1       39             0.0006984535218817062              
9       28             0.0005733154029834708              
10      21             0.00034805043195050567             
40      41             0.0003205050656222008              
2       15             0.0003109514173639111              
37      41             0.000303879232363094               
34      40             0.00027642272536188006             
34      37             0.0002499341372940861              
10      41             0.00024033089134936625             
3       21             0.00023217766773568627             
6       15             0.00022991166028829557             
10      34             0.0001760738636929493              
14      40             0.0001658859877701757              
14      37             0.00014987342906250256             
10      14             8.89752794150378e-05               
21      37             3.2569022051509577e-06             
22      31             -0.00014834702440547076            
21      40             -0.00020684354329534443            
21      34             -0.0002547170015560346             
19      34             -0.0003136173066989184             
39      40             -0.0005334404570228601             
37      39             -0.000546628987553463              
2       28             -0.0005928489785399921             
10      39             -0.0006006897531449784             
21      29             -0.0006515446132819153             
8       38             -0.0008693142600769005             
22      40             -0.0009672363362392203             
22      37             -0.001102293633415935              
4       13             -0.0011210528252693294             
9       15             -0.0011418780901422954             
5       15             -0.0012547840811526906             
27      36             -0.0013124583634731707             
11      28             -0.0013255354778657635             
10      22             -0.0013619590667320533             
11      15             -0.0013638158388996763             
20      36             -0.001387015100208125              
3       38             -0.0013954202199185223             
6       32             -0.0014638393219349871             
33      36             -0.001480723433266662              
27      28             -0.0016112135192944826             
15      21             -0.0016255100099343417             
32      36             -0.0018006766155447135             
2       32             -0.0018787870197306683             
22      33             -0.0019100292310568132             
19      31             -0.0019324437104848297             
38      40             -0.0019579423139560043             
37      38             -0.001998642351869903              
10      38             -0.002090158859579472              
19      33             -0.0020977712745426508             
30      40             -0.0021494846172937093             
30      37             -0.002177259155312611              
9       25             -0.002212371984050457              
28      35             -0.0022307072470991174             
10      30             -0.0022512389763581775             
5       25             -0.002285701788447156              
13      36             -0.0022932367325097375             
9       24             -0.002312853280720187              
9       26             -0.002350652394153288              
24      32             -0.002366739941696658              
5       24             -0.0023867638648694817             
2       25             -0.0023975667731093234             
5       26             -0.0024234792679129202             
2       24             -0.0024990335107063846             
2       26             -0.002543511919542614              
12      38             -0.0026208737194768073             
25      32             -0.0030043841567594237             
1       22             -0.0030049653546810814             
6       25             -0.003077144605052741              
9       32             -0.0031781010771967794             
6       24             -0.003188378665226088              
23      33             -0.003191014343076011              
6       26             -0.003234766083183599              
13      23             -0.0032510912898724986             
16      36             -0.003268976532096443              
5       32             -0.00328406753816142               
21      35             -0.0033804673363623805             
13      25             -0.003637916832237076              
13      24             -0.0037143131497792622             
20      28             -0.00371488319408516               
13      26             -0.0037265756970860445             
17      40             -0.0038098214427917387             
17      37             -0.003830017372928471              
26      32             -0.0038392988271259143             
10      17             -0.003895015319527434              
22      36             -0.003911400001623204              
18      23             -0.003930535118439417              
17      22             -0.004075284470379095              
13      41             -0.004125907657173383              
17      21             -0.004348527984427877              
1       19             -0.00440836359647398               
1       21             -0.0044302731638705545             
23      28             -0.0044454647209597395             
13      18             -0.004639040429050084              
22      35             -0.004646151524740495              
9       20             -0.004660492079484116              
9       27             -0.004678719866393448              
5       20             -0.0047405822300337075             
5       27             -0.004756872695064848              
13      16             -0.004760290354405797              
13      20             -0.004837005114499242              
2       20             -0.004920642764484687              
13      27             -0.004937150502126564              
2       27             -0.004947453942308569              
18      22             -0.005037457845931549              
15      26             -0.005257628629818892              
26      28             -0.005312235213279892              
29      38             -0.0054094932579882155             
1       4              -0.005582100484841847              
13      19             -0.005622158851800507              
12      13             -0.0056377848314245055             
25      28             -0.005651407826568214              
27      32             -0.005682216109742594              
1       15             -0.005713458241353456              
6       20             -0.005762801612388624              
6       27             -0.005791110310958664              
15      24             -0.005819805374680881              
24      28             -0.005910457705507216              
13      14             -0.006039587830293264              
7       22             -0.006136716754814767              
12      18             -0.006324016337073163              
4       16             -0.006329272887212786              
15      25             -0.006380361919693475              
12      40             -0.006506598910810804              
8       17             -0.0065336950482031975             
12      37             -0.006579656344692264              
19      35             -0.006580048635022845              
7       28             -0.006732475148010765              
10      12             -0.00673480583338007               
29      39             -0.006762370485981925              
13      21             -0.0067758906617663844             
3       18             -0.006837904286196461              
17      23             -0.006848065501188674              
22      38             -0.0069640065550492375             
15      39             -0.007295391131077231              
13      38             -0.007297577719717341              
1       8              -0.00733648113071847               
12      19             -0.007448427180360304              
10      15             -0.007473773414264515              
18      20             -0.0075258624396891405             
15      37             -0.007610018913981151              
15      40             -0.007702153266880188              
21      28             -0.007720553341820369              
19      40             -0.007784562866426398              
11      22             -0.007830391205245792              
23      38             -0.007846819116741226              
19      37             -0.007860298652395986              
10      32             -0.007965805746985563              
10      19             -0.00801681726166717               
32      37             -0.008074846667981556              
18      27             -0.008079305161089026              
2       14             -0.008140149719030265              
32      40             -0.008151778548644364              
3       28             -0.008154273298869155              
9       14             -0.008184260945222552              
5       14             -0.008243206415560755              
12      24             -0.008251271346185342              
7       30             -0.008371375661300737              
20      32             -0.008384943030379247              
2       41             -0.008423740367628302              
6       14             -0.008439627832493954              
21      32             -0.008444386684701072              
9       41             -0.008460146211394681              
5       41             -0.00852045708792494               
23      30             -0.008717258172953997              
6       41             -0.008747711537186162              
22      30             -0.00900907235446384               
12      25             -0.009016584161945493              
22      34             -0.009093056835244237              
17      33             -0.009098770237983445              
7       25             -0.00916694925210134               
15      27             -0.009275869138793774              
7       24             -0.009304182815448307              
7       26             -0.009407526189343388              
12      26             -0.009531476476321306              
6       34             -0.009575587650848635              
3       40             -0.00973150424691338               
3       37             -0.00978629362892633               
31      41             -0.009788131605063671              
16      23             -0.009818833772637571              
33      40             -0.009851679435775876              
2       39             -0.009898759758301859              
33      37             -0.009899846301046455              
3       10             -0.009908363735968206              
13      28             -0.00991210222326401               
9       39             -0.009930125876538798              
5       39             -0.009969405249548702              
2       34             -0.00998427466886341               
23      34             -0.010011041965912897              
10      33             -0.010015024066394637              
9       34             -0.010029086443439                 
5       34             -0.010064976881999782              
18      24             -0.010101157895681528              
18      25             -0.010131604633413172              
3       12             -0.010165375045981168              
6       39             -0.010175678567114335              
18      26             -0.010196912957792403              
13      15             -0.01024944272588836               
26      36             -0.01029875886506839               
14      31             -0.010528271022307134              
24      36             -0.010552413121379667              
8       19             -0.010632253739224412              
6       30             -0.010633117458092978              
25      36             -0.01074417335485043               
2       30             -0.010791535020952758              
9       30             -0.01091702103570101               
5       30             -0.010945948367017164              
16      33             -0.010959868114352886              
13      22             -0.010996161856506315              
16      22             -0.011259945134599443              
7       34             -0.011298414549192018              
11      40             -0.011323056697642941              
19      32             -0.011369287117169585              
8       21             -0.011426018893055112              
22      32             -0.01142676687006712               
7       14             -0.01145026047085683               
15      20             -0.011488556103475892              
11      37             -0.011490527224277403              
8       11             -0.01161647414662563               
7       17             -0.011625776722196182              
10      16             -0.011636286888206782              
28      40             -0.011688512050679167              
28      37             -0.011716378944383848              
23      31             -0.011781034822303846              
21      31             -0.011783196184074099              
10      28             -0.011783835988906755              
10      11             -0.011793790545744712              
7       41             -0.011899198532054261              
7       39             -0.011914039698596973              
3       19             -0.011935089116613659              
12      21             -0.01206600475455532               
19      38             -0.012093345464342459              
12      20             -0.012120698244023821              
15      29             -0.012247833045977874              
36      41             -0.01226109207886765               
21      30             -0.012317000611772877              
16      37             -0.012321078342391004              
13      33             -0.012412584114893634              
13      32             -0.012484048352462015              
14      36             -0.012496145152177604              
7       20             -0.012505937200704968              
6       17             -0.012610755609393481              
7       27             -0.012620922566766675              
2       17             -0.012695689386799977              
16      40             -0.012721215758017351              
9       17             -0.01279314465508738               
5       17             -0.012824800131055872              
8       41             -0.012853085418961172              
1       36             -0.012934541058751983              
1       26             -0.013004227615157467              
11      36             -0.0130946967751355                
8       28             -0.013105037237267497              
1       25             -0.013279458521102135              
7       33             -0.013337023692478557              
1       18             -0.01344320862449068               
12      27             -0.013499887464994163              
27      38             -0.013503316945289182              
28      36             -0.01357110165851766               
11      23             -0.013700215819028735              
1       24             -0.013779578868257397              
35      38             -0.01385106426603544               
15      30             -0.013856885348026718              
23      39             -0.013876315681420726              
9       21             -0.013887262161346406              
8       34             -0.013907479964022848              
5       21             -0.013909993011376194              
2       21             -0.013963414808916497              
17      36             -0.013963939921632001              
8       14             -0.01413018268872096               
26      38             -0.014137180219352799              
6       21             -0.014241213139207586              
24      38             -0.014284920091366879              
18      40             -0.01433970623057891               
19      36             -0.014362705258367678              
18      37             -0.014368890452901364              
20      38             -0.01439132187759                  
25      38             -0.014427190122507427              
10      18             -0.014447429392528688              
6       19             -0.014456037874506097              
1       23             -0.01458334400995797               
14      32             -0.014648126309995096              
32      41             -0.01467237585970707               
11      21             -0.014707809659718227              
8       27             -0.014884571913073907              
8       25             -0.014886851026525275              
9       19             -0.014919910150639218              
5       19             -0.014926910560143669              
8       24             -0.014946121585228206              
8       26             -0.014954898080862138              
3       13             -0.015003585163305452              
8       20             -0.015077731933499844              
18      21             -0.015106051549707095              
1       38             -0.015107161864425026              
30      33             -0.015135820847556075              
2       23             -0.015147401791826505              
11      38             -0.015177100509471741              
7       18             -0.015190696394232414              
8       23             -0.015256516352337698              
29      32             -0.015264997452342374              
19      39             -0.015381757162384269              
2       19             -0.015432927216642106              
8       39             -0.015470966431493358              
23      32             -0.0155438283672754                
27      30             -0.015545461518713583              
20      30             -0.015576491090351058              
12      34             -0.015838771468877633              
15      23             -0.016197430999618248              
12      23             -0.016203104510355615              
32      33             -0.01625352877835122               
4       20             -0.016356665921721275              
4       41             -0.016357190078215483              
8       35             -0.016386023277872835              
1       2              -0.016413764671369596              
29      36             -0.016418758544725284              
30      36             -0.016422570980815537              
21      39             -0.01663394523355871               
6       23             -0.01674476661384433               
27      34             -0.016761046196394597              
20      34             -0.01682701280012043               
4       39             -0.016860102435442267              
1       6              -0.016930338628574938              
13      29             -0.01695593123900946               
4       25             -0.01700583669066818               
4       26             -0.01704031596727367               
4       24             -0.017046487086555803              
26      30             -0.017054507962578777              
24      30             -0.017204163288472796              
1       27             -0.01721283953590399               
4       29             -0.01723036644165772               
9       23             -0.01723852601630175               
38      39             -0.017240131544410245              
5       23             -0.01730592894494131               
25      30             -0.01732600176899933               
1       5              -0.017341936847854934              
4       27             -0.017367303492086213              
32      35             -0.017406331398815936              
15      41             -0.0174119498297038                
4       30             -0.017489924357954836              
1       20             -0.017662217210612056              
13      31             -0.017663844194076406              
15      22             -0.01769080165477556               
7       12             -0.01769146329796628               
14      15             -0.017694888066519934              
7       29             -0.017822960153607237              
1       9              -0.017841845574639373              
6       18             -0.01794572375091681               
7       21             -0.018019942837921146              
4       11             -0.018177583337754023              
26      34             -0.01820356631038711               
24      34             -0.0182664208445074                
25      34             -0.018304012572761638              
7       19             -0.018314938086277502              
4       14             -0.018433182147978858              
9       18             -0.018463943920582676              
5       18             -0.018464634233436417              
4       17             -0.018686890498616104              
17      27             -0.01877125360445818               
17      20             -0.018854526174312075              
2       18             -0.018985155056890843              
28      29             -0.019194807503140843              
38      41             -0.01927985094633808               
32      34             -0.01928105442134241               
11      19             -0.019502755434217492              
34      36             -0.01966299255832947               
17      26             -0.019743316095247043              
8       12             -0.01974970949607982               
17      24             -0.019848815784841226              
6       12             -0.019850165884093086              
5       12             -0.01988964451432962               
17      25             -0.019927848602849144              
7       23             -0.019960980917814453              
9       12             -0.019983785926129427              
14      38             -0.020097196581217558              
18      38             -0.020151326069428863              
8       16             -0.020330340543718788              
2       22             -0.02041622044413452               
26      35             -0.020474307655682117              
12      32             -0.020569294289858944              
12      15             -0.020577670567483677              
9       22             -0.020616443671807608              
2       12             -0.020645901515235036              
5       22             -0.02067865988473349               
20      35             -0.020682998294008284              
4       22             -0.020994595654174317              
27      35             -0.02105943939179894               
4       21             -0.021248634890433576              
20      39             -0.021255441233419964              
34      41             -0.021277978299561462              
4       19             -0.021305643005963118              
27      39             -0.02136668519017651               
9       33             -0.021442230250664912              
5       33             -0.021483724052560896              
2       33             -0.021485798718137827              
14      30             -0.0215245543249242                
30      41             -0.02153909342576031               
24      35             -0.02154993717296856               
15      19             -0.02168980824883686               
6       33             -0.021751218536688925              
25      39             -0.021866562736638895              
26      39             -0.021888240282300006              
24      39             -0.02189001301020886               
6       22             -0.02197161012633693               
14      34             -0.022003179865506844              
8       33             -0.022367647503019006              
4       34             -0.022372841393625123              
1       13             -0.02274285883567044               
22      39             -0.022858680388769606              
25      35             -0.02287072832040478               
33      38             -0.02289692160725859               
18      28             -0.02292984948281071               
21      38             -0.023188540586481093              
16      19             -0.02320649241503199               
17      41             -0.023463964994147796              
4       23             -0.02347489261151623               
8       31             -0.023645110760015256              
33      39             -0.023661137235840415              
36      39             -0.023693720133235896              
12      29             -0.02379752550670647               
12      30             -0.023863133308454493              
33      34             -0.023910520779723915              
3       20             -0.02414190308283838               
3       27             -0.02415491897917564               
3       29             -0.024215862152955334              
12      39             -0.02435541992761961               
3       26             -0.02446913528852085               
1       17             -0.024566778324884575              
3       24             -0.02457856228103547               
3       25             -0.02465669493898305               
29      33             -0.024785610448658027              
1       7              -0.024799496171191038              
3       33             -0.02502264389369628               
14      17             -0.025037701620638828              
34      38             -0.025056375714925805              
3       32             -0.0256472229096478                
6       29             -0.025656068029067267              
4       35             -0.025735900034484907              
4       33             -0.025955785901409706              
13      35             -0.02604424138830666               
4       18             -0.02628710410934733               
15      17             -0.02659051524112503               
3       22             -0.026626931768426572              
30      32             -0.02683836217268018               
39      41             -0.02692041405953642               
14      39             -0.027092069251279924              
5       29             -0.02717541890589527               
9       29             -0.02721285949244316               
29      41             -0.02736037600803569               
31      40             -0.027561135773180173              
12      17             -0.027621537288884834              
18      36             -0.02764206764873904               
31      37             -0.0276970816970427                
35      36             -0.027735858134288596              
3       41             -0.02786106367180427               
10      31             -0.02795791975782866               
28      34             -0.02803225282748424               
11      41             -0.02804756660749258               
3       14             -0.028146583998108224              
2       29             -0.02869067652165709               
20      31             -0.028718031155750293              
31      38             -0.02883648547663689               
30      38             -0.029042171552775983              
14      29             -0.029088514220589265              
15      34             -0.02949396245289486               
1       10             -0.029586867277232996              
11      14             -0.029649200699415096              
1       37             -0.029906858519042748              
1       40             -0.030096783117471188              
1       30             -0.03021938989229392               
29      40             -0.030338042971363097              
29      37             -0.03036902428886243               
17      38             -0.030392749608803157              
10      29             -0.03044561912754304               
24      31             -0.030464854455212936              
7       31             -0.030663489647255987              
4       31             -0.03102664524427376               
3       15             -0.03133200711487795               
25      31             -0.031433191068880775              
15      18             -0.032013022102875904              
26      31             -0.03232756861424846               
2       16             -0.0338942195750576                
7       16             -0.03395000351096934               
35      40             -0.03403878684622694               
14      16             -0.0340605378302334                
35      37             -0.034102452500908334              
10      35             -0.03423844772304102               
27      31             -0.03428125356518297               
6       11             -0.03441721134662934               
5       11             -0.034683982102891774              
9       11             -0.03470548567533096               
2       11             -0.035203867583580954              
9       16             -0.03557665347041854               
6       16             -0.035694030155002034              
16      41             -0.03569909868354919               
5       16             -0.036234881596387256              
17      32             -0.03628436973811247               
28      30             -0.036546814237716385              
7       11             -0.0366566535691219                
11      26             -0.038245130264819675              
11      25             -0.03900788112927749               
11      20             -0.03948492520223128               
17      28             -0.039532308760902676              
11      24             -0.03967155284089791               
11      27             -0.03984812530326128               
2       31             -0.0401543099299755                
9       31             -0.04041454972016577               
5       31             -0.040737689424692136              
18      32             -0.04086207117539471               
6       31             -0.04086997663163079               
7       35             -0.0412431846606042                
6       35             -0.0425331778085815                
2       35             -0.04309971662760356               
5       35             -0.043202776128274056              
9       35             -0.04321434294693964               
16      27             -0.0450790244547371                
16      20             -0.045271023768754776              
16      26             -0.04998101207953577               
16      24             -0.05004509186581818               
16      25             -0.05006431346562734               
