#======================================================================
# PARAMETERS USED FOR THIS COMPUTATION: 
#	Sequence type: RNA
#	Total number of sequences in alignment data: 2
#	Length of sequences in alignment data: 42
#	Value of sequence identity: 0.8
#	lambda_h: 8.200000000000001
#	lambda_J: 8.200000000000001
#	Number of gradient decent iterations: 500
# The First and Second columns represent sites and the
# Third column is PLMDCA Frobenius norm, average product corrected (APC) DCA score
#======================================================================
34      38             0.03537942503648776                
37      38             0.03537942503648776                
21      32             0.035379424661389304               
21      38             0.03537942447384007                
15      32             0.03537942438006546                
15      38             0.03537942419251622                
14      37             0.03537942372364317                
14      32             0.03537942344231931                
14      38             0.03537942325477007                
7       34             0.03537942316099549                
19      37             0.03537942316099549                
5       34             0.035379422973446255               
5       37             0.035379422973446255               
5       32             0.035379422692122395               
7       21             0.03537942259834777                
5       38             0.03537942250457315                
5       21             0.03537942241079854                
7       15             0.03537942231702391                
5       15             0.035379422129474675               
14      26             0.03537942166060158                
7       12             0.03537942156682696                
14      19             0.035379421379277735               
5       12             0.03537942137927773                
3       26             0.03537942128550311                
5       14             0.0353794211917285                 
7       26             0.035379421097953875               
3       19             0.035379421004179255               
5       26             0.035379420910404635               
7       19             0.03537942081663002                
3       5              0.035379420816630015               
5       19             0.03537942062908078                
34      37             0.035379418054780246               
32      34             0.0353794177734564                 
32      37             0.0353794177734564                 
21      34             0.03537941749213256                
21      37             0.03537941749213256                
32      38             0.03537941730458331                
15      34             0.035379417210808714               
15      37             0.035379417210808714               
15      21             0.035379416648161015               
12      34             0.0353794164606118                 
12      37             0.0353794164606118                 
14      34             0.035379416273062576               
12      32             0.03537941617928794                
26      34             0.03537941599173873                
26      37             0.03537941599173873                
12      38             0.03537941599173871                
3       34             0.03537941589796412                
3       37             0.03537941589796412                
12      21             0.035379415897964096               
7       37             0.03537941571041489                
19      34             0.03537941571041489                
14      21             0.03537941571041487                
26      32             0.03537941571041487                
3       32             0.03537941561664026                
12      15             0.03537941561664024                
26      38             0.03537941552286562                
7       32             0.035379415429091024               
19      32             0.035379415429091024               
3       38             0.03537941542909102                
21      26             0.03537941542909102                
14      15             0.03537941542909101                
3       21             0.035379415335316404               
7       38             0.035379415241541784               
19      38             0.035379415241541784               
19      21             0.03537941514776717                
15      26             0.03537941514776716                
3       15             0.035379415053992544               
15      19             0.03537941486644332                
12      14             0.03537941467889408                
12      26             0.03537941439757022                
3       12             0.035379414303795605               
3       14             0.03537941411624637                
12      19             0.03537941411624637                
7       14             0.03537941392869714                
19      26             0.03537941364737328                
3       7              0.03537941355359866                
5       7              0.035379413178500185               
11      29             0.006745418194763604               
11      31             0.006745418194763604               
11      39             0.0067454181052090875              
11      41             0.0067454181052090875              
11      27             0.006745418015654564               
29      31             0.006745418015654564               
29      39             0.006745417926100054               
29      41             0.006745417926100054               
31      39             0.006745417926100054               
31      41             0.006745417926100054               
39      41             0.006745417836545538               
27      29             0.006745417836545531               
27      31             0.006745417836545531               
27      39             0.006745417746991021               
27      41             0.006745417746991021               
40      42             0.006745415149909978               
2       13             0.0067454147916921475              
4       13             0.0067454147916921475              
2       18             0.006745414702137638               
4       18             0.006745414702137638               
13      16             0.00674541452302857                
13      17             0.00674541452302857                
13      20             0.00674541452302857                
16      18             0.00674541443347406                
17      18             0.00674541443347406                
18      20             0.00674541443347406                
13      23             0.00674541443347404                
13      24             0.00674541443347404                
13      25             0.00674541443347404                
13      28             0.00674541443347404                
13      30             0.00674541443347404                
18      23             0.00674541434391953                
18      24             0.00674541434391953                
18      25             0.00674541434391953                
18      28             0.00674541434391953                
18      30             0.00674541434391953                
13      33             0.006745414343919516               
18      33             0.006745414254365006               
13      35             0.006745414254364986               
13      36             0.006745414254364986               
18      35             0.006745414164810476               
18      36             0.006745414164810476               
8       40             0.006745413717037664               
8       42             0.006745413717037664               
1       40             0.0067454136274831406              
1       42             0.0067454136274831406              
22      40             0.006745413537928624               
22      42             0.006745413537928624               
6       40             0.006745412731937947               
6       42             0.006745412731937947               
9       40             0.00674541264238343                
9       42             0.00674541264238343                
10      40             0.00674541264238343                
10      42             0.00674541264238343                
2       6              0.0067454123201650396              
4       6              0.0067454123201650396              
2       9              0.00674541223061053                
2       10             0.00674541223061053                
4       9              0.00674541223061053                
4       10             0.00674541223061053                
1       8              0.006745412194610785               
8       22             0.0067454121050562685              
6       16             0.006745412051501469               
6       17             0.006745412051501469               
6       20             0.006745412051501469               
1       22             0.006745412015501745               
9       16             0.006745411961946959               
9       17             0.006745411961946959               
9       20             0.006745411961946959               
10      16             0.006745411961946959               
10      17             0.006745411961946959               
10      20             0.006745411961946959               
6       23             0.0067454119619469455              
6       24             0.0067454119619469455              
6       25             0.0067454119619469455              
6       28             0.0067454119619469455              
6       30             0.0067454119619469455              
9       23             0.006745411872392436               
9       24             0.006745411872392436               
9       25             0.006745411872392436               
9       28             0.006745411872392436               
9       30             0.006745411872392436               
10      23             0.006745411872392436               
10      24             0.006745411872392436               
10      25             0.006745411872392436               
10      28             0.006745411872392436               
10      30             0.006745411872392436               
6       33             0.006745411872392422               
9       33             0.006745411782837912               
10      33             0.006745411782837912               
6       35             0.0067454117828378915              
6       36             0.0067454117828378915              
9       35             0.006745411693283382               
9       36             0.006745411693283382               
10      35             0.006745411693283382               
10      36             0.006745411693283382               
8       11             0.006745411603728768               
1       11             0.0067454115141742516              
13      40             0.006745411478174666               
13      42             0.006745411478174666               
8       29             0.006745411424619728               
8       31             0.006745411424619728               
18      40             0.00674541138862015                
18      42             0.00674541138862015                
8       39             0.0067454113350652115              
8       41             0.0067454113350652115              
1       29             0.0067454113350652045              
1       31             0.0067454113350652045              
6       8              0.006745411299065564               
22      29             0.006745411245510695               
22      31             0.006745411245510695               
1       39             0.006745411245510688               
1       41             0.006745411245510688               
8       27             0.006745411245510681               
8       9              0.00674541120951104                
8       10             0.00674541120951104                
1       6              0.006745411209511033               
22      39             0.006745411155956171               
22      41             0.006745411155956171               
1       27             0.0067454111559561575              
1       9              0.006745411119956517               
1       10             0.006745411119956517               
6       22             0.006745411119956517               
22      27             0.006745411066401641               
9       22             0.006745411030402                  
10      22             0.006745411030402                  
2       4              0.0067454106010733095              
2       16             0.006745410332409774               
2       17             0.006745410332409774               
2       20             0.006745410332409774               
4       16             0.006745410332409774               
4       17             0.006745410332409774               
4       20             0.006745410332409774               
2       23             0.006745410242855257               
2       24             0.006745410242855257               
2       25             0.006745410242855257               
2       28             0.006745410242855257               
2       30             0.006745410242855257               
4       23             0.006745410242855257               
4       24             0.006745410242855257               
4       25             0.006745410242855257               
4       28             0.006745410242855257               
4       30             0.006745410242855257               
6       9              0.006745410224411268               
6       10             0.006745410224411268               
2       33             0.006745410153300747               
4       33             0.006745410153300747               
9       10             0.006745410134856751               
16      17             0.006745410063746231               
16      20             0.006745410063746231               
17      20             0.006745410063746231               
2       35             0.006745410063746224               
2       36             0.006745410063746224               
4       35             0.006745410063746224               
4       36             0.006745410063746224               
8       13             0.006745410045302248               
16      23             0.006745409974191714               
16      24             0.006745409974191714               
16      25             0.006745409974191714               
16      28             0.006745409974191714               
16      30             0.006745409974191714               
17      23             0.006745409974191714               
17      24             0.006745409974191714               
17      25             0.006745409974191714               
17      28             0.006745409974191714               
17      30             0.006745409974191714               
20      23             0.006745409974191714               
20      24             0.006745409974191714               
20      25             0.006745409974191714               
20      28             0.006745409974191714               
20      30             0.006745409974191714               
8       18             0.006745409955747732               
1       13             0.006745409955747718               
16      33             0.006745409884637205               
17      33             0.006745409884637205               
20      33             0.006745409884637205               
23      24             0.006745409884637198               
23      25             0.006745409884637198               
23      28             0.006745409884637198               
23      30             0.006745409884637198               
24      25             0.006745409884637198               
24      28             0.006745409884637198               
24      30             0.006745409884637198               
25      28             0.006745409884637198               
25      30             0.006745409884637198               
28      30             0.006745409884637198               
1       18             0.006745409866193201               
13      22             0.006745409866193201               
23      33             0.006745409795082688               
24      33             0.006745409795082688               
25      33             0.006745409795082688               
28      33             0.006745409795082688               
30      33             0.006745409795082688               
16      35             0.006745409795082681               
16      36             0.006745409795082681               
17      35             0.006745409795082681               
17      36             0.006745409795082681               
20      35             0.006745409795082681               
20      36             0.006745409795082681               
18      22             0.006745409776638678               
23      35             0.0067454097055281645              
23      36             0.0067454097055281645              
24      35             0.0067454097055281645              
24      36             0.0067454097055281645              
25      35             0.0067454097055281645              
25      36             0.0067454097055281645              
28      35             0.0067454097055281645              
28      36             0.0067454097055281645              
30      35             0.0067454097055281645              
30      36             0.0067454097055281645              
33      35             0.006745409615973655               
33      36             0.006745409615973655               
2       8              0.006745409579974396               
4       8              0.006745409579974396               
35      36             0.006745409526419138               
1       2              0.006745409490419879               
1       4              0.006745409490419879               
2       22             0.0067454094008653695              
4       22             0.0067454094008653695              
11      13             0.006745409364865847               
8       16             0.006745409311310832               
8       17             0.006745409311310832               
8       20             0.006745409311310832               
11      40             0.006745409311310735               
11      42             0.006745409311310735               
11      18             0.006745409275311337               
1       16             0.0067454092217563155              
1       17             0.0067454092217563155              
1       20             0.0067454092217563155              
8       23             0.006745409221756309               
8       24             0.006745409221756309               
8       25             0.006745409221756309               
8       28             0.006745409221756309               
8       30             0.006745409221756309               
13      29             0.006745409185756793               
13      31             0.006745409185756793               
16      22             0.006745409132201806               
17      22             0.006745409132201806               
20      22             0.006745409132201806               
1       23             0.006745409132201792               
1       24             0.006745409132201792               
1       25             0.006745409132201792               
1       28             0.006745409132201792               
1       30             0.006745409132201792               
8       33             0.006745409132201785               
29      40             0.006745409132201695               
29      42             0.006745409132201695               
31      40             0.006745409132201695               
31      42             0.006745409132201695               
18      29             0.006745409096202283               
18      31             0.006745409096202283               
13      39             0.006745409096202269               
13      41             0.006745409096202269               
6       13             0.006745409060202455               
22      23             0.006745409042647275               
22      24             0.006745409042647275               
22      25             0.006745409042647275               
22      28             0.006745409042647275               
22      30             0.006745409042647275               
1       33             0.0067454090426472685              
8       35             0.006745409042647255               
8       36             0.006745409042647255               
39      40             0.006745409042647178               
39      42             0.006745409042647178               
40      41             0.006745409042647178               
41      42             0.006745409042647178               
18      39             0.0067454090066477596              
18      41             0.0067454090066477596              
13      27             0.006745409006647739               
6       18             0.0067454089706479314              
9       13             0.0067454089706479314              
10      13             0.0067454089706479314              
22      33             0.006745408953092759               
1       35             0.006745408953092738               
1       36             0.006745408953092738               
27      40             0.006745408953092655               
27      42             0.006745408953092655               
18      27             0.006745408917093222               
9       18             0.006745408881093415               
10      18             0.006745408881093415               
22      35             0.006745408863538228               
22      36             0.006745408863538228               
13      18             0.0067454077168845605              
11      22             0.0067454076993294435              
2       40             0.006745407287556307               
2       42             0.006745407287556307               
4       40             0.006745407287556307               
4       42             0.006745407287556307               
16      40             0.00674540701889275                
16      42             0.00674540701889275                
17      40             0.00674540701889275                
17      42             0.00674540701889275                
20      40             0.00674540701889275                
20      42             0.00674540701889275                
23      40             0.006745406929338227               
23      42             0.006745406929338227               
24      40             0.006745406929338227               
24      42             0.006745406929338227               
25      40             0.006745406929338227               
25      42             0.006745406929338227               
28      40             0.006745406929338227               
28      42             0.006745406929338227               
30      40             0.006745406929338227               
30      42             0.006745406929338227               
6       11             0.006745406893338787               
33      40             0.006745406839783717               
33      42             0.006745406839783717               
9       11             0.006745406803784271               
10      11             0.006745406803784271               
35      40             0.006745406750229194               
35      42             0.006745406750229194               
36      40             0.006745406750229194               
36      42             0.006745406750229194               
6       29             0.00674540671422974                
6       31             0.00674540671422974                
9       29             0.006745406624675224               
9       31             0.006745406624675224               
10      29             0.006745406624675224               
10      31             0.006745406624675224               
6       39             0.006745406624675217               
6       41             0.006745406624675217               
9       39             0.0067454065351207                 
9       41             0.0067454065351207                 
10      39             0.0067454065351207                 
10      41             0.0067454065351207                 
6       27             0.006745406535120686               
9       27             0.00674540644556617                
10      27             0.00674540644556617                
2       11             0.0067454051742472584              
4       11             0.0067454051742472584              
2       29             0.006745404995138232               
2       31             0.006745404995138232               
4       29             0.006745404995138232               
4       31             0.006745404995138232               
2       39             0.006745404905583716               
2       41             0.006745404905583716               
4       39             0.006745404905583716               
4       41             0.006745404905583716               
11      16             0.006745404905583709               
11      17             0.006745404905583709               
11      20             0.006745404905583709               
2       27             0.006745404816029199               
4       27             0.006745404816029199               
11      23             0.006745404816029192               
11      24             0.006745404816029192               
11      25             0.006745404816029192               
11      28             0.006745404816029192               
11      30             0.006745404816029192               
16      29             0.0067454047264746825              
16      31             0.0067454047264746825              
17      29             0.0067454047264746825              
17      31             0.0067454047264746825              
20      29             0.0067454047264746825              
20      31             0.0067454047264746825              
11      33             0.0067454047264746755              
16      39             0.006745404636920173               
16      41             0.006745404636920173               
17      39             0.006745404636920173               
17      41             0.006745404636920173               
20      39             0.006745404636920173               
20      41             0.006745404636920173               
23      29             0.006745404636920159               
23      31             0.006745404636920159               
24      29             0.006745404636920159               
24      31             0.006745404636920159               
25      29             0.006745404636920159               
25      31             0.006745404636920159               
28      29             0.006745404636920159               
28      31             0.006745404636920159               
29      30             0.006745404636920159               
30      31             0.006745404636920159               
11      35             0.006745404636920152               
11      36             0.006745404636920152               
16      27             0.006745404547365649               
17      27             0.006745404547365649               
20      27             0.006745404547365649               
23      39             0.006745404547365649               
23      41             0.006745404547365649               
24      39             0.006745404547365649               
24      41             0.006745404547365649               
25      39             0.006745404547365649               
25      41             0.006745404547365649               
28      39             0.006745404547365649               
28      41             0.006745404547365649               
29      33             0.006745404547365649               
30      39             0.006745404547365649               
30      41             0.006745404547365649               
31      33             0.006745404547365649               
27      28             0.006745404457811133               
27      30             0.006745404457811133               
33      39             0.006745404457811133               
33      41             0.006745404457811133               
23      27             0.006745404457811126               
24      27             0.006745404457811126               
25      27             0.006745404457811126               
29      35             0.006745404457811119               
29      36             0.006745404457811119               
31      35             0.006745404457811119               
31      36             0.006745404457811119               
27      33             0.006745404368256616               
35      39             0.006745404368256616               
35      41             0.006745404368256616               
36      39             0.006745404368256616               
36      41             0.006745404368256616               
27      35             0.006745404278702093               
27      36             0.006745404278702093               
27      34             -0.01458288196454812               
27      37             -0.01458288196454812               
32      39             -0.014582882139437058              
32      41             -0.014582882139437058              
12      29             -0.014582883299425684              
12      31             -0.014582883299425684              
12      39             -0.014582883393200297              
12      41             -0.014582883393200297              
12      27             -0.014582883486974917              
11      26             -0.014582883559649033              
3       11             -0.01458288364920355               
26      29             -0.014582883747198273              
26      31             -0.014582883747198273              
7       11             -0.014582883828312583              
11      19             -0.014582883828312583              
3       29             -0.014582883836752783              
3       31             -0.014582883836752783              
26      39             -0.014582883840972886              
26      41             -0.014582883840972886              
3       39             -0.014582883930527396              
3       41             -0.014582883930527396              
26      27             -0.014582883934747513              
7       29             -0.014582884015861816              
7       31             -0.014582884015861816              
19      29             -0.014582884015861816              
19      31             -0.014582884015861816              
3       27             -0.014582884024302023              
34      35             -0.014582884095669983              
34      36             -0.014582884095669983              
7       39             -0.014582884109636436              
7       41             -0.014582884109636436              
19      39             -0.014582884109636436              
19      41             -0.014582884109636436              
7       27             -0.014582884203411056              
19      27             -0.014582884203411056              
32      33             -0.014582884270558906              
32      35             -0.014582884364333526              
32      36             -0.014582884364333526              
21      23             -0.014582884445447836              
21      24             -0.014582884445447836              
21      25             -0.014582884445447836              
21      28             -0.014582884445447836              
21      30             -0.014582884445447836              
21      33             -0.014582884539222449              
15      16             -0.014582884620336765              
15      17             -0.014582884620336765              
15      20             -0.014582884620336765              
21      35             -0.014582884632997069              
21      36             -0.014582884632997069              
15      23             -0.014582884714111378              
15      24             -0.014582884714111378              
15      25             -0.014582884714111378              
15      28             -0.014582884714111378              
15      30             -0.014582884714111378              
12      40             -0.014582884799819562              
12      42             -0.014582884799819562              
15      33             -0.014582884807885992              
15      35             -0.014582884901660619              
15      36             -0.014582884901660619              
22      34             -0.014582884965335781              
22      37             -0.014582884965335781              
2       12             -0.014582885055449024              
4       12             -0.014582885055449024              
8       38             -0.014582885225559172              
26      40             -0.014582885247592159              
26      42             -0.014582885247592159              
11      34             -0.01458288531473996               
11      37             -0.01458288531473996               
1       38             -0.014582885319333792              
12      16             -0.01458288533677287               
12      17             -0.01458288533677287               
12      20             -0.01458288533677287               
3       40             -0.014582885337146675              
3       42             -0.014582885337146675              
22      38             -0.014582885413108405              
12      23             -0.01458288543054749               
12      24             -0.01458288543054749               
12      25             -0.01458288543054749               
12      28             -0.01458288543054749               
12      30             -0.01458288543054749               
29      34             -0.014582885502289193              
29      37             -0.014582885502289193              
31      34             -0.014582885502289193              
31      37             -0.014582885502289193              
2       26             -0.014582885503221593              
4       26             -0.014582885503221593              
14      16             -0.014582885515881897              
14      17             -0.014582885515881897              
14      20             -0.014582885515881897              
7       40             -0.014582885516255716              
7       42             -0.014582885516255716              
19      40             -0.014582885516255716              
19      42             -0.014582885516255716              
12      33             -0.014582885524322103              
11      32             -0.014582885583403517              
3       4              -0.014582885592776103              
2       3              -0.01458288559277611               
34      39             -0.0145828855960638                
34      41             -0.0145828855960638                
37      39             -0.0145828855960638                
37      41             -0.0145828855960638                
14      23             -0.014582885609656517              
14      24             -0.014582885609656517              
14      25             -0.014582885609656517              
14      28             -0.014582885609656517              
14      30             -0.014582885609656517              
12      35             -0.014582885618096723              
12      36             -0.014582885618096723              
14      33             -0.01458288570343113               
11      38             -0.014582885762512557              
29      32             -0.01458288577095275               
31      32             -0.01458288577095275               
2       7              -0.014582885771885129              
2       19             -0.014582885771885129              
4       7              -0.014582885771885129              
4       19             -0.014582885771885129              
16      26             -0.014582885784545446              
17      26             -0.014582885784545446              
20      26             -0.014582885784545446              
14      35             -0.014582885797205757              
14      36             -0.014582885797205757              
11      21             -0.014582885852067067              
3       16             -0.014582885874099956              
3       17             -0.014582885874099956              
3       20             -0.014582885874099956              
26      28             -0.01458288587832006               
26      30             -0.01458288587832006               
23      26             -0.014582885878320066              
24      26             -0.014582885878320066              
25      26             -0.014582885878320066              
29      38             -0.01458288595006179               
31      38             -0.01458288595006179               
27      32             -0.014582885958501983              
3       23             -0.014582885967874576              
3       24             -0.014582885967874576              
3       25             -0.014582885967874576              
3       28             -0.014582885967874576              
3       30             -0.014582885967874576              
26      33             -0.01458288597209468               
21      29             -0.014582886039616293              
21      31             -0.014582886039616293              
38      39             -0.01458288604383639               
38      41             -0.01458288604383639               
7       16             -0.014582886053208982              
7       17             -0.014582886053208982              
7       20             -0.014582886053208982              
16      19             -0.014582886053208982              
17      19             -0.014582886053208982              
19      20             -0.014582886053208982              
3       33             -0.014582886061649189              
26      35             -0.014582886065869306              
26      36             -0.014582886065869306              
11      15             -0.014582886120730623              
21      39             -0.014582886133390906              
21      41             -0.014582886133390906              
27      38             -0.014582886137611016              
7       23             -0.014582886146983602              
7       24             -0.014582886146983602              
7       25             -0.014582886146983602              
7       28             -0.014582886146983602              
7       30             -0.014582886146983602              
19      23             -0.014582886146983602              
19      24             -0.014582886146983602              
19      25             -0.014582886146983602              
19      28             -0.014582886146983602              
19      30             -0.014582886146983602              
3       35             -0.014582886155423816              
3       36             -0.014582886155423816              
21      27             -0.014582886227165533              
5       16             -0.014582886232318008              
5       17             -0.014582886232318008              
5       20             -0.014582886232318008              
7       33             -0.014582886240758215              
19      33             -0.014582886240758215              
15      29             -0.01458288630827985               
15      31             -0.01458288630827985               
5       23             -0.014582886326092628              
5       24             -0.014582886326092628              
5       25             -0.014582886326092628              
5       28             -0.014582886326092628              
5       30             -0.014582886326092628              
7       35             -0.014582886334532842              
7       36             -0.014582886334532842              
19      35             -0.014582886334532842              
19      36             -0.014582886334532842              
15      39             -0.014582886402054462              
15      41             -0.014582886402054462              
5       33             -0.014582886419867248              
8       14             -0.014582886479322474              
15      27             -0.014582886495829082              
5       35             -0.014582886513641875              
5       36             -0.014582886513641875              
1       14             -0.014582886573097094              
11      12             -0.014582886837166749              
34      40             -0.014582887002683023              
34      42             -0.014582887002683023              
37      40             -0.014582887002683023              
37      42             -0.014582887002683023              
11      14             -0.014582887016275775              
3       22             -0.014582887025089801              
14      29             -0.014582887203825015              
14      31             -0.014582887203825015              
19      22             -0.014582887204198848              
2       34             -0.01458288725831259               
2       37             -0.01458288725831259               
4       34             -0.01458288725831259               
4       37             -0.01458288725831259               
32      40             -0.014582887271346587              
32      42             -0.014582887271346587              
1       5              -0.014582887289533282              
14      39             -0.014582887297599628              
14      41             -0.014582887297599628              
6       12             -0.014582887331734233              
14      27             -0.014582887391374255              
9       12             -0.014582887425508846              
10      12             -0.014582887425508846              
38      40             -0.014582887450455627              
38      42             -0.014582887450455627              
6       14             -0.014582887510843273              
2       32             -0.014582887526976139              
4       32             -0.014582887526976139              
16      34             -0.014582887539636429              
16      37             -0.014582887539636429              
17      34             -0.014582887539636429              
17      37             -0.014582887539636429              
20      34             -0.014582887539636429              
20      37             -0.014582887539636429              
21      40             -0.014582887540010143              
21      42             -0.014582887540010143              
9       14             -0.014582887604617886              
10      14             -0.014582887604617886              
23      34             -0.014582887633411049              
23      37             -0.014582887633411049              
24      34             -0.014582887633411049              
24      37             -0.014582887633411049              
25      34             -0.014582887633411049              
25      37             -0.014582887633411049              
28      34             -0.014582887633411049              
28      37             -0.014582887633411049              
30      34             -0.014582887633411049              
30      37             -0.014582887633411049              
2       38             -0.014582887706085165              
4       38             -0.014582887706085165              
33      34             -0.014582887727185655              
33      37             -0.014582887727185655              
5       11             -0.014582887732711915              
6       26             -0.01458288777950685               
2       21             -0.014582887795639675              
4       21             -0.014582887795639675              
16      32             -0.014582887808299978              
17      32             -0.014582887808299978              
20      32             -0.014582887808299978              
15      40             -0.014582887808673707              
15      42             -0.014582887808673707              
35      37             -0.014582887820960275              
36      37             -0.014582887820960275              
3       6              -0.014582887869061374              
9       26             -0.014582887873281464              
10      26             -0.014582887873281464              
23      32             -0.014582887902074598              
24      32             -0.014582887902074598              
25      32             -0.014582887902074598              
28      32             -0.014582887902074598              
30      32             -0.014582887902074598              
5       29             -0.014582887920261148              
5       31             -0.014582887920261148              
3       9              -0.014582887962835987              
3       10             -0.014582887962835987              
16      38             -0.014582887987409011              
17      38             -0.014582887987409011              
20      38             -0.014582887987409011              
5       39             -0.014582888014035768              
5       41             -0.014582888014035768              
6       19             -0.014582888048170421              
2       15             -0.014582888064303218              
4       15             -0.014582888064303218              
16      21             -0.014582888076963514              
17      21             -0.014582888076963514              
20      21             -0.014582888076963514              
23      38             -0.014582888081183631              
24      38             -0.014582888081183631              
25      38             -0.014582888081183631              
28      38             -0.014582888081183631              
30      38             -0.014582888081183631              
5       27             -0.014582888107810395              
7       9              -0.014582888141945034              
7       10             -0.014582888141945034              
9       19             -0.014582888141945034              
10      19             -0.014582888141945034              
33      38             -0.014582888174958238              
5       6              -0.014582888227279468              
35      38             -0.014582888268732858              
36      38             -0.014582888268732858              
5       9              -0.014582888321054088              
5       10             -0.014582888321054088              
8       34             -0.014582888503076853              
8       37             -0.014582888503076853              
1       34             -0.014582888596851466              
1       37             -0.014582888596851466              
14      40             -0.014582888704218894              
14      42             -0.014582888704218894              
8       32             -0.014582888771740424              
1       32             -0.014582888865515044              
14      18             -0.014582888917462532              
22      32             -0.014582888959289657              
2       14             -0.014582888959848342              
4       14             -0.014582888959848342              
8       21             -0.014582889040403987              
1       21             -0.014582889134178607              
3       13             -0.014582889181906027              
21      22             -0.014582889227953214              
3       18             -0.01458288927568064               
8       15             -0.014582889309067558              
1       15             -0.014582889402842178              
5       40             -0.014582889420655054              
5       42             -0.014582889420655054              
15      22             -0.014582889496616784              
6       34             -0.014582889534597618              
6       37             -0.014582889534597618              
9       34             -0.014582889628372224              
9       37             -0.014582889628372224              
10      34             -0.014582889628372224              
10      37             -0.014582889628372224              
2       5              -0.01458288967628446               
4       5              -0.01458288967628446               
6       32             -0.014582889803261195              
9       32             -0.014582889897035808              
10      32             -0.014582889897035808              
6       38             -0.01458288998237025               
8       12             -0.014582890025503732              
6       21             -0.014582890071924759              
9       38             -0.014582890076144855              
10      38             -0.014582890076144855              
1       12             -0.014582890119278352              
9       21             -0.014582890165699372              
10      21             -0.014582890165699372              
12      22             -0.014582890213052965              
6       15             -0.014582890340588343              
14      22             -0.014582890392162005              
9       15             -0.014582890434362956              
10      15             -0.014582890434362956              
8       26             -0.014582890473276343              
3       8              -0.014582890562830866              
1       26             -0.01458289056705097               
1       3              -0.014582890656605493              
22      26             -0.014582890660825583              
7       8              -0.014582890741939906              
8       19             -0.014582890741939906              
1       7              -0.014582890835714533              
1       19             -0.014582890835714533              
13      34             -0.014582890847442222              
13      37             -0.014582890847442222              
5       8              -0.014582890921048954              
7       22             -0.014582890929489147              
18      34             -0.014582890941216828              
18      37             -0.014582890941216828              
5       22             -0.014582891108598194              
13      32             -0.014582891116105806              
18      32             -0.01458289120988042               
13      38             -0.01458289129521486               
13      21             -0.014582891384769377              
18      38             -0.014582891388989473              
18      21             -0.01458289147854399               
13      15             -0.014582891653432968              
15      18             -0.014582891747207574              
6       7              -0.01458289177346072               
12      13             -0.014582892369869163              
12      18             -0.014582892463643776              
13      14             -0.014582892548978217              
13      26             -0.014582892817641802              
18      26             -0.014582892911416422              
7       13             -0.014582893086305379              
13      19             -0.014582893086305379              
7       18             -0.014582893180079992              
18      19             -0.014582893180079992              
5       13             -0.014582893265414433              
5       18             -0.014582893359189046              
