#======================================================================
# PARAMETERS USED FOR THIS COMPUTATION: 
#	Sequence type: RNA
#	Total number of sequences in alignment data: 2
#	Length of sequences in alignment data: 38
#	Value of sequence identity: 0.8
#	lambda_h: 7.4
#	lambda_J: 7.4
#	Number of gradient decent iterations: 500
# The First and Second columns represent sites and the
# Third column is PLMDCA Frobenius norm, average product corrected (APC) DCA score
#======================================================================
13      18             0.030888151609847148               
13      25             0.03088815001766406                
7       27             0.03088814959308192                
1       13             0.03088814938079084                
35      36             0.030888149168499766               
36      37             0.030888149168499766               
13      27             0.030888149168499753               
3       13             0.030888148956208686               
4       13             0.030888148956208686               
20      35             0.030888148956208686               
20      37             0.030888148956208686               
1       25             0.03088814874391759                
35      38             0.030888148531626518               
37      38             0.030888148531626518               
25      27             0.03088814853162651                
3       25             0.03088814831933543                
4       25             0.03088814831933543                
1       35             0.030888148107044357               
1       37             0.030888148107044357               
35      37             0.030888148107044357               
3       38             0.03088814810704435                
4       38             0.03088814810704435                
1       27             0.03088814789475327                
3       35             0.030888147682462196               
3       37             0.030888147682462196               
4       35             0.030888147682462196               
4       37             0.030888147682462196               
3       27             0.0308881474701711                 
4       27             0.0308881474701711                 
13      14             0.03088814426541208                
18      36             0.030888143946975477               
18      20             0.03088814373468441                
7       13             0.03088814362853886                
18      38             0.030888143310102256               
14      35             0.03088814299166566                
1       14             0.030888142991665646               
7       25             0.030888142991665625               
13      36             0.030888142991665625               
14      27             0.030888142779374572               
13      20             0.03088814277937455                
3       14             0.0308881425670835                 
4       14             0.0308881425670835                 
20      36             0.030888142567083478               
3       18             0.030888142460937962               
4       18             0.030888142460937962               
1       7              0.03088814235479241                
7       35             0.03088814235479241                
7       37             0.03088814235479241                
13      38             0.03088814235479239                
36      38             0.030888142142501317               
20      25             0.03088814214250131                
3       7              0.030888141930210257               
4       7              0.030888141930210257               
20      38             0.030888141930210236               
1       36             0.03088814171791917                
25      38             0.030888141717919156               
1       20             0.03088814150562809                
27      36             0.030888141505628082               
3       36             0.03088814129333701                
4       36             0.03088814129333701                
20      27             0.030888141293337                  
25      37             0.030888141293337                  
3       20             0.030888141081045928               
4       20             0.030888141081045928               
1       38             0.03088814108104592                
27      38             0.030888140868754833               
27      35             0.03088814044417268                
27      37             0.03088814044417268                
1       3              0.030888140231881592               
1       4              0.030888140231881592               
3       4              0.030888139807299424               
14      18             0.03088813777014133                
7       14             0.030888137239413638               
7       18             0.030888137133268108               
14      36             0.030888136602540424               
14      20             0.03088813639024935                
14      25             0.03088813617795827                
18      25             0.030888136071812726               
14      38             0.030888135965667203               
7       36             0.03088813596566719                
7       20             0.030888135753376116               
14      37             0.030888135541085063               
1       18             0.03088813543493952                
18      35             0.03088813543493952                
18      37             0.03088813543493952                
7       38             0.03088813532879396                
18      27             0.03088813522264843                
25      36             0.030888134904211793               
13      35             0.030888134479629646               
13      37             0.030888134479629646               
25      35             0.030888133842756405               
2       5              0.010028379018632946               
2       12             0.010028379018632946               
2       19             0.010028379018632946               
2       23             0.010028379018632946               
2       29             0.010028379018632946               
5       11             0.010028379018632946               
5       15             0.010028379018632946               
5       21             0.010028379018632946               
5       22             0.010028379018632946               
5       26             0.010028379018632946               
5       33             0.010028379018632946               
11      12             0.010028379018632946               
11      19             0.010028379018632946               
11      23             0.010028379018632946               
11      29             0.010028379018632946               
12      15             0.010028379018632946               
12      21             0.010028379018632946               
12      22             0.010028379018632946               
12      26             0.010028379018632946               
12      33             0.010028379018632946               
15      19             0.010028379018632946               
15      23             0.010028379018632946               
15      29             0.010028379018632946               
19      21             0.010028379018632946               
19      22             0.010028379018632946               
19      26             0.010028379018632946               
19      33             0.010028379018632946               
21      23             0.010028379018632946               
21      29             0.010028379018632946               
22      23             0.010028379018632946               
22      29             0.010028379018632946               
23      26             0.010028379018632946               
23      33             0.010028379018632946               
26      29             0.010028379018632946               
29      33             0.010028379018632946               
8       9              0.01002837814115684                
8       10             0.01002837814115684                
8       16             0.01002837814115684                
8       17             0.01002837814115684                
8       24             0.01002837814115684                
8       28             0.01002837814115684                
8       30             0.01002837814115684                
8       31             0.01002837814115684                
8       32             0.01002837814115684                
8       34             0.01002837814115684                
6       8              0.010028378141156834               
6       9              0.010028378043659497               
6       10             0.010028378043659497               
6       16             0.010028378043659497               
6       17             0.010028378043659497               
6       24             0.010028378043659497               
6       28             0.010028378043659497               
6       30             0.010028378043659497               
6       31             0.010028378043659497               
6       32             0.010028378043659497               
6       34             0.010028378043659497               
9       10             0.010028378043659497               
9       16             0.010028378043659497               
9       17             0.010028378043659497               
9       24             0.010028378043659497               
9       28             0.010028378043659497               
9       30             0.010028378043659497               
9       31             0.010028378043659497               
9       32             0.010028378043659497               
9       34             0.010028378043659497               
10      16             0.010028378043659497               
10      17             0.010028378043659497               
10      24             0.010028378043659497               
10      28             0.010028378043659497               
10      30             0.010028378043659497               
10      31             0.010028378043659497               
10      32             0.010028378043659497               
10      34             0.010028378043659497               
16      17             0.010028378043659497               
16      24             0.010028378043659497               
16      28             0.010028378043659497               
16      30             0.010028378043659497               
16      31             0.010028378043659497               
16      32             0.010028378043659497               
16      34             0.010028378043659497               
17      24             0.010028378043659497               
17      28             0.010028378043659497               
17      30             0.010028378043659497               
17      31             0.010028378043659497               
17      32             0.010028378043659497               
17      34             0.010028378043659497               
24      28             0.010028378043659497               
24      30             0.010028378043659497               
24      31             0.010028378043659497               
24      32             0.010028378043659497               
24      34             0.010028378043659497               
28      30             0.010028378043659497               
28      31             0.010028378043659497               
28      32             0.010028378043659497               
28      34             0.010028378043659497               
30      31             0.010028378043659497               
30      32             0.010028378043659497               
30      34             0.010028378043659497               
31      32             0.010028378043659497               
31      34             0.010028378043659497               
32      34             0.010028378043659497               
5       12             0.010028377848664803               
5       19             0.010028377848664803               
5       23             0.010028377848664803               
5       29             0.010028377848664803               
12      19             0.010028377848664803               
12      23             0.010028377848664803               
12      29             0.010028377848664803               
19      23             0.010028377848664803               
19      29             0.010028377848664803               
23      29             0.010028377848664803               
2       11             0.010028372738020472               
2       15             0.010028372738020472               
2       21             0.010028372738020472               
2       22             0.010028372738020472               
2       26             0.010028372738020472               
2       33             0.010028372738020472               
11      15             0.010028372738020472               
11      21             0.010028372738020472               
11      22             0.010028372738020472               
11      26             0.010028372738020472               
11      33             0.010028372738020472               
15      21             0.010028372738020472               
15      22             0.010028372738020472               
15      26             0.010028372738020472               
15      33             0.010028372738020472               
21      22             0.010028372738020472               
21      26             0.010028372738020472               
21      33             0.010028372738020472               
22      26             0.010028372738020472               
22      33             0.010028372738020472               
26      33             0.010028372738020472               
8       11             0.010028371763047036               
8       15             0.010028371763047036               
8       21             0.010028371763047036               
8       22             0.010028371763047036               
8       26             0.010028371763047036               
8       33             0.010028371763047036               
2       8              0.01002837176304703                
6       11             0.0100283716655497                 
6       15             0.0100283716655497                 
6       21             0.0100283716655497                 
6       22             0.0100283716655497                 
6       26             0.0100283716655497                 
6       33             0.0100283716655497                 
9       11             0.0100283716655497                 
9       15             0.0100283716655497                 
9       21             0.0100283716655497                 
9       22             0.0100283716655497                 
9       26             0.0100283716655497                 
9       33             0.0100283716655497                 
10      11             0.0100283716655497                 
10      15             0.0100283716655497                 
10      21             0.0100283716655497                 
10      22             0.0100283716655497                 
10      26             0.0100283716655497                 
10      33             0.0100283716655497                 
16      21             0.0100283716655497                 
16      22             0.0100283716655497                 
16      26             0.0100283716655497                 
16      33             0.0100283716655497                 
17      21             0.0100283716655497                 
17      22             0.0100283716655497                 
17      26             0.0100283716655497                 
17      33             0.0100283716655497                 
24      26             0.0100283716655497                 
24      33             0.0100283716655497                 
28      33             0.0100283716655497                 
30      33             0.0100283716655497                 
31      33             0.0100283716655497                 
32      33             0.0100283716655497                 
2       6              0.010028371665549693               
2       9              0.010028371665549693               
2       10             0.010028371665549693               
2       16             0.010028371665549693               
2       17             0.010028371665549693               
2       24             0.010028371665549693               
2       28             0.010028371665549693               
2       30             0.010028371665549693               
2       31             0.010028371665549693               
2       32             0.010028371665549693               
2       34             0.010028371665549693               
11      16             0.010028371665549693               
11      17             0.010028371665549693               
11      24             0.010028371665549693               
11      28             0.010028371665549693               
11      30             0.010028371665549693               
11      31             0.010028371665549693               
11      32             0.010028371665549693               
11      34             0.010028371665549693               
15      16             0.010028371665549693               
15      17             0.010028371665549693               
15      24             0.010028371665549693               
15      28             0.010028371665549693               
15      30             0.010028371665549693               
15      31             0.010028371665549693               
15      32             0.010028371665549693               
15      34             0.010028371665549693               
21      24             0.010028371665549693               
21      28             0.010028371665549693               
21      30             0.010028371665549693               
21      31             0.010028371665549693               
21      32             0.010028371665549693               
21      34             0.010028371665549693               
22      24             0.010028371665549693               
22      28             0.010028371665549693               
22      30             0.010028371665549693               
22      31             0.010028371665549693               
22      32             0.010028371665549693               
22      34             0.010028371665549693               
26      28             0.010028371665549693               
26      30             0.010028371665549693               
26      31             0.010028371665549693               
26      32             0.010028371665549693               
26      34             0.010028371665549693               
33      34             0.010028371665549693               
5       8              0.010028370593078893               
8       12             0.010028370593078893               
8       19             0.010028370593078893               
8       23             0.010028370593078893               
8       29             0.010028370593078893               
5       6              0.010028370495581557               
5       9              0.010028370495581557               
5       10             0.010028370495581557               
5       16             0.010028370495581557               
5       17             0.010028370495581557               
5       24             0.010028370495581557               
5       28             0.010028370495581557               
5       30             0.010028370495581557               
5       31             0.010028370495581557               
5       32             0.010028370495581557               
5       34             0.010028370495581557               
12      16             0.010028370495581557               
12      17             0.010028370495581557               
12      24             0.010028370495581557               
12      28             0.010028370495581557               
12      30             0.010028370495581557               
12      31             0.010028370495581557               
12      32             0.010028370495581557               
12      34             0.010028370495581557               
19      24             0.010028370495581557               
19      28             0.010028370495581557               
19      30             0.010028370495581557               
19      31             0.010028370495581557               
19      32             0.010028370495581557               
19      34             0.010028370495581557               
23      24             0.010028370495581557               
23      28             0.010028370495581557               
23      30             0.010028370495581557               
23      31             0.010028370495581557               
23      32             0.010028370495581557               
23      34             0.010028370495581557               
29      30             0.010028370495581557               
29      31             0.010028370495581557               
29      32             0.010028370495581557               
29      34             0.010028370495581557               
6       12             0.01002837049558155                
6       19             0.01002837049558155                
6       23             0.01002837049558155                
6       29             0.01002837049558155                
9       12             0.01002837049558155                
9       19             0.01002837049558155                
9       23             0.01002837049558155                
9       29             0.01002837049558155                
10      12             0.01002837049558155                
10      19             0.01002837049558155                
10      23             0.01002837049558155                
10      29             0.01002837049558155                
16      19             0.01002837049558155                
16      23             0.01002837049558155                
16      29             0.01002837049558155                
17      19             0.01002837049558155                
17      23             0.01002837049558155                
17      29             0.01002837049558155                
24      29             0.01002837049558155                
28      29             0.01002837049558155                
14      15             -0.016597695700808983              
14      21             -0.016597695700808983              
14      22             -0.016597695700808983              
14      26             -0.016597695700808983              
14      33             -0.016597695700808983              
2       14             -0.01659769570080899               
11      14             -0.01659769570080899               
2       18             -0.016597695798306326              
11      18             -0.016597695798306326              
15      18             -0.016597695798306326              
18      21             -0.016597695798306326              
18      22             -0.016597695798306326              
18      26             -0.016597695798306326              
18      33             -0.016597695798306326              
2       7              -0.016597696285793037              
7       11             -0.016597696285793037              
7       15             -0.016597696285793037              
7       21             -0.016597696285793037              
7       22             -0.016597696285793037              
7       26             -0.016597696285793037              
7       33             -0.016597696285793037              
13      15             -0.01659769667578241               
13      21             -0.01659769667578241               
13      22             -0.01659769667578241               
13      26             -0.01659769667578241               
13      33             -0.01659769667578241               
2       13             -0.016597696675782418              
11      13             -0.016597696675782418              
8       14             -0.016597696762264358              
14      16             -0.016597696868409888              
14      17             -0.016597696868409888              
14      24             -0.016597696868409888              
14      28             -0.016597696868409888              
14      30             -0.016597696868409888              
14      31             -0.016597696868409888              
14      32             -0.016597696868409888              
14      34             -0.016597696868409888              
6       14             -0.016597696868409895              
9       14             -0.016597696868409895              
10      14             -0.016597696868409895              
2       36             -0.0165976968707771                
11      36             -0.0165976968707771                
15      36             -0.0165976968707771                
21      36             -0.0165976968707771                
22      36             -0.0165976968707771                
26      36             -0.0165976968707771                
33      36             -0.0165976968707771                
6       18             -0.01659769696590723               
9       18             -0.01659769696590723               
10      18             -0.01659769696590723               
16      18             -0.01659769696590723               
17      18             -0.01659769696590723               
18      24             -0.01659769696590723               
18      28             -0.01659769696590723               
18      30             -0.01659769696590723               
18      31             -0.01659769696590723               
18      32             -0.01659769696590723               
18      34             -0.01659769696590723               
14      19             -0.016597696974555425              
14      23             -0.016597696974555425              
14      29             -0.016597696974555425              
5       14             -0.01659769697455543               
12      14             -0.01659769697455543               
2       20             -0.01659769706577178               
11      20             -0.01659769706577178               
15      20             -0.01659769706577178               
20      21             -0.016597697065771785              
20      22             -0.016597697065771785              
20      26             -0.016597697065771785              
20      33             -0.016597697065771785              
5       18             -0.016597697072052768              
12      18             -0.016597697072052768              
18      19             -0.016597697072052775              
18      23             -0.016597697072052775              
18      29             -0.016597697072052775              
2       25             -0.016597697260766472              
11      25             -0.016597697260766472              
15      25             -0.016597697260766472              
21      25             -0.016597697260766472              
22      25             -0.016597697260766472              
25      26             -0.016597697260766472              
25      33             -0.016597697260766472              
7       8              -0.016597697347248426              
6       7              -0.016597697453393956              
7       9              -0.016597697453393956              
7       10             -0.016597697453393956              
7       16             -0.016597697453393956              
7       17             -0.016597697453393956              
7       24             -0.016597697453393956              
7       28             -0.016597697453393956              
7       30             -0.016597697453393956              
7       31             -0.016597697453393956              
7       32             -0.016597697453393956              
7       34             -0.016597697453393956              
2       38             -0.01659769745576116               
11      38             -0.01659769745576116               
15      38             -0.01659769745576116               
21      38             -0.01659769745576116               
22      38             -0.01659769745576116               
26      38             -0.01659769745576116               
33      38             -0.01659769745576116               
5       7              -0.016597697559539493              
7       12             -0.0165976975595395                
7       19             -0.0165976975595395                
7       23             -0.0165976975595395                
7       29             -0.0165976975595395                
1       2              -0.016597697845750527              
1       11             -0.016597697845750527              
1       15             -0.016597697845750527              
1       21             -0.016597697845750527              
1       22             -0.016597697845750527              
1       26             -0.016597697845750527              
1       33             -0.016597697845750527              
2       35             -0.016597697845750527              
2       37             -0.016597697845750527              
11      35             -0.016597697845750527              
11      37             -0.016597697845750527              
15      35             -0.016597697845750527              
15      37             -0.016597697845750527              
21      35             -0.016597697845750527              
21      37             -0.016597697845750527              
22      35             -0.016597697845750527              
22      37             -0.016597697845750527              
26      35             -0.016597697845750527              
26      37             -0.016597697845750527              
33      35             -0.016597697845750527              
33      37             -0.016597697845750527              
8       36             -0.016597697932232494              
5       13             -0.01659769794952888               
12      13             -0.01659769794952888               
13      19             -0.01659769794952888               
13      23             -0.01659769794952888               
13      29             -0.01659769794952888               
6       36             -0.016597698038378024              
9       36             -0.016597698038378024              
10      36             -0.016597698038378024              
16      36             -0.016597698038378024              
17      36             -0.016597698038378024              
24      36             -0.016597698038378024              
28      36             -0.016597698038378024              
30      36             -0.016597698038378024              
31      36             -0.016597698038378024              
32      36             -0.016597698038378024              
34      36             -0.016597698038378024              
27      33             -0.016597698040745214              
2       27             -0.01659769804074522               
11      27             -0.01659769804074522               
15      27             -0.01659769804074522               
21      27             -0.01659769804074522               
22      27             -0.01659769804074522               
26      27             -0.01659769804074522               
8       20             -0.016597698127227174              
5       36             -0.016597698144523568              
12      36             -0.016597698144523568              
19      36             -0.016597698144523568              
23      36             -0.016597698144523568              
29      36             -0.016597698144523568              
6       20             -0.01659769823337271               
9       20             -0.01659769823337271               
10      20             -0.01659769823337271               
16      20             -0.01659769823337271               
17      20             -0.01659769823337271               
20      24             -0.016597698233372718              
20      28             -0.016597698233372718              
20      30             -0.016597698233372718              
20      31             -0.016597698233372718              
20      32             -0.016597698233372718              
20      34             -0.016597698233372718              
2       3              -0.0165976982357399                
2       4              -0.0165976982357399                
3       11             -0.0165976982357399                
3       15             -0.0165976982357399                
3       21             -0.0165976982357399                
3       22             -0.0165976982357399                
3       26             -0.0165976982357399                
3       33             -0.0165976982357399                
4       11             -0.0165976982357399                
4       15             -0.0165976982357399                
4       21             -0.0165976982357399                
4       22             -0.0165976982357399                
4       26             -0.0165976982357399                
4       33             -0.0165976982357399                
8       25             -0.016597698322221875              
5       20             -0.016597698339518255              
12      20             -0.016597698339518255              
19      20             -0.016597698339518255              
20      23             -0.01659769833951826               
20      29             -0.01659769833951826               
6       25             -0.016597698428367412              
9       25             -0.016597698428367412              
10      25             -0.016597698428367412              
16      25             -0.016597698428367412              
17      25             -0.016597698428367412              
24      25             -0.016597698428367412              
25      28             -0.016597698428367412              
25      30             -0.016597698428367412              
25      31             -0.016597698428367412              
25      32             -0.016597698428367412              
25      34             -0.016597698428367412              
8       38             -0.016597698517216562              
5       25             -0.016597698534512956              
12      25             -0.016597698534512956              
19      25             -0.016597698534512956              
23      25             -0.016597698534512956              
25      29             -0.016597698534512956              
6       38             -0.0165976986233621                
9       38             -0.0165976986233621                
10      38             -0.0165976986233621                
16      38             -0.0165976986233621                
17      38             -0.0165976986233621                
24      38             -0.0165976986233621                
28      38             -0.0165976986233621                
30      38             -0.0165976986233621                
31      38             -0.0165976986233621                
32      38             -0.0165976986233621                
34      38             -0.0165976986233621                
5       38             -0.016597698729507643              
12      38             -0.016597698729507643              
19      38             -0.016597698729507643              
23      38             -0.016597698729507643              
29      38             -0.016597698729507643              
8       35             -0.016597698907205936              
8       37             -0.016597698907205936              
1       8              -0.016597698907205943              
1       6              -0.016597699013351473              
1       9              -0.016597699013351473              
1       10             -0.016597699013351473              
1       16             -0.016597699013351473              
1       17             -0.016597699013351473              
1       24             -0.016597699013351473              
1       28             -0.016597699013351473              
1       30             -0.016597699013351473              
1       31             -0.016597699013351473              
1       32             -0.016597699013351473              
1       34             -0.016597699013351473              
6       35             -0.016597699013351473              
6       37             -0.016597699013351473              
9       35             -0.016597699013351473              
9       37             -0.016597699013351473              
10      35             -0.016597699013351473              
10      37             -0.016597699013351473              
16      35             -0.016597699013351473              
16      37             -0.016597699013351473              
17      35             -0.016597699013351473              
17      37             -0.016597699013351473              
24      35             -0.016597699013351473              
24      37             -0.016597699013351473              
28      35             -0.016597699013351473              
28      37             -0.016597699013351473              
30      35             -0.016597699013351473              
30      37             -0.016597699013351473              
31      35             -0.016597699013351473              
31      37             -0.016597699013351473              
32      35             -0.016597699013351473              
32      37             -0.016597699013351473              
34      35             -0.016597699013351473              
34      37             -0.016597699013351473              
8       27             -0.01659769910220063               
1       5              -0.016597699119497017              
1       12             -0.016597699119497017              
1       19             -0.016597699119497017              
1       23             -0.016597699119497017              
1       29             -0.016597699119497017              
5       35             -0.016597699119497017              
5       37             -0.016597699119497017              
12      35             -0.016597699119497017              
12      37             -0.016597699119497017              
19      35             -0.016597699119497017              
19      37             -0.016597699119497017              
23      35             -0.016597699119497017              
23      37             -0.016597699119497017              
29      35             -0.016597699119497017              
29      37             -0.016597699119497017              
6       27             -0.016597699208346167              
9       27             -0.016597699208346167              
10      27             -0.016597699208346167              
16      27             -0.016597699208346167              
17      27             -0.016597699208346167              
24      27             -0.016597699208346167              
27      28             -0.016597699208346167              
27      30             -0.016597699208346167              
27      31             -0.016597699208346167              
27      32             -0.016597699208346167              
27      34             -0.016597699208346167              
3       8              -0.016597699297195324              
4       8              -0.016597699297195324              
5       27             -0.01659769931449171               
12      27             -0.01659769931449171               
19      27             -0.01659769931449171               
23      27             -0.01659769931449171               
27      29             -0.01659769931449171               
3       6              -0.016597699403340854              
3       9              -0.016597699403340854              
3       10             -0.016597699403340854              
3       16             -0.016597699403340854              
3       17             -0.016597699403340854              
3       24             -0.016597699403340854              
3       28             -0.016597699403340854              
3       30             -0.016597699403340854              
3       31             -0.016597699403340854              
3       32             -0.016597699403340854              
3       34             -0.016597699403340854              
4       6              -0.016597699403340854              
4       9              -0.016597699403340854              
4       10             -0.016597699403340854              
4       16             -0.016597699403340854              
4       17             -0.016597699403340854              
4       24             -0.016597699403340854              
4       28             -0.016597699403340854              
4       30             -0.016597699403340854              
4       31             -0.016597699403340854              
4       32             -0.016597699403340854              
4       34             -0.016597699403340854              
3       5              -0.016597699509486405              
3       12             -0.016597699509486405              
3       19             -0.016597699509486405              
3       23             -0.016597699509486405              
3       29             -0.016597699509486405              
4       5              -0.016597699509486405              
4       12             -0.016597699509486405              
4       19             -0.016597699509486405              
4       23             -0.016597699509486405              
4       29             -0.016597699509486405              
8       18             -0.016597700585051993              
8       13             -0.016597701462528106              
6       13             -0.016597701568673635              
9       13             -0.016597701568673635              
10      13             -0.016597701568673635              
13      16             -0.016597701568673635              
13      17             -0.016597701568673635              
13      24             -0.016597701568673635              
13      28             -0.016597701568673635              
13      30             -0.016597701568673635              
13      31             -0.016597701568673635              
13      32             -0.016597701568673635              
13      34             -0.016597701568673635              
