#======================================================================
# PARAMETERS USED FOR THIS COMPUTATION: 
#	Sequence type: RNA
#	Total number of sequences in alignment data: 2
#	Length of sequences in alignment data: 35
#	Value of sequence identity: 0.8
#	lambda_h: 6.800000000000001
#	lambda_J: 6.800000000000001
#	Number of gradient decent iterations: 500
# The First and Second columns represent sites and the
# Third column is PLMDCA Frobenius norm, average product corrected (APC) DCA score
#======================================================================
1       5              2.7999949487871045e-05             
1       7              2.7999949487871045e-05             
1       12             2.7999949487871045e-05             
1       14             2.7999949487871045e-05             
1       17             2.7999949487871045e-05             
1       18             2.7999949487871045e-05             
2       5              2.7999949487871045e-05             
2       7              2.7999949487871045e-05             
2       12             2.7999949487871045e-05             
2       14             2.7999949487871045e-05             
2       17             2.7999949487871045e-05             
2       18             2.7999949487871045e-05             
4       5              2.7999949487871045e-05             
4       7              2.7999949487871045e-05             
4       12             2.7999949487871045e-05             
4       14             2.7999949487871045e-05             
4       17             2.7999949487871045e-05             
4       18             2.7999949487871045e-05             
5       6              2.7999949487871045e-05             
5       9              2.7999949487871045e-05             
5       10             2.7999949487871045e-05             
5       15             2.7999949487871045e-05             
5       20             2.7999949487871045e-05             
5       21             2.7999949487871045e-05             
5       24             2.7999949487871045e-05             
5       27             2.7999949487871045e-05             
5       28             2.7999949487871045e-05             
5       33             2.7999949487871045e-05             
6       7              2.7999949487871045e-05             
6       12             2.7999949487871045e-05             
6       14             2.7999949487871045e-05             
6       17             2.7999949487871045e-05             
6       18             2.7999949487871045e-05             
7       9              2.7999949487871045e-05             
7       10             2.7999949487871045e-05             
7       15             2.7999949487871045e-05             
7       20             2.7999949487871045e-05             
7       21             2.7999949487871045e-05             
7       24             2.7999949487871045e-05             
7       27             2.7999949487871045e-05             
7       28             2.7999949487871045e-05             
7       33             2.7999949487871045e-05             
9       12             2.7999949487871045e-05             
9       14             2.7999949487871045e-05             
9       17             2.7999949487871045e-05             
9       18             2.7999949487871045e-05             
10      12             2.7999949487871045e-05             
10      14             2.7999949487871045e-05             
10      17             2.7999949487871045e-05             
10      18             2.7999949487871045e-05             
12      15             2.7999949487871045e-05             
12      20             2.7999949487871045e-05             
12      21             2.7999949487871045e-05             
12      24             2.7999949487871045e-05             
12      27             2.7999949487871045e-05             
12      28             2.7999949487871045e-05             
12      33             2.7999949487871045e-05             
14      15             2.7999949487871045e-05             
14      20             2.7999949487871045e-05             
14      21             2.7999949487871045e-05             
14      24             2.7999949487871045e-05             
14      27             2.7999949487871045e-05             
14      28             2.7999949487871045e-05             
14      33             2.7999949487871045e-05             
15      17             2.7999949487871045e-05             
15      18             2.7999949487871045e-05             
17      20             2.7999949487871045e-05             
17      21             2.7999949487871045e-05             
17      24             2.7999949487871045e-05             
17      27             2.7999949487871045e-05             
17      28             2.7999949487871045e-05             
17      33             2.7999949487871045e-05             
18      20             2.7999949487871045e-05             
18      21             2.7999949487871045e-05             
18      24             2.7999949487871045e-05             
18      27             2.7999949487871045e-05             
18      28             2.7999949487871045e-05             
18      33             2.7999949487871045e-05             
3       8              2.7999117254019767e-05             
3       11             2.7999117254019767e-05             
3       13             2.7999117254019767e-05             
3       16             2.7999117254019767e-05             
3       19             2.7999117254019767e-05             
3       22             2.7999117254019767e-05             
3       23             2.7999117254019767e-05             
3       25             2.7999117254019767e-05             
3       26             2.7999117254019767e-05             
3       29             2.7999117254019767e-05             
3       30             2.7999117254019767e-05             
3       31             2.7999117254019767e-05             
3       32             2.7999117254019767e-05             
3       34             2.7999117254019767e-05             
8       11             2.7999117254019767e-05             
8       13             2.7999117254019767e-05             
8       16             2.7999117254019767e-05             
8       19             2.7999117254019767e-05             
8       22             2.7999117254019767e-05             
8       23             2.7999117254019767e-05             
8       25             2.7999117254019767e-05             
8       26             2.7999117254019767e-05             
8       29             2.7999117254019767e-05             
8       30             2.7999117254019767e-05             
8       31             2.7999117254019767e-05             
8       32             2.7999117254019767e-05             
8       34             2.7999117254019767e-05             
11      13             2.7999117254019767e-05             
11      16             2.7999117254019767e-05             
11      19             2.7999117254019767e-05             
11      22             2.7999117254019767e-05             
11      23             2.7999117254019767e-05             
11      25             2.7999117254019767e-05             
11      26             2.7999117254019767e-05             
11      29             2.7999117254019767e-05             
11      30             2.7999117254019767e-05             
11      31             2.7999117254019767e-05             
11      32             2.7999117254019767e-05             
11      34             2.7999117254019767e-05             
13      16             2.7999117254019767e-05             
13      19             2.7999117254019767e-05             
13      22             2.7999117254019767e-05             
13      23             2.7999117254019767e-05             
13      25             2.7999117254019767e-05             
13      26             2.7999117254019767e-05             
13      29             2.7999117254019767e-05             
13      30             2.7999117254019767e-05             
13      31             2.7999117254019767e-05             
13      32             2.7999117254019767e-05             
13      34             2.7999117254019767e-05             
16      19             2.7999117254019767e-05             
16      22             2.7999117254019767e-05             
16      23             2.7999117254019767e-05             
16      25             2.7999117254019767e-05             
16      26             2.7999117254019767e-05             
16      29             2.7999117254019767e-05             
16      30             2.7999117254019767e-05             
16      31             2.7999117254019767e-05             
16      32             2.7999117254019767e-05             
16      34             2.7999117254019767e-05             
19      22             2.7999117254019767e-05             
19      23             2.7999117254019767e-05             
19      25             2.7999117254019767e-05             
19      26             2.7999117254019767e-05             
19      29             2.7999117254019767e-05             
19      30             2.7999117254019767e-05             
19      31             2.7999117254019767e-05             
19      32             2.7999117254019767e-05             
19      34             2.7999117254019767e-05             
22      23             2.7999117254019767e-05             
22      25             2.7999117254019767e-05             
22      26             2.7999117254019767e-05             
22      29             2.7999117254019767e-05             
22      30             2.7999117254019767e-05             
22      31             2.7999117254019767e-05             
22      32             2.7999117254019767e-05             
22      34             2.7999117254019767e-05             
23      25             2.7999117254019767e-05             
23      26             2.7999117254019767e-05             
23      29             2.7999117254019767e-05             
23      30             2.7999117254019767e-05             
23      31             2.7999117254019767e-05             
23      32             2.7999117254019767e-05             
23      34             2.7999117254019767e-05             
25      26             2.7999117254019767e-05             
25      29             2.7999117254019767e-05             
25      30             2.7999117254019767e-05             
25      31             2.7999117254019767e-05             
25      32             2.7999117254019767e-05             
25      34             2.7999117254019767e-05             
26      29             2.7999117254019767e-05             
26      30             2.7999117254019767e-05             
26      31             2.7999117254019767e-05             
26      32             2.7999117254019767e-05             
26      34             2.7999117254019767e-05             
29      30             2.7999117254019767e-05             
29      31             2.7999117254019767e-05             
29      32             2.7999117254019767e-05             
29      34             2.7999117254019767e-05             
30      31             2.7999117254019767e-05             
30      32             2.7999117254019767e-05             
30      34             2.7999117254019767e-05             
31      32             2.7999117254019767e-05             
31      34             2.7999117254019767e-05             
32      34             2.7999117254019767e-05             
5       7              2.7998736857846873e-05             
5       12             2.7998736857846873e-05             
5       14             2.7998736857846873e-05             
5       17             2.7998736857846873e-05             
5       18             2.7998736857846873e-05             
7       12             2.7998736857846873e-05             
7       14             2.7998736857846873e-05             
7       17             2.7998736857846873e-05             
7       18             2.7998736857846873e-05             
12      14             2.7998736857846873e-05             
12      17             2.7998736857846873e-05             
12      18             2.7998736857846873e-05             
14      17             2.7998736857846873e-05             
14      18             2.7998736857846873e-05             
17      18             2.7998736857846873e-05             
1       3              2.7998277040641728e-05             
1       8              2.7998277040641728e-05             
1       11             2.7998277040641728e-05             
1       13             2.7998277040641728e-05             
1       16             2.7998277040641728e-05             
1       19             2.7998277040641728e-05             
1       22             2.7998277040641728e-05             
1       23             2.7998277040641728e-05             
1       25             2.7998277040641728e-05             
1       26             2.7998277040641728e-05             
1       29             2.7998277040641728e-05             
1       30             2.7998277040641728e-05             
1       31             2.7998277040641728e-05             
1       32             2.7998277040641728e-05             
1       34             2.7998277040641728e-05             
2       3              2.7998277040641728e-05             
2       8              2.7998277040641728e-05             
2       11             2.7998277040641728e-05             
2       13             2.7998277040641728e-05             
2       16             2.7998277040641728e-05             
2       19             2.7998277040641728e-05             
2       22             2.7998277040641728e-05             
2       23             2.7998277040641728e-05             
2       25             2.7998277040641728e-05             
2       26             2.7998277040641728e-05             
2       29             2.7998277040641728e-05             
2       30             2.7998277040641728e-05             
2       31             2.7998277040641728e-05             
2       32             2.7998277040641728e-05             
2       34             2.7998277040641728e-05             
3       4              2.7998277040641728e-05             
3       6              2.7998277040641728e-05             
3       9              2.7998277040641728e-05             
3       10             2.7998277040641728e-05             
3       15             2.7998277040641728e-05             
3       20             2.7998277040641728e-05             
3       21             2.7998277040641728e-05             
3       24             2.7998277040641728e-05             
3       27             2.7998277040641728e-05             
3       28             2.7998277040641728e-05             
3       33             2.7998277040641728e-05             
4       8              2.7998277040641728e-05             
4       11             2.7998277040641728e-05             
4       13             2.7998277040641728e-05             
4       16             2.7998277040641728e-05             
4       19             2.7998277040641728e-05             
4       22             2.7998277040641728e-05             
4       23             2.7998277040641728e-05             
4       25             2.7998277040641728e-05             
4       26             2.7998277040641728e-05             
4       29             2.7998277040641728e-05             
4       30             2.7998277040641728e-05             
4       31             2.7998277040641728e-05             
4       32             2.7998277040641728e-05             
4       34             2.7998277040641728e-05             
6       8              2.7998277040641728e-05             
6       11             2.7998277040641728e-05             
6       13             2.7998277040641728e-05             
6       16             2.7998277040641728e-05             
6       19             2.7998277040641728e-05             
6       22             2.7998277040641728e-05             
6       23             2.7998277040641728e-05             
6       25             2.7998277040641728e-05             
6       26             2.7998277040641728e-05             
6       29             2.7998277040641728e-05             
6       30             2.7998277040641728e-05             
6       31             2.7998277040641728e-05             
6       32             2.7998277040641728e-05             
6       34             2.7998277040641728e-05             
8       9              2.7998277040641728e-05             
8       10             2.7998277040641728e-05             
8       15             2.7998277040641728e-05             
8       20             2.7998277040641728e-05             
8       21             2.7998277040641728e-05             
8       24             2.7998277040641728e-05             
8       27             2.7998277040641728e-05             
8       28             2.7998277040641728e-05             
8       33             2.7998277040641728e-05             
9       11             2.7998277040641728e-05             
9       13             2.7998277040641728e-05             
9       16             2.7998277040641728e-05             
9       19             2.7998277040641728e-05             
9       22             2.7998277040641728e-05             
9       23             2.7998277040641728e-05             
9       25             2.7998277040641728e-05             
9       26             2.7998277040641728e-05             
9       29             2.7998277040641728e-05             
9       30             2.7998277040641728e-05             
9       31             2.7998277040641728e-05             
9       32             2.7998277040641728e-05             
9       34             2.7998277040641728e-05             
10      11             2.7998277040641728e-05             
10      13             2.7998277040641728e-05             
10      16             2.7998277040641728e-05             
10      19             2.7998277040641728e-05             
10      22             2.7998277040641728e-05             
10      23             2.7998277040641728e-05             
10      25             2.7998277040641728e-05             
10      26             2.7998277040641728e-05             
10      29             2.7998277040641728e-05             
10      30             2.7998277040641728e-05             
10      31             2.7998277040641728e-05             
10      32             2.7998277040641728e-05             
10      34             2.7998277040641728e-05             
11      15             2.7998277040641728e-05             
11      20             2.7998277040641728e-05             
11      21             2.7998277040641728e-05             
11      24             2.7998277040641728e-05             
11      27             2.7998277040641728e-05             
11      28             2.7998277040641728e-05             
11      33             2.7998277040641728e-05             
13      15             2.7998277040641728e-05             
13      20             2.7998277040641728e-05             
13      21             2.7998277040641728e-05             
13      24             2.7998277040641728e-05             
13      27             2.7998277040641728e-05             
13      28             2.7998277040641728e-05             
13      33             2.7998277040641728e-05             
15      16             2.7998277040641728e-05             
15      19             2.7998277040641728e-05             
15      22             2.7998277040641728e-05             
15      23             2.7998277040641728e-05             
15      25             2.7998277040641728e-05             
15      26             2.7998277040641728e-05             
15      29             2.7998277040641728e-05             
15      30             2.7998277040641728e-05             
15      31             2.7998277040641728e-05             
15      32             2.7998277040641728e-05             
15      34             2.7998277040641728e-05             
16      20             2.7998277040641728e-05             
16      21             2.7998277040641728e-05             
16      24             2.7998277040641728e-05             
16      27             2.7998277040641728e-05             
16      28             2.7998277040641728e-05             
16      33             2.7998277040641728e-05             
19      20             2.7998277040641728e-05             
19      21             2.7998277040641728e-05             
19      24             2.7998277040641728e-05             
19      27             2.7998277040641728e-05             
19      28             2.7998277040641728e-05             
19      33             2.7998277040641728e-05             
20      22             2.7998277040641728e-05             
20      23             2.7998277040641728e-05             
20      25             2.7998277040641728e-05             
20      26             2.7998277040641728e-05             
20      29             2.7998277040641728e-05             
20      30             2.7998277040641728e-05             
20      31             2.7998277040641728e-05             
20      32             2.7998277040641728e-05             
20      34             2.7998277040641728e-05             
21      22             2.7998277040641728e-05             
21      23             2.7998277040641728e-05             
21      25             2.7998277040641728e-05             
21      26             2.7998277040641728e-05             
21      29             2.7998277040641728e-05             
21      30             2.7998277040641728e-05             
21      31             2.7998277040641728e-05             
21      32             2.7998277040641728e-05             
21      34             2.7998277040641728e-05             
22      24             2.7998277040641728e-05             
22      27             2.7998277040641728e-05             
22      28             2.7998277040641728e-05             
22      33             2.7998277040641728e-05             
23      24             2.7998277040641728e-05             
23      27             2.7998277040641728e-05             
23      28             2.7998277040641728e-05             
23      33             2.7998277040641728e-05             
24      25             2.7998277040641728e-05             
24      26             2.7998277040641728e-05             
24      29             2.7998277040641728e-05             
24      30             2.7998277040641728e-05             
24      31             2.7998277040641728e-05             
24      32             2.7998277040641728e-05             
24      34             2.7998277040641728e-05             
25      27             2.7998277040641728e-05             
25      28             2.7998277040641728e-05             
25      33             2.7998277040641728e-05             
26      27             2.7998277040641728e-05             
26      28             2.7998277040641728e-05             
26      33             2.7998277040641728e-05             
27      29             2.7998277040641728e-05             
27      30             2.7998277040641728e-05             
27      31             2.7998277040641728e-05             
27      32             2.7998277040641728e-05             
27      34             2.7998277040641728e-05             
28      29             2.7998277040641728e-05             
28      30             2.7998277040641728e-05             
28      31             2.7998277040641728e-05             
28      32             2.7998277040641728e-05             
28      34             2.7998277040641728e-05             
29      33             2.7998277040641728e-05             
30      33             2.7998277040641728e-05             
31      33             2.7998277040641728e-05             
32      33             2.7998277040641728e-05             
33      34             2.7998277040641728e-05             
1       2              2.7997436827083277e-05             
1       4              2.7997436827083277e-05             
1       6              2.7997436827083277e-05             
1       9              2.7997436827083277e-05             
1       10             2.7997436827083277e-05             
1       15             2.7997436827083277e-05             
1       20             2.7997436827083277e-05             
1       21             2.7997436827083277e-05             
1       24             2.7997436827083277e-05             
1       27             2.7997436827083277e-05             
1       28             2.7997436827083277e-05             
1       33             2.7997436827083277e-05             
2       4              2.7997436827083277e-05             
2       6              2.7997436827083277e-05             
2       9              2.7997436827083277e-05             
2       10             2.7997436827083277e-05             
2       15             2.7997436827083277e-05             
2       20             2.7997436827083277e-05             
2       21             2.7997436827083277e-05             
2       24             2.7997436827083277e-05             
2       27             2.7997436827083277e-05             
2       28             2.7997436827083277e-05             
2       33             2.7997436827083277e-05             
4       6              2.7997436827083277e-05             
4       9              2.7997436827083277e-05             
4       10             2.7997436827083277e-05             
4       15             2.7997436827083277e-05             
4       20             2.7997436827083277e-05             
4       21             2.7997436827083277e-05             
4       24             2.7997436827083277e-05             
4       27             2.7997436827083277e-05             
4       28             2.7997436827083277e-05             
4       33             2.7997436827083277e-05             
6       9              2.7997436827083277e-05             
6       10             2.7997436827083277e-05             
6       15             2.7997436827083277e-05             
6       20             2.7997436827083277e-05             
6       21             2.7997436827083277e-05             
6       24             2.7997436827083277e-05             
6       27             2.7997436827083277e-05             
6       28             2.7997436827083277e-05             
6       33             2.7997436827083277e-05             
9       10             2.7997436827083277e-05             
9       15             2.7997436827083277e-05             
9       20             2.7997436827083277e-05             
9       21             2.7997436827083277e-05             
9       24             2.7997436827083277e-05             
9       27             2.7997436827083277e-05             
9       28             2.7997436827083277e-05             
9       33             2.7997436827083277e-05             
10      15             2.7997436827083277e-05             
10      20             2.7997436827083277e-05             
10      21             2.7997436827083277e-05             
10      24             2.7997436827083277e-05             
10      27             2.7997436827083277e-05             
10      28             2.7997436827083277e-05             
10      33             2.7997436827083277e-05             
15      20             2.7997436827083277e-05             
15      21             2.7997436827083277e-05             
15      24             2.7997436827083277e-05             
15      27             2.7997436827083277e-05             
15      28             2.7997436827083277e-05             
15      33             2.7997436827083277e-05             
20      21             2.7997436827083277e-05             
20      24             2.7997436827083277e-05             
20      27             2.7997436827083277e-05             
20      28             2.7997436827083277e-05             
20      33             2.7997436827083277e-05             
21      24             2.7997436827083277e-05             
21      27             2.7997436827083277e-05             
21      28             2.7997436827083277e-05             
21      33             2.7997436827083277e-05             
24      27             2.7997436827083277e-05             
24      28             2.7997436827083277e-05             
24      33             2.7997436827083277e-05             
27      28             2.7997436827083277e-05             
27      33             2.7997436827083277e-05             
28      33             2.7997436827083277e-05             
3       5              2.799706441083266e-05              
3       7              2.799706441083266e-05              
3       12             2.799706441083266e-05              
3       14             2.799706441083266e-05              
3       17             2.799706441083266e-05              
3       18             2.799706441083266e-05              
8       12             2.799706441083266e-05              
8       14             2.799706441083266e-05              
8       17             2.799706441083266e-05              
8       18             2.799706441083266e-05              
11      12             2.799706441083266e-05              
11      14             2.799706441083266e-05              
11      17             2.799706441083266e-05              
11      18             2.799706441083266e-05              
13      14             2.799706441083266e-05              
13      17             2.799706441083266e-05              
13      18             2.799706441083266e-05              
16      17             2.799706441083266e-05              
16      18             2.799706441083266e-05              
5       8              2.7997064410825723e-05             
5       11             2.7997064410825723e-05             
5       13             2.7997064410825723e-05             
5       16             2.7997064410825723e-05             
5       19             2.7997064410825723e-05             
5       22             2.7997064410825723e-05             
5       23             2.7997064410825723e-05             
5       25             2.7997064410825723e-05             
5       26             2.7997064410825723e-05             
5       29             2.7997064410825723e-05             
5       30             2.7997064410825723e-05             
5       31             2.7997064410825723e-05             
5       32             2.7997064410825723e-05             
5       34             2.7997064410825723e-05             
7       8              2.7997064410825723e-05             
7       11             2.7997064410825723e-05             
7       13             2.7997064410825723e-05             
7       16             2.7997064410825723e-05             
7       19             2.7997064410825723e-05             
7       22             2.7997064410825723e-05             
7       23             2.7997064410825723e-05             
7       25             2.7997064410825723e-05             
7       26             2.7997064410825723e-05             
7       29             2.7997064410825723e-05             
7       30             2.7997064410825723e-05             
7       31             2.7997064410825723e-05             
7       32             2.7997064410825723e-05             
7       34             2.7997064410825723e-05             
12      13             2.7997064410825723e-05             
12      16             2.7997064410825723e-05             
12      19             2.7997064410825723e-05             
12      22             2.7997064410825723e-05             
12      23             2.7997064410825723e-05             
12      25             2.7997064410825723e-05             
12      26             2.7997064410825723e-05             
12      29             2.7997064410825723e-05             
12      30             2.7997064410825723e-05             
12      31             2.7997064410825723e-05             
12      32             2.7997064410825723e-05             
12      34             2.7997064410825723e-05             
14      16             2.7997064410825723e-05             
14      19             2.7997064410825723e-05             
14      22             2.7997064410825723e-05             
14      23             2.7997064410825723e-05             
14      25             2.7997064410825723e-05             
14      26             2.7997064410825723e-05             
14      29             2.7997064410825723e-05             
14      30             2.7997064410825723e-05             
14      31             2.7997064410825723e-05             
14      32             2.7997064410825723e-05             
14      34             2.7997064410825723e-05             
17      19             2.7997064410825723e-05             
17      22             2.7997064410825723e-05             
17      23             2.7997064410825723e-05             
17      25             2.7997064410825723e-05             
17      26             2.7997064410825723e-05             
17      29             2.7997064410825723e-05             
17      30             2.7997064410825723e-05             
17      31             2.7997064410825723e-05             
17      32             2.7997064410825723e-05             
17      34             2.7997064410825723e-05             
18      19             2.7997064410825723e-05             
18      22             2.7997064410825723e-05             
18      23             2.7997064410825723e-05             
18      25             2.7997064410825723e-05             
18      26             2.7997064410825723e-05             
18      29             2.7997064410825723e-05             
18      30             2.7997064410825723e-05             
18      31             2.7997064410825723e-05             
18      32             2.7997064410825723e-05             
18      34             2.7997064410825723e-05             
1       35             -0.0003314143792287165             
2       35             -0.0003314143792287165             
4       35             -0.0003314143792287165             
6       35             -0.0003314143792287165             
9       35             -0.0003314143792287165             
10      35             -0.0003314143792287165             
15      35             -0.0003314143792287165             
20      35             -0.0003314143792287165             
21      35             -0.0003314143792287165             
24      35             -0.0003314143792287165             
27      35             -0.0003314143792287165             
28      35             -0.0003314143792287165             
33      35             -0.0003314143792287165             
5       35             -0.0003314152784682882             
7       35             -0.0003314152784682882             
12      35             -0.0003314152784682882             
14      35             -0.0003314152784682882             
17      35             -0.0003314152784682882             
18      35             -0.0003314152784682882             
3       35             -0.0003314159929141691             
8       35             -0.0003314159929141691             
11      35             -0.0003314159929141691             
13      35             -0.0003314159929141691             
16      35             -0.0003314159929141691             
19      35             -0.0003314159929141691             
22      35             -0.0003314159929141691             
23      35             -0.0003314159929141691             
25      35             -0.0003314159929141691             
26      35             -0.0003314159929141691             
29      35             -0.0003314159929141691             
30      35             -0.0003314159929141691             
31      35             -0.0003314159929141691             
32      35             -0.0003314159929141691             
34      35             -0.0003314159929141691             
