#======================================================================
# PARAMETERS USED FOR THIS COMPUTATION: 
#	Sequence type: RNA
#	Total number of sequences in alignment data: 2
#	Length of sequences in alignment data: 33
#	Value of sequence identity: 0.8
#	lambda_h: 6.4
#	lambda_J: 6.4
#	Number of gradient decent iterations: 500
# The First and Second columns represent sites and the
# Third column is PLMDCA Frobenius norm, average product corrected (APC) DCA score
#======================================================================
1       2              3.305107160473525e-05              
1       3              3.305107160473525e-05              
1       10             3.305107160473525e-05              
2       3              3.305107160473525e-05              
2       10             3.305107160473525e-05              
3       10             3.305107160473525e-05              
5       10             3.305095362642757e-05              
1       5              3.305095362642063e-05              
2       5              3.305095362642063e-05              
3       5              3.305095362642063e-05              
1       8              3.305071766982609e-05              
1       9              3.305071766982609e-05              
2       8              3.305071766982609e-05              
2       9              3.305071766982609e-05              
3       8              3.305071766982609e-05              
3       9              3.305071766982609e-05              
8       10             3.305071766981915e-05              
9       10             3.305071766981915e-05              
30      32             3.3050699722141086e-05             
5       8              3.305059969151841e-05              
5       9              3.305059969151841e-05              
27      32             3.3050581743847285e-05             
28      32             3.3050581743847285e-05             
1       13             3.305048171321767e-05              
1       18             3.305048171321767e-05              
2       13             3.305048171321767e-05              
2       18             3.305048171321767e-05              
3       13             3.305048171321767e-05              
3       18             3.305048171321767e-05              
10      13             3.305048171321767e-05              
27      30             3.3050463765546545e-05             
28      30             3.3050463765546545e-05             
5       13             3.305036373490999e-05              
5       18             3.305036373490999e-05              
8       9              3.305036373490999e-05              
27      28             3.3050345787252744e-05             
22      32             3.305022780895894e-05              
23      32             3.305022780895894e-05              
8       13             3.3050127778301575e-05             
8       18             3.3050127778301575e-05             
9       13             3.3050127778301575e-05             
9       18             3.3050127778301575e-05             
1       17             3.3050127778294636e-05             
2       17             3.3050127778294636e-05             
3       17             3.3050127778294636e-05             
10      17             3.3050127778294636e-05             
19      32             3.305010983066514e-05              
20      32             3.305010983066514e-05              
22      30             3.30501098306582e-05               
23      30             3.30501098306582e-05               
1       26             3.3050009799993896e-05             
2       26             3.3050009799993896e-05             
3       26             3.3050009799993896e-05             
5       17             3.305000979998696e-05              
22      27             3.30499918523644e-05               
22      28             3.30499918523644e-05               
23      27             3.30499918523644e-05               
23      28             3.30499918523644e-05               
19      30             3.304999185235746e-05              
20      30             3.304999185235746e-05              
1       21             3.304989182168622e-05              
2       21             3.304989182168622e-05              
3       21             3.304989182168622e-05              
5       26             3.304989182168622e-05              
10      21             3.304989182168622e-05              
13      18             3.304989182168622e-05              
14      32             3.30498738740706e-05               
15      32             3.30498738740706e-05               
16      32             3.30498738740706e-05               
19      27             3.304987387406366e-05              
19      28             3.304987387406366e-05              
20      27             3.304987387406366e-05              
20      28             3.304987387406366e-05              
5       21             3.304977384337854e-05              
8       17             3.304977384337854e-05              
9       17             3.304977384337854e-05              
11      32             3.30497558957768e-05               
12      32             3.30497558957768e-05               
14      30             3.304975589576986e-05              
15      30             3.304975589576986e-05              
16      30             3.304975589576986e-05              
1       24             3.30496558650778e-05               
1       25             3.30496558650778e-05               
1       31             3.30496558650778e-05               
2       24             3.30496558650778e-05               
2       25             3.30496558650778e-05               
2       31             3.30496558650778e-05               
3       24             3.30496558650778e-05               
3       25             3.30496558650778e-05               
3       31             3.30496558650778e-05               
8       26             3.30496558650778e-05               
9       26             3.30496558650778e-05               
10      24             3.30496558650778e-05               
10      25             3.30496558650778e-05               
14      27             3.304963791747606e-05              
14      28             3.304963791747606e-05              
15      27             3.304963791747606e-05              
15      28             3.304963791747606e-05              
16      27             3.304963791747606e-05              
16      28             3.304963791747606e-05              
11      30             3.304963791746912e-05              
12      30             3.304963791746912e-05              
22      23             3.304963791746218e-05              
5       24             3.304953788677012e-05              
5       25             3.304953788677012e-05              
5       31             3.304953788677012e-05              
17      18             3.304953788677012e-05              
8       21             3.304953788676318e-05              
9       21             3.304953788676318e-05              
13      17             3.304953788676318e-05              
6       10             3.3049528913066395e-05             
7       10             3.3049528913066395e-05             
11      27             3.304951993917532e-05              
11      28             3.304951993917532e-05              
12      27             3.304951993917532e-05              
12      28             3.304951993917532e-05              
19      22             3.304951993916838e-05              
19      23             3.304951993916838e-05              
20      22             3.304951993916838e-05              
20      23             3.304951993916838e-05              
1       29             3.304941990847632e-05              
2       29             3.304941990847632e-05              
3       29             3.304941990847632e-05              
10      29             3.304941990847632e-05              
13      26             3.304941990846244e-05              
30      31             3.304941093485586e-05              
14      18             3.304941093479341e-05              
15      18             3.304941093479341e-05              
16      18             3.304941093479341e-05              
4       10             3.3049410934758716e-05             
6       32             3.304940196088846e-05              
7       32             3.304940196088846e-05              
19      20             3.304940196087458e-05              
5       29             3.304930193016864e-05              
8       24             3.304930193015476e-05              
8       25             3.304930193015476e-05              
8       31             3.304930193015476e-05              
9       24             3.304930193015476e-05              
9       25             3.304930193015476e-05              
9       31             3.304930193015476e-05              
13      21             3.304930193014782e-05              
18      21             3.304930193014782e-05              
27      31             3.304929295654818e-05              
28      31             3.304929295654818e-05              
22      26             3.3049292956520426e-05             
23      26             3.3049292956520426e-05             
11      13             3.304929295648573e-05              
11      18             3.304929295648573e-05              
12      13             3.304929295648573e-05              
12      18             3.304929295648573e-05              
4       5              3.3049292956457976e-05             
4       32             3.304928398259466e-05              
6       30             3.304928398258078e-05              
7       30             3.304928398258078e-05              
14      22             3.304928398257384e-05              
14      23             3.304928398257384e-05              
15      22             3.304928398257384e-05              
15      23             3.304928398257384e-05              
16      22             3.304928398257384e-05              
16      23             3.304928398257384e-05              
19      26             3.304917497821275e-05              
20      26             3.304917497821275e-05              
6       8              3.3049174978171114e-05             
6       9              3.3049174978171114e-05             
7       8              3.3049174978171114e-05             
7       9              3.3049174978171114e-05             
4       30             3.304916600428698e-05              
6       27             3.304916600428698e-05              
6       28             3.304916600428698e-05              
7       27             3.304916600428698e-05              
7       28             3.304916600428698e-05              
11      22             3.304916600428004e-05              
11      23             3.304916600428004e-05              
12      22             3.304916600428004e-05              
12      23             3.304916600428004e-05              
14      19             3.304916600428004e-05              
14      20             3.304916600428004e-05              
15      19             3.304916600428004e-05              
15      20             3.304916600428004e-05              
16      19             3.304916600428004e-05              
16      20             3.304916600428004e-05              
8       29             3.304906597355328e-05              
9       29             3.304906597355328e-05              
13      24             3.3049065973539404e-05             
13      25             3.3049065973539404e-05             
13      31             3.3049065973539404e-05             
17      26             3.3049065973539404e-05             
18      24             3.3049065973539404e-05             
18      25             3.3049065973539404e-05             
27      29             3.304905699996058e-05              
28      29             3.304905699996058e-05              
19      21             3.304905699991201e-05              
20      21             3.304905699991201e-05              
14      17             3.304905699989119e-05              
15      17             3.304905699989119e-05              
16      17             3.304905699989119e-05              
4       8              3.3049056999863435e-05             
4       9              3.3049056999863435e-05             
4       27             3.304904802599318e-05              
4       28             3.304904802599318e-05              
11      19             3.304904802598624e-05              
11      20             3.304904802598624e-05              
12      19             3.304904802598624e-05              
12      20             3.304904802598624e-05              
17      21             3.3048947995231726e-05             
22      24             3.3048939021625146e-05             
22      25             3.3048939021625146e-05             
22      31             3.3048939021625146e-05             
23      24             3.3048939021625146e-05             
23      25             3.3048939021625146e-05             
23      31             3.3048939021625146e-05             
14      26             3.304893902159739e-05              
15      26             3.304893902159739e-05              
16      26             3.304893902159739e-05              
11      17             3.304893902159045e-05              
12      17             3.304893902159045e-05              
6       13             3.3048939021569634e-05             
6       18             3.3048939021569634e-05             
7       13             3.3048939021569634e-05             
7       18             3.3048939021569634e-05             
14      15             3.30489300476855e-05               
14      16             3.30489300476855e-05               
15      16             3.30489300476855e-05               
13      29             3.3048830016937925e-05             
18      29             3.3048830016937925e-05             
21      26             3.3048830016930986e-05             
19      24             3.304882104331747e-05              
19      25             3.304882104331747e-05              
19      31             3.304882104331747e-05              
20      24             3.304882104331747e-05              
20      25             3.304882104331747e-05              
20      31             3.304882104331747e-05              
11      26             3.304882104329665e-05              
12      26             3.304882104329665e-05              
14      21             3.304882104329665e-05              
15      21             3.304882104329665e-05              
16      21             3.304882104329665e-05              
4       13             3.3048821043268894e-05             
4       18             3.3048821043268894e-05             
6       22             3.304881206938476e-05              
6       23             3.304881206938476e-05              
7       22             3.304881206938476e-05              
7       23             3.304881206938476e-05              
11      14             3.304881206938476e-05              
11      15             3.304881206938476e-05              
11      16             3.304881206938476e-05              
12      14             3.304881206938476e-05              
12      15             3.304881206938476e-05              
12      16             3.304881206938476e-05              
17      24             3.304871203861637e-05              
17      25             3.304871203861637e-05              
17      31             3.304871203861637e-05              
22      29             3.3048703065037544e-05             
23      29             3.3048703065037544e-05             
11      21             3.304870306498897e-05              
12      21             3.304870306498897e-05              
4       22             3.304869409109096e-05              
4       23             3.304869409109096e-05              
6       19             3.304869409109096e-05              
6       20             3.304869409109096e-05              
7       19             3.304869409109096e-05              
7       20             3.304869409109096e-05              
11      12             3.304869409109096e-05              
24      26             3.304859406031563e-05              
25      26             3.304859406031563e-05              
19      29             3.3048585086729865e-05             
20      29             3.3048585086729865e-05             
14      24             3.304858508670211e-05              
14      25             3.304858508670211e-05              
14      31             3.304858508670211e-05              
15      24             3.304858508670211e-05              
15      25             3.304858508670211e-05              
15      31             3.304858508670211e-05              
16      24             3.304858508670211e-05              
16      25             3.304858508670211e-05              
16      31             3.304858508670211e-05              
6       17             3.3048585086667415e-05             
7       17             3.3048585086667415e-05             
4       19             3.304857611279716e-05              
4       20             3.304857611279716e-05              
17      29             3.304847608201489e-05              
21      24             3.304847608200101e-05              
21      25             3.304847608200101e-05              
21      31             3.304847608200101e-05              
11      24             3.304846710839443e-05              
11      25             3.304846710839443e-05              
11      31             3.304846710839443e-05              
12      24             3.304846710839443e-05              
12      25             3.304846710839443e-05              
12      31             3.304846710839443e-05              
6       26             3.3048467108373614e-05             
7       26             3.3048467108373614e-05             
4       17             3.3048467108359736e-05             
6       14             3.304845813448948e-05              
6       15             3.304845813448948e-05              
6       16             3.304845813448948e-05              
7       14             3.304845813448948e-05              
7       15             3.304845813448948e-05              
7       16             3.304845813448948e-05              
26      29             3.304835810370721e-05              
14      29             3.304834913011451e-05              
15      29             3.304834913011451e-05              
16      29             3.304834913011451e-05              
4       26             3.3048349130065935e-05             
6       21             3.3048349130065935e-05             
7       21             3.3048349130065935e-05             
4       14             3.304834015619568e-05              
4       15             3.304834015619568e-05              
4       16             3.304834015619568e-05              
6       11             3.304834015619568e-05              
6       12             3.304834015619568e-05              
7       11             3.304834015619568e-05              
7       12             3.304834015619568e-05              
21      29             3.304824012539953e-05              
24      25             3.304824012538565e-05              
24      31             3.304824012538565e-05              
25      31             3.304824012538565e-05              
11      29             3.304823115180683e-05              
12      29             3.304823115180683e-05              
4       21             3.3048231151758256e-05             
4       11             3.3048222177901876e-05             
4       12             3.3048222177901876e-05             
6       24             3.3048113173471394e-05             
6       25             3.3048113173471394e-05             
6       31             3.3048113173471394e-05             
7       24             3.3048113173471394e-05             
7       25             3.3048113173471394e-05             
7       31             3.3048113173471394e-05             
24      29             3.3048004168777234e-05             
25      29             3.3048004168777234e-05             
29      31             3.3048004168770295e-05             
4       24             3.3047995195163715e-05             
4       25             3.3047995195163715e-05             
4       31             3.3047995195163715e-05             
6       7              3.304798622129346e-05              
6       29             3.304787721688379e-05              
7       29             3.304787721688379e-05              
4       6              3.304786824299272e-05              
4       7              3.304786824299272e-05              
4       29             3.304775923857611e-05              
1       32             3.3047219362418445e-05             
2       32             3.3047219362418445e-05             
3       32             3.3047219362418445e-05             
10      32             3.3047219362418445e-05             
5       32             3.3047101384124644e-05             
1       30             3.3047101384110766e-05             
2       30             3.3047101384110766e-05             
3       30             3.3047101384110766e-05             
10      30             3.3047101384110766e-05             
1       27             3.3046983405810026e-05             
1       28             3.3046983405810026e-05             
2       27             3.3046983405810026e-05             
2       28             3.3046983405810026e-05             
3       27             3.3046983405810026e-05             
3       28             3.3046983405810026e-05             
5       30             3.3046983405810026e-05             
10      27             3.3046983405810026e-05             
10      28             3.3046983405810026e-05             
8       32             3.30468654275301e-05               
9       32             3.30468654275301e-05               
5       27             3.3046865427516225e-05             
5       28             3.3046865427516225e-05             
10      18             3.304675642291921e-05              
8       30             3.3046747449222424e-05             
9       30             3.3046747449222424e-05             
13      32             3.30466294709425e-05               
18      32             3.30466294709425e-05               
8       27             3.3046629470921685e-05             
8       28             3.3046629470921685e-05             
9       27             3.3046629470921685e-05             
9       28             3.3046629470921685e-05             
1       22             3.304662947088699e-05              
1       23             3.304662947088699e-05              
2       22             3.304662947088699e-05              
2       23             3.304662947088699e-05              
3       22             3.304662947088699e-05              
3       23             3.304662947088699e-05              
10      22             3.304662947088699e-05              
10      23             3.304662947088699e-05              
13      30             3.3046511492627884e-05             
18      30             3.3046511492627884e-05             
1       19             3.304651149259319e-05              
1       20             3.304651149259319e-05              
2       19             3.304651149259319e-05              
2       20             3.304651149259319e-05              
3       19             3.304651149259319e-05              
3       20             3.304651149259319e-05              
5       22             3.304651149259319e-05              
5       23             3.304651149259319e-05              
10      19             3.304651149259319e-05              
10      20             3.304651149259319e-05              
13      27             3.3046393514327144e-05             
13      28             3.3046393514327144e-05             
18      27             3.3046393514327144e-05             
18      28             3.3046393514327144e-05             
5       19             3.304639351429245e-05              
5       20             3.304639351429245e-05              
10      26             3.3046284509695434e-05             
17      32             3.304627553605416e-05              
8       22             3.304627553599865e-05              
8       23             3.304627553599865e-05              
9       22             3.304627553599865e-05              
9       23             3.304627553599865e-05              
1       14             3.304627553597783e-05              
1       15             3.304627553597783e-05              
1       16             3.304627553597783e-05              
2       14             3.304627553597783e-05              
2       15             3.304627553597783e-05              
2       16             3.304627553597783e-05              
3       14             3.304627553597783e-05              
3       15             3.304627553597783e-05              
3       16             3.304627553597783e-05              
10      14             3.304627553597783e-05              
10      15             3.304627553597783e-05              
10      16             3.304627553597783e-05              
26      32             3.304615755776036e-05              
17      30             3.304615755773954e-05              
8       19             3.304615755769791e-05              
8       20             3.304615755769791e-05              
9       19             3.304615755769791e-05              
9       20             3.304615755769791e-05              
1       11             3.304615755768403e-05              
1       12             3.304615755768403e-05              
2       11             3.304615755768403e-05              
2       12             3.304615755768403e-05              
3       11             3.304615755768403e-05              
3       12             3.304615755768403e-05              
5       14             3.304615755768403e-05              
5       15             3.304615755768403e-05              
5       16             3.304615755768403e-05              
10      11             3.304615755768403e-05              
10      12             3.304615755768403e-05              
21      32             3.304603957945962e-05              
26      30             3.304603957944574e-05              
17      27             3.30460395794388e-05               
17      28             3.30460395794388e-05               
13      22             3.304603957940411e-05              
13      23             3.304603957940411e-05              
18      22             3.304603957940411e-05              
18      23             3.304603957940411e-05              
5       11             3.304603957938329e-05              
5       12             3.304603957938329e-05              
10      31             3.3045930574779336e-05             
21      30             3.304592160115194e-05              
26      27             3.3045921601145e-05                
26      28             3.3045921601145e-05                
13      19             3.304592160110337e-05              
13      20             3.304592160110337e-05              
18      19             3.304592160110337e-05              
18      20             3.304592160110337e-05              
8       14             3.304592160108949e-05              
8       15             3.304592160108949e-05              
8       16             3.304592160108949e-05              
9       14             3.304592160108949e-05              
9       15             3.304592160108949e-05              
9       16             3.304592160108949e-05              
24      32             3.3045803622872016e-05             
25      32             3.3045803622872016e-05             
31      32             3.3045803622872016e-05             
21      27             3.304580362284426e-05              
21      28             3.304580362284426e-05              
8       11             3.304580362278875e-05              
8       12             3.304580362278875e-05              
9       11             3.304580362278875e-05              
9       12             3.304580362278875e-05              
1       6              3.3045803622760994e-05             
1       7              3.3045803622760994e-05             
2       6              3.3045803622760994e-05             
2       7              3.3045803622760994e-05             
3       6              3.3045803622760994e-05             
3       7              3.3045803622760994e-05             
18      26             3.304569461816398e-05              
24      30             3.30456856445574e-05               
25      30             3.30456856445574e-05               
17      22             3.3045685644515765e-05             
17      23             3.3045685644515765e-05             
13      14             3.304568564448801e-05              
13      15             3.304568564448801e-05              
13      16             3.304568564448801e-05              
1       4              3.3045685644460254e-05             
2       4              3.3045685644460254e-05             
3       4              3.3045685644460254e-05             
5       6              3.3045685644460254e-05             
5       7              3.3045685644460254e-05             
29      32             3.3045567666277476e-05             
24      27             3.304556766625666e-05              
24      28             3.304556766625666e-05              
25      27             3.304556766625666e-05              
25      28             3.304556766625666e-05              
17      19             3.3045567666208087e-05             
17      20             3.3045567666208087e-05             
29      30             3.304544968796286e-05              
21      22             3.3045449687921225e-05             
21      23             3.3045449687921225e-05             
18      31             3.304534068324094e-05              
26      31             3.304486877001023e-05              
32      33             -0.00036895069704648634            
30      33             -0.0003689507634464517             
27      33             -0.0003689508298464171             
28      33             -0.0003689508298464171             
1       33             -0.00036895085960028315            
2       33             -0.00036895085960028315            
3       33             -0.00036895085960028315            
10      33             -0.00036895085960028315            
5       33             -0.00036895092600024854            
22      33             -0.00036895102904631327            
23      33             -0.00036895102904631327            
8       33             -0.0003689510588001793             
9       33             -0.0003689510588001793             
19      33             -0.00036895109544627866            
20      33             -0.00036895109544627866            
13      33             -0.0003689511916001101             
18      33             -0.0003689511916001101             
14      33             -0.00036895122824620943            
15      33             -0.00036895122824620943            
16      33             -0.00036895122824620943            
11      33             -0.0003689512946461748             
12      33             -0.0003689512946461748             
17      33             -0.00036895139080000625            
26      33             -0.00036895145719997163            
6       33             -0.000368951493846071              
7       33             -0.000368951493846071              
21      33             -0.000368951523599937              
4       33             -0.00036895156024603637            
24      33             -0.0003689516563998678             
25      33             -0.0003689516563998678             
31      33             -0.0003689516563998678             
29      33             -0.00036895178919979857            
