#======================================================================
# PARAMETERS USED FOR THIS COMPUTATION: 
#	Sequence type: RNA
#	Total number of sequences in alignment data: 10
#	Length of sequences in alignment data: 37
#	Value of sequence identity: 0.8
#	lambda_h: 7.2
#	lambda_J: 7.2
#	Number of gradient decent iterations: 500
# The First and Second columns represent sites and the
# Third column is PLMDCA Frobenius norm, average product corrected (APC) DCA score
#======================================================================
4       34             0.17063279087100752                
7       31             0.1527141117610715                 
12      25             0.14913058622849684                
9       29             0.13143766003560303                
17      29             0.130599191863644                  
9       17             0.1143801675583215                 
8       30             0.108501132092962                  
6       32             0.0971021968594955                 
16      21             0.09477060154900092                
15      22             0.0941773661530046                 
13      24             0.09140297831240157                
19      20             0.08672079962149876                
19      25             0.0808097825676591                 
12      19             0.08080976832043395                
18      22             0.08074307599044617                
17      26             0.08054832723450694                
23      36             0.07959458059466738                
14      23             0.07959457889023211                
14      36             0.07959457835198935                
2       23             0.07959457758947885                
2       36             0.0795945770512361                 
2       14             0.07959457534680071                
17      27             0.07799162289092607                
13      28             0.07730606071750563                
24      28             0.07730605630313576                
8       10             0.07344509848086613                
12      20             0.07102322509782888                
20      25             0.0710232244898179                 
16      18             0.07082099478486904                
15      30             0.06450102645554617                
26      27             0.06422949202681275                
26      29             0.06255824613383108                
4       18             0.0603789542150371                 
18      34             0.06037893709375025                
9       12             0.058663061995966825               
9       25             0.058663061368155744               
6       24             0.05777294831127758                
6       13             0.05777293829253574                
24      32             0.056212684543162736               
13      32             0.056212659553160085               
10      30             0.05515967745285652                
9       16             0.05506465063027509                
2       21             0.053896957265102144               
21      23             0.05389694653375347                
21      36             0.05389694590036423                
14      21             0.053896943894631635               
27      29             0.05270835971094781                
10      27             0.05229698585321463                
20      26             0.05142681473199247                
9       26             0.05077385026926984                
18      21             0.050237539736274026               
15      31             0.04962145770304589                
7       15             0.049621457331448626               
8       15             0.04787978113779595                
10      15             0.047426648022600104               
20      27             0.04671854881849344                
12      29             0.04666640477029446                
25      29             0.046666404180059795               
22      25             0.04654669220122183                
12      22             0.04654667796684547                
4       28             0.04612842529560569                
28      34             0.04612842318874735                
4       13             0.04607903910635544                
13      34             0.046079037020851005               
4       24             0.04607903379717376                
24      34             0.04607903171166923                
11      35             0.04606610540951388                
1       37             0.04606610496405784                
5       37             0.04606610496405784                
3       33             0.04606610492356183                
1       33             0.04606610488306583                
5       33             0.04606610488306583                
11      33             0.04606610488306583                
3       35             0.04606609799942928                
1       35             0.04606609795893328                
5       35             0.04606609795893328                
11      37             0.04606609751347724                
35      37             0.04606609532737673                
33      35             0.04606609524638473                
33      37             0.04606609480092873                
1       3              0.04606609273494874                
3       5              0.04606609273494874                
3       11             0.04606609273494874                
1       5              0.046066092694452734               
1       11             0.046066092694452734               
5       11             0.046066092694452734               
3       37             0.04606609010339264                
9       19             0.04584170266522053                
20      29             0.045073015261121924               
30      31             0.04358316723243108                
7       30             0.04358316686627703                
4       6              0.042892725769687653               
6       34             0.042892723439442046               
9       27             0.04153491387860159                
18      31             0.04126780602922074                
7       18             0.04126779081089875                
9       21             0.041018908240528035               
28      32             0.039910722696033754               
6       28             0.038620904070881965               
27      32             0.03705886950451874                
12      31             0.03496236843678767                
7       12             0.03496236807162899                
25      31             0.03496236778186532                
7       25             0.03496236741670665                
10      25             0.03311110728803972                
10      12             0.03311109298601868                
7       8              0.03267537643320276                
8       31             0.03267536190195236                
19      29             0.03212090375538465                
15      18             0.031247322482672396               
19      21             0.031075587108280442               
17      20             0.02977849879017662                
8       21             0.028801000673780414               
12      30             0.028745167312564907               
25      30             0.02874516664128246                
32      34             0.026841964503149476               
4       32             0.026841951898777236               
8       23             0.02638165819428208                
8       36             0.02638165000387989                
8       14             0.02638164766111155                
2       8              0.02638164587320939                
4       19             0.024600912215420448               
19      34             0.024600909718573663               
15      28             0.024541921740776157               
9       20             0.024540105287335287               
3       36             0.024448081637864848               
1       36             0.02444808159301129                
5       36             0.02444808159301129                
11      36             0.02444808159301129                
3       14             0.024448080099016688               
2       3              0.024448078924632563               
2       11             0.024448078879779005               
14      35             0.02444807843454555                
14      37             0.02444807794115638                
2       35             0.024448077260161537               
2       37             0.024448076766772353               
2       33             0.02444807667706523                
3       23             0.024448074673236307               
1       23             0.02444807462838275                
5       23             0.02444807462838275                
11      23             0.02444807462838275                
23      35             0.024448073008764976               
1       14             0.024448072603582532               
5       14             0.024448072603582532               
11      14             0.024448072603582532               
35      36             0.02444807252281296                
23      37             0.02444807251537582                
23      33             0.024448072425668703               
36      37             0.024448072029423805               
33      36             0.024448071939716688               
1       2              0.024448071429198408               
2       5              0.024448071429198408               
14      33             0.02444807040086866                
4       20             0.024305632488431567               
20      34             0.02430563016693507                
12      17             0.02428070204324595                
17      25             0.02428070144618777                
10      32             0.02427761108660939                
8       12             0.023994344780535803               
8       25             0.023994344102366033               
10      20             0.02288291091910022                
22      31             0.02247517792138587                
7       22             0.02247517755768505                
8       19             0.021232743103862528               
4       9              0.020860989714981085               
9       34             0.020860987317884203               
9       18             0.02018548156758762                
3       16             0.017103734537011486               
1       16             0.017103734487481217               
5       16             0.017103734487481217               
11      16             0.017103734487481217               
16      35             0.017103733475835978               
16      37             0.017103732931002993               
16      33             0.01710372538136186                
16      29             0.016456227908115226               
6       23             0.01611684251583581                
6       14             0.016116832291153307               
2       6              0.01611683068217419                
6       36             0.016116826948890148               
19      22             0.015774461810996412               
10      17             0.015260614069701764               
3       24             0.01475307261860885                
1       24             0.014753072568953987               
5       24             0.014753072568953987               
11      24             0.014753072568953987               
24      35             0.014753071573506471               
24      33             0.014753070927993162               
3       13             0.01475306873167663                
1       13             0.014753068682021767               
5       13             0.014753068682021767               
11      13             0.014753068682021767               
24      37             0.014753063576722306               
13      35             0.014753060235993307               
13      37             0.01475305968978978                
13      33             0.014753059590480053               
19      30             0.014460496216486984               
3       26             0.01386818819162644                
1       26             0.013868188141085175               
5       26             0.013868188141085175               
11      26             0.013868188141085175               
26      35             0.013868187260869413               
26      37             0.013868186704915464               
26      33             0.013868186603832933               
19      26             0.013142086890997912               
16      19             0.013016357954856991               
7       20             0.01239929968737516                
20      31             0.012399292568436901               
9       22             0.011912468023846087               
6       12             0.011755665231192286               
6       25             0.01175566462088988                
6       27             0.01152492938619594                
17      31             0.010992366567934078               
7       17             0.010992366242265988               
4       29             0.010909983659507003               
29      34             0.01090997395530309                
28      31             0.010455856174831343               
7       28             0.010455855873851588               
9       30             0.008809954413411245               
2       32             0.007849618709783387               
23      32             0.007849608128772861               
32      36             0.00784960747254744                
14      32             0.00784960539450029                
13      30             0.007772116788244909               
24      30             0.007772111417985311               
4       12             0.0074163628536629556              
4       25             0.007416362190015263               
12      34             0.007416360297552146               
25      34             0.007416359633904426               
16      22             0.007098386860884515               
18      25             0.006613066764871084               
12      18             0.006613059895751963               
18      28             0.006198340511889416               
17      19             0.005827849015381123               
3       28             0.005146298589955189               
1       28             0.005146298539791899               
5       28             0.005146298539791899               
28      37             0.005146297058643279               
28      33             0.005146296958316698               
11      28             0.005146291089211302               
28      35             0.005146290159858916               
10      22             0.005052341969531415               
15      19             0.0048932674452482755              
29      31             0.0043484018533999635              
7       29             0.004348401531453772               
6       10             0.004265147414117237               
21      32             0.004024446753124952               
21      29             0.0036892155197288667              
6       22             0.0031447287122704087              
12      32             0.00300427641741538                
25      32             0.0030042758158754235              
10      29             0.002894497967674964               
22      26             0.0028444095609789916              
22      29             0.0027881001163244795              
6       31             0.0027794554909962993              
6       7              0.0027794477075234747              
21      27             0.002679077540645891               
4       16             0.0013422525908205196              
16      34             0.0013422430599684954              
26      30             0.0012534207798085978              
7       19             0.0009780226954635846              
19      31             0.0009780156015753716              
7       9              -0.0004595083162003133             
9       31             -0.00045951542433851633            
8       9              -0.0007297672666135707             
8       32             -0.0009504809367058831             
16      30             -0.0011191818743867127             
29      30             -0.001160014773600726              
12      13             -0.0013212147228948978             
12      24             -0.001321227529136243              
13      25             -0.0013212301702596185             
24      25             -0.0013212355259203945             
26      34             -0.0016789031688180661             
4       26             -0.001678915947245993              
9       10             -0.0022929311604867053             
3       10             -0.002296388936462515              
1       10             -0.002296388990929807              
5       10             -0.002296388990929807              
10      11             -0.002296388990929807              
10      35             -0.002296389360762957              
10      37             -0.002296389959903125              
10      33             -0.002296390068837695              
6       8              -0.00249407678925756               
3       27             -0.002545667319533401              
1       27             -0.002545667364791865              
5       27             -0.002545667364791865              
11      27             -0.002545667364791865              
27      35             -0.0025456689317719383             
27      37             -0.002545669429615059              
27      33             -0.0025456695201319865             
12      16             -0.002979874796842294              
16      25             -0.0029798753416752782             
21      25             -0.0030462650536126207             
12      21             -0.003046271923586419              
20      30             -0.0033031070771504384             
20      22             -0.003406016735918227              
18      35             -0.0037594928941148825             
18      37             -0.0037594934755763587             
18      33             -0.0037594935812966246             
1       18             -0.003759499765932331              
5       18             -0.003759499765932331              
11      18             -0.003759499765932331              
3       18             -0.003759507163652795              
2       19             -0.0039252519197430225             
19      23             -0.003925254673873738              
14      19             -0.003925257646310368              
19      36             -0.00392526283783913               
19      28             -0.004079622549242212              
3       21             -0.00447829864965113               
1       21             -0.004478298702433575              
5       21             -0.004478298702433575              
11      21             -0.004478298702433575              
21      35             -0.00447829929129738               
21      37             -0.004478299871904179              
21      33             -0.004478299977469041              
14      16             -0.005340339653222392              
2       16             -0.005340341089600284              
16      23             -0.005340352077869995              
16      36             -0.005340352672233262              
20      32             -0.00552319632662579               
16      27             -0.0057679695135056525             
15      17             -0.006633114345016566              
15      20             -0.006760082963629704              
10      28             -0.007037001543141616              
12      28             -0.00789786140303525               
25      28             -0.007897869405412067              
8       27             -0.007955523432502942              
26      36             -0.008365999416071121              
14      26             -0.008366001336639298              
2       26             -0.00836600280233607               
23      26             -0.008366006260156489              
2       13             -0.00841962678094356               
23      24             -0.00841962680532235               
24      36             -0.008419627401180782              
14      24             -0.008419629288065833              
13      23             -0.00841963030878963               
2       24             -0.00841963072805707               
13      36             -0.008419630904648048              
13      14             -0.008419632791533002              
17      34             -0.008523250516378617              
4       17             -0.008523255687282474              
18      29             -0.008545541250119207              
10      18             -0.008647340483635635              
3       17             -0.008868185095975076              
1       17             -0.008868200051414282              
5       17             -0.008868200051414282              
11      17             -0.008868200051414282              
17      35             -0.008868207896433222              
17      37             -0.008868208493491403              
17      33             -0.008868208602047442              
22      35             -0.008895405177213586              
3       22             -0.008895405546200788              
1       22             -0.008895405606817591              
5       22             -0.008895405606817591              
11      22             -0.008895405606817591              
22      37             -0.008895405843998436              
22      33             -0.008895405965232042              
7       32             -0.009354256227006946              
31      32             -0.00935426334947484               
4       15             -0.009377515427013705              
15      34             -0.009377518028194587              
8       13             -0.009781264131601436              
8       24             -0.009781269556959724              
23      31             -0.009800546582333994              
31      36             -0.009800547296794734              
14      31             -0.00980054955925376               
7       14             -0.009800549828375124              
2       31             -0.009800551285867223              
2       7              -0.009800551554988601              
7       23             -0.009800554302035941              
7       36             -0.009800555016496695              
15      35             -0.009859280262302594              
3       15             -0.009859280801063283              
1       15             -0.009859280862996159              
5       15             -0.009859280862996159              
11      15             -0.009859280862996159              
15      37             -0.009859280943564253              
15      33             -0.009859281067430004              
8       20             -0.009904550965457476              
8       29             -0.01037031763168371               
4       31             -0.010455814507257868              
4       7              -0.010455814869247515              
31      34             -0.010455817007870474              
7       34             -0.010455817369860135              
20      37             -0.010575314135270145              
20      33             -0.01057531424581759               
1       20             -0.010575320712843533              
11      20             -0.010575320712843533              
20      35             -0.010575320977839767              
3       20             -0.010575328108150414              
5       20             -0.01057532816342413               
3       30             -0.01075124717635946               
1       30             -0.010751247237385131              
5       30             -0.010751247237385131              
11      30             -0.010751247237385131              
30      37             -0.01075124742591016               
30      33             -0.010751247547961501              
30      35             -0.01075125420520831               
4       22             -0.010869774622982595              
22      34             -0.010869777168888387              
12      26             -0.01089073371499931               
25      26             -0.010890734270953245              
6       21             -0.010957572024632753              
12      15             -0.011307652517140498              
15      25             -0.011307660648982726              
17      22             -0.01166350082005256               
19      32             -0.011851126069906986              
22      27             -0.012293212110399951              
15      29             -0.012361358255714924              
14      15             -0.01282702623691423               
2       15             -0.0128270354835483                
15      23             -0.01282703804143151               
15      36             -0.012827038784626058              
18      19             -0.012863113273132998              
10      19             -0.013144067711726812              
13      15             -0.013275598632211547              
15      24             -0.013275604082304826              
21      22             -0.013508356529740861              
8       26             -0.013837158655272505              
17      30             -0.01433792051050306               
27      28             -0.014711564409329303              
6       37             -0.014794114345184725              
3       6              -0.014794120892065221              
1       6              -0.014794120947547257              
5       6              -0.014794120947547257              
6       11             -0.014794120947547257              
6       35             -0.014794121185462916              
6       33             -0.014794121906729393              
13      22             -0.015076315760561107              
22      24             -0.015076321094839917              
12      27             -0.015301370068883227              
25      27             -0.015301370566726341              
22      30             -0.01559131181416469               
9       15             -0.016007121150209913              
6       15             -0.016090738351162204              
17      18             -0.01615717778349371               
4       27             -0.01627810229186917               
27      34             -0.016278111643305337              
4       21             -0.016440276128210918              
21      34             -0.016440278345073278              
8       16             -0.016509796563619603              
27      30             -0.01662832681899254               
6       30             -0.016754443818064693              
32      35             -0.017002135666092807              
32      37             -0.017002136267632764              
32      33             -0.017002140102293964              
3       32             -0.017002142720516034              
1       32             -0.01700214277520147               
5       32             -0.01700214277520147               
11      32             -0.01700214277520147               
16      24             -0.017219468200013924              
13      16             -0.017219471291930563              
16      26             -0.017605842941317326              
28      30             -0.017845086724343054              
30      32             -0.018703572196658552              
10      31             -0.019617550131252187              
7       10             -0.019617550458055896              
24      26             -0.019696722945940603              
13      26             -0.019696725948889604              
22      32             -0.019711028100984337              
2       28             -0.019731199440391298              
28      36             -0.019731199804740904              
14      28             -0.01973120171094607               
23      28             -0.019731206653361977              
10      21             -0.019768685431670555              
21      30             -0.019920453212909334              
27      31             -0.02021805356920503               
7       27             -0.020218053840755812              
19      27             -0.020643259139689965              
24      27             -0.020712268912958687              
13      27             -0.0207122761060846                
18      32             -0.021063328341260193              
18      27             -0.021073887595187565              
8       17             -0.021870168650220317              
10      36             -0.022105582231396054              
10      14             -0.022105584301153003              
10      23             -0.022105585303078892              
2       10             -0.022105585880704354              
14      22             -0.02256904734628412               
22      23             -0.022569051766024487              
22      36             -0.02256905249342614               
2       22             -0.022569056554752068              
15      26             -0.0227850067865797                
10      16             -0.022911783808173658              
15      16             -0.02304361981828615               
17      32             -0.023100724053479044              
14      30             -0.023272269743351226              
23      30             -0.023272274142647972              
30      36             -0.023272274874956103              
2       30             -0.02327227896367648               
9       28             -0.023619863711685313              
3       31             -0.023821126686699598              
1       31             -0.023821126746237986              
5       31             -0.023821126746237986              
11      31             -0.023821126746237986              
31      37             -0.023821127111749538              
31      35             -0.023821130182117498              
7       35             -0.023821130425093498              
3       7              -0.02382113065496591               
7       11             -0.0238211307145043                
1       7              -0.023821130714504313              
5       7              -0.023821130714504313              
31      33             -0.023821130956116626              
7       37             -0.023821131080015837              
7       33             -0.023821131199092627              
10      26             -0.024403289294822106              
14      27             -0.024538322509920885              
2       27             -0.0245383238224164                
23      27             -0.024538323972287904              
27      36             -0.02453832451538951               
16      28             -0.024732351633802774              
10      13             -0.025941395392299935              
10      24             -0.025941400185421293              
18      23             -0.02677973150279178               
14      18             -0.026779734145798484              
2       18             -0.026779735678742395              
18      36             -0.026779739587693988              
3       29             -0.027013817518071845              
1       29             -0.027013817571729534              
5       29             -0.027013817571729534              
11      29             -0.027013817571729534              
29      35             -0.027013829222680252              
29      37             -0.027013829812914933              
29      33             -0.027013829920230326              
8       35             -0.02717631891113359               
8       37             -0.02717631958930336               
8       33             -0.02717631971260695               
3       8              -0.02717632313892529               
1       8              -0.027176323200577085              
5       8              -0.027176323200577085              
8       11             -0.027176326925867383              
13      31             -0.027842447638492335              
7       13             -0.02784244793642153               
24      31             -0.027842452877871127              
7       24             -0.02784245317580035               
26      28             -0.028114368744828505              
18      26             -0.028219687386462092              
15      32             -0.02824117706979054               
34      35             -0.028252173696891703              
5       34             -0.02825217408942053               
1       34             -0.02825217781471083               
34      37             -0.028252178085829707              
33      34             -0.028252178206492937              
4       35             -0.028252179446640283              
3       4              -0.02825217977883733               
4       5              -0.028252179839168945              
4       11             -0.028252179839168945              
4       33             -0.028252180230951204              
3       34             -0.028252181479669514              
11      34             -0.02825218154000113               
1       4              -0.028252183564459243              
4       37             -0.028252183835578287              
28      29             -0.028668869588521564              
29      32             -0.029850351438646824              
6       9              -0.029881779499834463              
16      17             -0.030268615509791943              
8       22             -0.031210530913849566              
17      36             -0.031506035890591574              
17      23             -0.03150603896454565               
2       17             -0.03150603952721874               
14      17             -0.03150604167844652               
22      28             -0.03158916925592137               
6       29             -0.03173320637498904               
20      28             -0.03175619685561275               
4       30             -0.03226140890383733               
30      34             -0.032261411466915774              
16      32             -0.03231563620241015               
6       20             -0.03237808333983366               
6       18             -0.03244634798773402               
7       21             -0.03292979126486888               
21      31             -0.03292979839875486               
23      34             -0.033365479724194916              
34      36             -0.03336548044817425               
2       34             -0.033365484490392186              
14      34             -0.033365486466065755              
4       23             -0.033365489016216276              
4       36             -0.0333654897401956                
2       4              -0.03336549378241345               
4       14             -0.03336549575808706               
21      26             -0.03362151610082634               
14      20             -0.0337342063100855                
20      23             -0.03373420727168949               
2       20             -0.03373420791302356               
20      36             -0.03373420793497421               
13      18             -0.03384803244342152               
18      24             -0.03384803709511336               
7       16             -0.033930039963322                 
16      31             -0.033930047116720985              
9       32             -0.03459301581641121               
4       10             -0.035173884970108746              
10      34             -0.03517388725773485               
13      21             -0.03529294826043752               
21      24             -0.035292952905292                 
18      30             -0.0355176986717993                
8       28             -0.03554661339236162               
4       8              -0.03564022328823274               
8       34             -0.03564022587760829               
15      21             -0.03584447544836902               
19      24             -0.0362470768942221                
13      19             -0.03624707911331419               
17      28             -0.036396366163000016              
17      21             -0.03642306845498203               
15      27             -0.03658234124121312               
26      32             -0.036824102650162296              
21      28             -0.03693007005493647               
1       9              -0.037048723717678214              
5       9              -0.037048723717678214              
9       11             -0.037048723717678214              
3       9              -0.03704872738589478               
9       35             -0.03704873492454412               
9       37             -0.0370487355523552                
9       33             -0.03704873566650267               
13      20             -0.03759422220501772               
20      24             -0.03759422334381532               
13      17             -0.03844092790904394               
17      24             -0.03844093268550948               
7       26             -0.039481030152761346              
26      31             -0.03948103730009435               
6       16             -0.039559337283482696              
16      20             -0.03987963954083046               
23      25             -0.03995509183991046               
2       12             -0.039955092429153724              
25      36             -0.03995509257022785               
12      14             -0.039955094389510365              
14      25             -0.03995509488289953               
12      36             -0.039955095802128984              
2       25             -0.0399550966478332                
12      23             -0.03995509879710191               
19      35             -0.04127160042668106               
19      37             -0.0412716010806171                
19      33             -0.04127160119951456               
3       19             -0.04127160437027727               
1       19             -0.041271604429725994              
5       19             -0.041271604429725994              
11      19             -0.041271604429725994              
6       17             -0.04140025207470242               
6       19             -0.04173136001876365               
18      20             -0.042652674351159395              
6       26             -0.04353026698172331               
8       18             -0.045634913884929296              
13      29             -0.04630104369151822               
24      29             -0.04630104841339566               
9       13             -0.047959596955067504              
9       24             -0.047959601977556235              
29      36             -0.049078006786548015              
14      29             -0.049078008825540545              
23      29             -0.04907800986794593               
2       29             -0.0490780103816138                
20      21             -0.05628555799415268               
9       14             -0.057741226474868984              
9       23             -0.05774122734647251               
9       36             -0.05774122803135734               
2       9              -0.05774122999265245               
12      37             -0.062353282824670425              
12      33             -0.062353282946389976              
12      35             -0.06235328401785799               
25      35             -0.06235328446331398               
25      37             -0.062353285132771566              
25      33             -0.06235328525449113               
11      12             -0.06235329192962952               
3       12             -0.06235329373141489               
1       12             -0.062353295654919816              
5       12             -0.062353295654919816              
3       25             -0.06235329603951607               
1       25             -0.06235329610037585               
5       25             -0.06235329610037585               
11      25             -0.06235329610037585               
