#======================================================================
# PARAMETERS USED FOR THIS COMPUTATION: 
#	Sequence type: RNA
#	Total number of sequences in alignment data: 2
#	Length of sequences in alignment data: 54
#	Value of sequence identity: 0.8
#	lambda_h: 10.600000000000001
#	lambda_J: 10.600000000000001
#	Number of gradient decent iterations: 500
# The First and Second columns represent sites and the
# Third column is PLMDCA Frobenius norm, average product corrected (APC) DCA score
#======================================================================
42      43             3.6289689968327377e-09             
39      42             3.593824751679797e-09              
39      43             3.593824751679797e-09              
27      42             3.5235362544350224e-09             
27      43             3.5235362544350224e-09             
28      42             3.5235362544350224e-09             
28      43             3.5235362544350224e-09             
32      42             3.5235362544350224e-09             
32      43             3.5235362544350224e-09             
27      39             3.488392009282082e-09              
28      39             3.488392009282082e-09              
32      39             3.488392009282082e-09              
25      42             3.488392005812635e-09              
25      43             3.488392005812635e-09              
23      42             3.4532477606596945e-09             
23      43             3.4532477606596945e-09             
25      39             3.4532477606596945e-09             
23      39             3.418103512037307e-09              
27      28             3.418103512037307e-09              
27      32             3.418103512037307e-09              
28      32             3.418103512037307e-09              
18      42             3.3829592668843667e-09             
18      43             3.3829592668843667e-09             
25      27             3.3829592668843667e-09             
25      28             3.3829592668843667e-09             
25      32             3.3829592668843667e-09             
18      39             3.347815021731426e-09              
14      42             3.3478150182619792e-09             
14      43             3.3478150182619792e-09             
23      27             3.3478150182619792e-09             
23      28             3.3478150182619792e-09             
23      32             3.3478150182619792e-09             
14      39             3.3126707731090388e-09             
23      25             3.312670769639592e-09              
18      27             3.2775265244866514e-09             
18      28             3.2775265244866514e-09             
18      32             3.2775265244866514e-09             
14      27             3.242382279333711e-09              
14      28             3.242382279333711e-09              
14      32             3.242382279333711e-09              
18      25             3.242382279333711e-09              
4       42             3.242382275864264e-09              
4       43             3.242382275864264e-09              
14      25             3.2072380307113235e-09             
4       39             3.2072380272418766e-09             
18      23             3.2072380272418766e-09             
14      23             3.172093778619489e-09              
4       27             3.1369495334665487e-09             
4       28             3.1369495334665487e-09             
4       32             3.1369495334665487e-09             
14      18             3.1018052883136082e-09             
4       25             3.1018052848441613e-09             
4       23             3.066661036221774e-09              
4       18             2.996372542446446e-09              
4       14             2.9612282972935056e-09             
1       5              1.2743043911744856e-09             
1       9              1.2743043911744856e-09             
1       10             1.2743043911744856e-09             
1       15             1.2391601425520982e-09             
5       9              1.2391601425520982e-09             
5       10             1.2391601425520982e-09             
9       10             1.2391601425520982e-09             
5       15             1.2040158939297108e-09             
9       15             1.2040158939297108e-09             
10      15             1.2040158939297108e-09             
1       21             1.2040158869908169e-09             
1       22             1.2040158869908169e-09             
1       24             1.1688716383684294e-09             
5       21             1.1688716383684294e-09             
5       22             1.1688716383684294e-09             
9       21             1.1688716383684294e-09             
9       22             1.1688716383684294e-09             
10      21             1.1688716383684294e-09             
10      22             1.1688716383684294e-09             
1       26             1.133727389746042e-09              
5       24             1.133727389746042e-09              
9       24             1.133727389746042e-09              
10      24             1.133727389746042e-09              
15      21             1.133727389746042e-09              
15      22             1.133727389746042e-09              
5       26             1.0985831411236546e-09             
9       26             1.0985831411236546e-09             
10      26             1.0985831411236546e-09             
15      24             1.0985831411236546e-09             
21      22             1.0985831411236546e-09             
15      26             1.0634388925012672e-09             
21      24             1.0634388925012672e-09             
22      24             1.0634388925012672e-09             
1       33             1.0282946473483268e-09             
1       38             1.0282946473483268e-09             
21      26             1.0282946438788798e-09             
22      26             1.0282946438788798e-09             
1       41             9.931503987259394e-10              
5       33             9.931503952564924e-10              
5       38             9.931503952564924e-10              
9       33             9.931503952564924e-10              
9       38             9.931503952564924e-10              
10      33             9.931503952564924e-10              
10      38             9.931503952564924e-10              
24      26             9.931503952564924e-10              
5       41             9.58006146634105e-10               
9       41             9.58006146634105e-10               
10      41             9.58006146634105e-10               
15      33             9.58006146634105e-10               
15      38             9.58006146634105e-10               
1       46             9.228619014811645e-10              
1       50             9.228619014811645e-10              
1       51             9.228619014811645e-10              
1       54             9.228619014811645e-10              
15      41             9.228618980117176e-10              
21      33             9.228618980117176e-10              
21      38             9.228618980117176e-10              
22      33             9.228618980117176e-10              
22      38             9.228618980117176e-10              
5       46             8.877176528587771e-10              
5       50             8.877176528587771e-10              
5       51             8.877176528587771e-10              
5       54             8.877176528587771e-10              
9       46             8.877176528587771e-10              
9       50             8.877176528587771e-10              
9       51             8.877176528587771e-10              
9       54             8.877176528587771e-10              
10      46             8.877176528587771e-10              
10      50             8.877176528587771e-10              
10      51             8.877176528587771e-10              
10      54             8.877176528587771e-10              
21      41             8.877176493893302e-10              
22      41             8.877176493893302e-10              
24      33             8.877176493893302e-10              
24      38             8.877176493893302e-10              
15      46             8.525734007669428e-10              
15      50             8.525734007669428e-10              
15      51             8.525734007669428e-10              
15      54             8.525734007669428e-10              
24      41             8.525734007669428e-10              
26      33             8.525733972974958e-10              
26      38             8.525733972974958e-10              
21      46             8.174291521445554e-10              
21      50             8.174291521445554e-10              
21      51             8.174291521445554e-10              
21      54             8.174291521445554e-10              
22      46             8.174291521445554e-10              
22      50             8.174291521445554e-10              
22      51             8.174291521445554e-10              
22      54             8.174291521445554e-10              
26      41             8.174291486751084e-10              
24      46             7.82284903522168e-10               
24      50             7.82284903522168e-10               
24      51             7.82284903522168e-10               
24      54             7.82284903522168e-10               
33      38             7.471406548997805e-10              
26      46             7.471406514303336e-10              
26      50             7.471406514303336e-10              
26      51             7.471406514303336e-10              
26      54             7.471406514303336e-10              
33      41             7.119964062773931e-10              
38      41             7.119964062773931e-10              
33      46             6.417079090326183e-10              
33      50             6.417079090326183e-10              
33      51             6.417079090326183e-10              
33      54             6.417079090326183e-10              
38      46             6.417079090326183e-10              
38      50             6.417079090326183e-10              
38      51             6.417079090326183e-10              
38      54             6.417079090326183e-10              
41      46             6.06563656940784e-10               
41      50             6.06563656940784e-10               
41      51             6.06563656940784e-10               
41      54             6.06563656940784e-10               
46      50             5.362751596960091e-10              
46      51             5.362751596960091e-10              
46      54             5.362751596960091e-10              
50      51             5.362751596960091e-10              
50      54             5.362751596960091e-10              
51      54             5.362751596960091e-10              
2       3              5.011309318903034e-10              
2       6              5.011309318903034e-10              
2       7              5.011309318903034e-10              
2       8              5.011309318903034e-10              
2       11             5.011309318903034e-10              
2       12             5.011309318903034e-10              
2       13             5.011309318903034e-10              
2       16             5.011309318903034e-10              
2       17             5.011309318903034e-10              
2       19             5.011309318903034e-10              
2       20             5.011309318903034e-10              
2       29             5.011309318903034e-10              
2       30             5.011309318903034e-10              
2       31             5.011309318903034e-10              
2       34             5.011309318903034e-10              
2       35             5.011309318903034e-10              
2       36             5.011309318903034e-10              
2       37             5.011309318903034e-10              
2       40             5.011309318903034e-10              
2       44             5.011309318903034e-10              
2       45             5.011309318903034e-10              
2       47             5.011309318903034e-10              
2       48             5.011309318903034e-10              
2       49             5.011309318903034e-10              
2       52             5.011309318903034e-10              
2       53             5.011309318903034e-10              
3       6              5.011309318903034e-10              
3       7              5.011309318903034e-10              
3       8              5.011309318903034e-10              
3       11             5.011309318903034e-10              
3       12             5.011309318903034e-10              
3       13             5.011309318903034e-10              
3       16             5.011309318903034e-10              
3       17             5.011309318903034e-10              
3       19             5.011309318903034e-10              
3       20             5.011309318903034e-10              
3       29             5.011309318903034e-10              
3       30             5.011309318903034e-10              
3       31             5.011309318903034e-10              
3       34             5.011309318903034e-10              
3       35             5.011309318903034e-10              
3       36             5.011309318903034e-10              
3       37             5.011309318903034e-10              
3       40             5.011309318903034e-10              
3       44             5.011309318903034e-10              
3       45             5.011309318903034e-10              
3       47             5.011309318903034e-10              
3       48             5.011309318903034e-10              
3       49             5.011309318903034e-10              
3       52             5.011309318903034e-10              
3       53             5.011309318903034e-10              
6       7              5.011309318903034e-10              
6       8              5.011309318903034e-10              
6       11             5.011309318903034e-10              
6       12             5.011309318903034e-10              
6       13             5.011309318903034e-10              
6       16             5.011309318903034e-10              
6       17             5.011309318903034e-10              
6       19             5.011309318903034e-10              
6       20             5.011309318903034e-10              
6       29             5.011309318903034e-10              
6       30             5.011309318903034e-10              
6       31             5.011309318903034e-10              
6       34             5.011309318903034e-10              
6       35             5.011309318903034e-10              
6       36             5.011309318903034e-10              
6       37             5.011309318903034e-10              
6       40             5.011309318903034e-10              
6       44             5.011309318903034e-10              
6       45             5.011309318903034e-10              
6       47             5.011309318903034e-10              
6       48             5.011309318903034e-10              
6       49             5.011309318903034e-10              
6       52             5.011309318903034e-10              
6       53             5.011309318903034e-10              
7       8              5.011309318903034e-10              
7       11             5.011309318903034e-10              
7       12             5.011309318903034e-10              
7       13             5.011309318903034e-10              
7       16             5.011309318903034e-10              
7       17             5.011309318903034e-10              
7       19             5.011309318903034e-10              
7       20             5.011309318903034e-10              
7       29             5.011309318903034e-10              
7       30             5.011309318903034e-10              
7       31             5.011309318903034e-10              
7       34             5.011309318903034e-10              
7       35             5.011309318903034e-10              
7       36             5.011309318903034e-10              
7       37             5.011309318903034e-10              
7       40             5.011309318903034e-10              
7       44             5.011309318903034e-10              
7       45             5.011309318903034e-10              
7       47             5.011309318903034e-10              
7       48             5.011309318903034e-10              
7       49             5.011309318903034e-10              
7       52             5.011309318903034e-10              
7       53             5.011309318903034e-10              
8       11             5.011309318903034e-10              
8       12             5.011309318903034e-10              
8       13             5.011309318903034e-10              
8       16             5.011309318903034e-10              
8       17             5.011309318903034e-10              
8       19             5.011309318903034e-10              
8       20             5.011309318903034e-10              
8       29             5.011309318903034e-10              
8       30             5.011309318903034e-10              
8       31             5.011309318903034e-10              
8       34             5.011309318903034e-10              
8       35             5.011309318903034e-10              
8       36             5.011309318903034e-10              
8       37             5.011309318903034e-10              
8       40             5.011309318903034e-10              
8       44             5.011309318903034e-10              
8       45             5.011309318903034e-10              
8       47             5.011309318903034e-10              
8       48             5.011309318903034e-10              
8       49             5.011309318903034e-10              
8       52             5.011309318903034e-10              
8       53             5.011309318903034e-10              
11      12             5.011309318903034e-10              
11      13             5.011309318903034e-10              
11      16             5.011309318903034e-10              
11      17             5.011309318903034e-10              
11      19             5.011309318903034e-10              
11      20             5.011309318903034e-10              
11      29             5.011309318903034e-10              
11      30             5.011309318903034e-10              
11      31             5.011309318903034e-10              
11      34             5.011309318903034e-10              
11      35             5.011309318903034e-10              
11      36             5.011309318903034e-10              
11      37             5.011309318903034e-10              
11      40             5.011309318903034e-10              
11      44             5.011309318903034e-10              
11      45             5.011309318903034e-10              
11      47             5.011309318903034e-10              
11      48             5.011309318903034e-10              
11      49             5.011309318903034e-10              
11      52             5.011309318903034e-10              
11      53             5.011309318903034e-10              
12      13             5.011309318903034e-10              
12      16             5.011309318903034e-10              
12      17             5.011309318903034e-10              
12      19             5.011309318903034e-10              
12      20             5.011309318903034e-10              
12      29             5.011309318903034e-10              
12      30             5.011309318903034e-10              
12      31             5.011309318903034e-10              
12      34             5.011309318903034e-10              
12      35             5.011309318903034e-10              
12      36             5.011309318903034e-10              
12      37             5.011309318903034e-10              
12      40             5.011309318903034e-10              
12      44             5.011309318903034e-10              
12      45             5.011309318903034e-10              
12      47             5.011309318903034e-10              
12      48             5.011309318903034e-10              
12      49             5.011309318903034e-10              
12      52             5.011309318903034e-10              
12      53             5.011309318903034e-10              
13      16             5.011309318903034e-10              
13      17             5.011309318903034e-10              
13      19             5.011309318903034e-10              
13      20             5.011309318903034e-10              
13      29             5.011309318903034e-10              
13      30             5.011309318903034e-10              
13      31             5.011309318903034e-10              
13      34             5.011309318903034e-10              
13      35             5.011309318903034e-10              
13      36             5.011309318903034e-10              
13      37             5.011309318903034e-10              
13      40             5.011309318903034e-10              
13      44             5.011309318903034e-10              
13      45             5.011309318903034e-10              
13      47             5.011309318903034e-10              
13      48             5.011309318903034e-10              
13      49             5.011309318903034e-10              
13      52             5.011309318903034e-10              
13      53             5.011309318903034e-10              
16      17             5.011309318903034e-10              
16      19             5.011309318903034e-10              
16      20             5.011309318903034e-10              
16      29             5.011309318903034e-10              
16      30             5.011309318903034e-10              
16      31             5.011309318903034e-10              
16      34             5.011309318903034e-10              
16      35             5.011309318903034e-10              
16      36             5.011309318903034e-10              
16      37             5.011309318903034e-10              
16      40             5.011309318903034e-10              
16      44             5.011309318903034e-10              
16      45             5.011309318903034e-10              
16      47             5.011309318903034e-10              
16      48             5.011309318903034e-10              
16      49             5.011309318903034e-10              
16      52             5.011309318903034e-10              
16      53             5.011309318903034e-10              
17      19             5.011309318903034e-10              
17      20             5.011309318903034e-10              
17      29             5.011309318903034e-10              
17      30             5.011309318903034e-10              
17      31             5.011309318903034e-10              
17      34             5.011309318903034e-10              
17      35             5.011309318903034e-10              
17      36             5.011309318903034e-10              
17      37             5.011309318903034e-10              
17      40             5.011309318903034e-10              
17      44             5.011309318903034e-10              
17      45             5.011309318903034e-10              
17      47             5.011309318903034e-10              
17      48             5.011309318903034e-10              
17      49             5.011309318903034e-10              
17      52             5.011309318903034e-10              
17      53             5.011309318903034e-10              
19      20             5.011309318903034e-10              
19      29             5.011309318903034e-10              
19      30             5.011309318903034e-10              
19      31             5.011309318903034e-10              
19      34             5.011309318903034e-10              
19      35             5.011309318903034e-10              
19      36             5.011309318903034e-10              
19      37             5.011309318903034e-10              
19      40             5.011309318903034e-10              
19      44             5.011309318903034e-10              
19      45             5.011309318903034e-10              
19      47             5.011309318903034e-10              
19      48             5.011309318903034e-10              
19      49             5.011309318903034e-10              
19      52             5.011309318903034e-10              
19      53             5.011309318903034e-10              
20      29             5.011309318903034e-10              
20      30             5.011309318903034e-10              
20      31             5.011309318903034e-10              
20      34             5.011309318903034e-10              
20      35             5.011309318903034e-10              
20      36             5.011309318903034e-10              
20      37             5.011309318903034e-10              
20      40             5.011309318903034e-10              
20      44             5.011309318903034e-10              
20      45             5.011309318903034e-10              
20      47             5.011309318903034e-10              
20      48             5.011309318903034e-10              
20      49             5.011309318903034e-10              
20      52             5.011309318903034e-10              
20      53             5.011309318903034e-10              
29      30             5.011309318903034e-10              
29      31             5.011309318903034e-10              
29      34             5.011309318903034e-10              
29      35             5.011309318903034e-10              
29      36             5.011309318903034e-10              
29      37             5.011309318903034e-10              
29      40             5.011309318903034e-10              
29      44             5.011309318903034e-10              
29      45             5.011309318903034e-10              
29      47             5.011309318903034e-10              
29      48             5.011309318903034e-10              
29      49             5.011309318903034e-10              
29      52             5.011309318903034e-10              
29      53             5.011309318903034e-10              
30      31             5.011309318903034e-10              
30      34             5.011309318903034e-10              
30      35             5.011309318903034e-10              
30      36             5.011309318903034e-10              
30      37             5.011309318903034e-10              
30      40             5.011309318903034e-10              
30      44             5.011309318903034e-10              
30      45             5.011309318903034e-10              
30      47             5.011309318903034e-10              
30      48             5.011309318903034e-10              
30      49             5.011309318903034e-10              
30      52             5.011309318903034e-10              
30      53             5.011309318903034e-10              
31      34             5.011309318903034e-10              
31      35             5.011309318903034e-10              
31      36             5.011309318903034e-10              
31      37             5.011309318903034e-10              
31      40             5.011309318903034e-10              
31      44             5.011309318903034e-10              
31      45             5.011309318903034e-10              
31      47             5.011309318903034e-10              
31      48             5.011309318903034e-10              
31      49             5.011309318903034e-10              
31      52             5.011309318903034e-10              
31      53             5.011309318903034e-10              
34      35             5.011309318903034e-10              
34      36             5.011309318903034e-10              
34      37             5.011309318903034e-10              
34      40             5.011309318903034e-10              
34      44             5.011309318903034e-10              
34      45             5.011309318903034e-10              
34      47             5.011309318903034e-10              
34      48             5.011309318903034e-10              
34      49             5.011309318903034e-10              
34      52             5.011309318903034e-10              
34      53             5.011309318903034e-10              
35      36             5.011309318903034e-10              
35      37             5.011309318903034e-10              
35      40             5.011309318903034e-10              
35      44             5.011309318903034e-10              
35      45             5.011309318903034e-10              
35      47             5.011309318903034e-10              
35      48             5.011309318903034e-10              
35      49             5.011309318903034e-10              
35      52             5.011309318903034e-10              
35      53             5.011309318903034e-10              
36      37             5.011309318903034e-10              
36      40             5.011309318903034e-10              
36      44             5.011309318903034e-10              
36      45             5.011309318903034e-10              
36      47             5.011309318903034e-10              
36      48             5.011309318903034e-10              
36      49             5.011309318903034e-10              
36      52             5.011309318903034e-10              
36      53             5.011309318903034e-10              
37      40             5.011309318903034e-10              
37      44             5.011309318903034e-10              
37      45             5.011309318903034e-10              
37      47             5.011309318903034e-10              
37      48             5.011309318903034e-10              
37      49             5.011309318903034e-10              
37      52             5.011309318903034e-10              
37      53             5.011309318903034e-10              
40      44             5.011309318903034e-10              
40      45             5.011309318903034e-10              
40      47             5.011309318903034e-10              
40      48             5.011309318903034e-10              
40      49             5.011309318903034e-10              
40      52             5.011309318903034e-10              
40      53             5.011309318903034e-10              
44      45             5.011309318903034e-10              
44      47             5.011309318903034e-10              
44      48             5.011309318903034e-10              
44      49             5.011309318903034e-10              
44      52             5.011309318903034e-10              
44      53             5.011309318903034e-10              
45      47             5.011309318903034e-10              
45      48             5.011309318903034e-10              
45      49             5.011309318903034e-10              
45      52             5.011309318903034e-10              
45      53             5.011309318903034e-10              
47      48             5.011309318903034e-10              
47      49             5.011309318903034e-10              
47      52             5.011309318903034e-10              
47      53             5.011309318903034e-10              
48      49             5.011309318903034e-10              
48      52             5.011309318903034e-10              
48      53             5.011309318903034e-10              
49      52             5.011309318903034e-10              
49      53             5.011309318903034e-10              
52      53             5.011309318903034e-10              
25      26             2.902654540337668e-10              
23      24             2.9026545056431985e-10             
39      41             2.551212123502733e-10              
14      15             2.5512120888082634e-10             
18      21             2.551212054113794e-10              
18      22             2.551212054113794e-10              
23      26             2.551212054113794e-10              
42      46             2.1997696719733284e-10             
42      50             2.1997696719733284e-10             
42      51             2.1997696719733284e-10             
42      54             2.1997696719733284e-10             
43      46             2.1997696719733284e-10             
43      50             2.1997696719733284e-10             
43      51             2.1997696719733284e-10             
43      54             2.1997696719733284e-10             
27      33             2.1997696025843894e-10             
27      38             2.1997696025843894e-10             
28      33             2.1997696025843894e-10             
28      38             2.1997696025843894e-10             
32      33             2.1997696025843894e-10             
32      38             2.1997696025843894e-10             
18      24             2.1997695678899198e-10             
14      21             2.1997695331954503e-10             
14      22             2.1997695331954503e-10             
39      46             1.8483271857494543e-10             
39      50             1.8483271857494543e-10             
39      51             1.8483271857494543e-10             
39      54             1.8483271857494543e-10             
27      41             1.8483271510549848e-10             
28      41             1.8483271510549848e-10             
32      41             1.8483271510549848e-10             
25      33             1.8483271163605153e-10             
25      38             1.8483271163605153e-10             
4       5              1.8483270816660458e-10             
4       9              1.8483270816660458e-10             
4       10             1.8483270816660458e-10             
14      24             1.8483270816660458e-10             
18      26             1.8483270816660458e-10             
4       15             1.4968846301366412e-10             
23      33             1.4968846301366412e-10             
23      38             1.4968846301366412e-10             
25      41             1.4968846301366412e-10             
14      26             1.4968845954421717e-10             
27      46             1.1454422133017061e-10             
27      50             1.1454422133017061e-10             
27      51             1.1454422133017061e-10             
27      54             1.1454422133017061e-10             
28      46             1.1454422133017061e-10             
28      50             1.1454422133017061e-10             
28      51             1.1454422133017061e-10             
28      54             1.1454422133017061e-10             
32      46             1.1454422133017061e-10             
32      50             1.1454422133017061e-10             
32      51             1.1454422133017061e-10             
32      54             1.1454422133017061e-10             
23      41             1.1454421439127671e-10             
4       21             1.1454420745238281e-10             
4       22             1.1454420745238281e-10             
25      46             7.939996923833625e-11              
25      50             7.939996923833625e-11              
25      51             7.939996923833625e-11              
25      54             7.939996923833625e-11              
18      33             7.93999657688893e-11               
18      38             7.93999657688893e-11               
4       24             7.93999588299954e-11               
18      41             4.4255720615948846e-11             
23      46             4.4255720615948846e-11             
23      50             4.4255720615948846e-11             
23      51             4.4255720615948846e-11             
23      54             4.4255720615948846e-11             
14      33             4.4255717146501894e-11             
14      38             4.4255717146501894e-11             
4       26             4.425571367705494e-11              
14      41             9.111471993561437e-12              
18      46             -2.603277315937902e-11             
18      50             -2.603277315937902e-11             
18      51             -2.603277315937902e-11             
18      54             -2.603277315937902e-11             
1       2              -2.6032783567719875e-11            
1       3              -2.6032783567719875e-11            
1       6              -2.6032783567719875e-11            
1       7              -2.6032783567719875e-11            
1       8              -2.6032783567719875e-11            
1       11             -2.6032783567719875e-11            
1       12             -2.6032783567719875e-11            
1       13             -2.6032783567719875e-11            
1       16             -2.6032783567719875e-11            
1       17             -2.6032783567719875e-11            
1       19             -2.6032783567719875e-11            
1       20             -2.6032783567719875e-11            
1       29             -2.6032783567719875e-11            
1       30             -2.6032783567719875e-11            
1       31             -2.6032783567719875e-11            
1       34             -2.6032783567719875e-11            
1       35             -2.6032783567719875e-11            
1       36             -2.6032783567719875e-11            
1       37             -2.6032783567719875e-11            
1       40             -2.6032783567719875e-11            
1       44             -2.6032783567719875e-11            
1       45             -2.6032783567719875e-11            
1       47             -2.6032783567719875e-11            
1       48             -2.6032783567719875e-11            
1       49             -2.6032783567719875e-11            
1       52             -2.6032783567719875e-11            
1       53             -2.6032783567719875e-11            
14      46             -6.117702525121338e-11             
14      50             -6.117702525121338e-11             
14      51             -6.117702525121338e-11             
14      54             -6.117702525121338e-11             
4       33             -6.117702872066033e-11             
4       38             -6.117702872066033e-11             
2       5              -6.117703219010728e-11             
2       9              -6.117703219010728e-11             
2       10             -6.117703219010728e-11             
3       5              -6.117703219010728e-11             
3       9              -6.117703219010728e-11             
3       10             -6.117703219010728e-11             
5       6              -6.117703219010728e-11             
5       7              -6.117703219010728e-11             
5       8              -6.117703219010728e-11             
5       11             -6.117703219010728e-11             
5       12             -6.117703219010728e-11             
5       13             -6.117703219010728e-11             
5       16             -6.117703219010728e-11             
5       17             -6.117703219010728e-11             
5       19             -6.117703219010728e-11             
5       20             -6.117703219010728e-11             
5       29             -6.117703219010728e-11             
5       30             -6.117703219010728e-11             
5       31             -6.117703219010728e-11             
5       34             -6.117703219010728e-11             
5       35             -6.117703219010728e-11             
5       36             -6.117703219010728e-11             
5       37             -6.117703219010728e-11             
5       40             -6.117703219010728e-11             
5       44             -6.117703219010728e-11             
5       45             -6.117703219010728e-11             
5       47             -6.117703219010728e-11             
5       48             -6.117703219010728e-11             
5       49             -6.117703219010728e-11             
5       52             -6.117703219010728e-11             
5       53             -6.117703219010728e-11             
6       9              -6.117703219010728e-11             
6       10             -6.117703219010728e-11             
7       9              -6.117703219010728e-11             
7       10             -6.117703219010728e-11             
8       9              -6.117703219010728e-11             
8       10             -6.117703219010728e-11             
9       11             -6.117703219010728e-11             
9       12             -6.117703219010728e-11             
9       13             -6.117703219010728e-11             
9       16             -6.117703219010728e-11             
9       17             -6.117703219010728e-11             
9       19             -6.117703219010728e-11             
9       20             -6.117703219010728e-11             
9       29             -6.117703219010728e-11             
9       30             -6.117703219010728e-11             
9       31             -6.117703219010728e-11             
9       34             -6.117703219010728e-11             
9       35             -6.117703219010728e-11             
9       36             -6.117703219010728e-11             
9       37             -6.117703219010728e-11             
9       40             -6.117703219010728e-11             
9       44             -6.117703219010728e-11             
9       45             -6.117703219010728e-11             
9       47             -6.117703219010728e-11             
9       48             -6.117703219010728e-11             
9       49             -6.117703219010728e-11             
9       52             -6.117703219010728e-11             
9       53             -6.117703219010728e-11             
10      11             -6.117703219010728e-11             
10      12             -6.117703219010728e-11             
10      13             -6.117703219010728e-11             
10      16             -6.117703219010728e-11             
10      17             -6.117703219010728e-11             
10      19             -6.117703219010728e-11             
10      20             -6.117703219010728e-11             
10      29             -6.117703219010728e-11             
10      30             -6.117703219010728e-11             
10      31             -6.117703219010728e-11             
10      34             -6.117703219010728e-11             
10      35             -6.117703219010728e-11             
10      36             -6.117703219010728e-11             
10      37             -6.117703219010728e-11             
10      40             -6.117703219010728e-11             
10      44             -6.117703219010728e-11             
10      45             -6.117703219010728e-11             
10      47             -6.117703219010728e-11             
10      48             -6.117703219010728e-11             
10      49             -6.117703219010728e-11             
10      52             -6.117703219010728e-11             
10      53             -6.117703219010728e-11             
4       41             -9.632127734304774e-11             
2       15             -9.632128081249469e-11             
3       15             -9.632128081249469e-11             
6       15             -9.632128081249469e-11             
7       15             -9.632128081249469e-11             
8       15             -9.632128081249469e-11             
11      15             -9.632128081249469e-11             
12      15             -9.632128081249469e-11             
13      15             -9.632128081249469e-11             
15      16             -9.632128081249469e-11             
15      17             -9.632128081249469e-11             
15      19             -9.632128081249469e-11             
15      20             -9.632128081249469e-11             
15      29             -9.632128081249469e-11             
15      30             -9.632128081249469e-11             
15      31             -9.632128081249469e-11             
15      34             -9.632128081249469e-11             
15      35             -9.632128081249469e-11             
15      36             -9.632128081249469e-11             
15      37             -9.632128081249469e-11             
15      40             -9.632128081249469e-11             
15      44             -9.632128081249469e-11             
15      45             -9.632128081249469e-11             
15      47             -9.632128081249469e-11             
15      48             -9.632128081249469e-11             
15      49             -9.632128081249469e-11             
15      52             -9.632128081249469e-11             
15      53             -9.632128081249469e-11             
21      29             -1.314655294348821e-10             
21      30             -1.314655294348821e-10             
21      31             -1.314655294348821e-10             
21      34             -1.314655294348821e-10             
21      35             -1.314655294348821e-10             
21      36             -1.314655294348821e-10             
21      37             -1.314655294348821e-10             
21      40             -1.314655294348821e-10             
21      44             -1.314655294348821e-10             
21      45             -1.314655294348821e-10             
21      47             -1.314655294348821e-10             
21      48             -1.314655294348821e-10             
21      49             -1.314655294348821e-10             
21      52             -1.314655294348821e-10             
21      53             -1.314655294348821e-10             
22      29             -1.314655294348821e-10             
22      30             -1.314655294348821e-10             
22      31             -1.314655294348821e-10             
22      34             -1.314655294348821e-10             
22      35             -1.314655294348821e-10             
22      36             -1.314655294348821e-10             
22      37             -1.314655294348821e-10             
22      40             -1.314655294348821e-10             
22      44             -1.314655294348821e-10             
22      45             -1.314655294348821e-10             
22      47             -1.314655294348821e-10             
22      48             -1.314655294348821e-10             
22      49             -1.314655294348821e-10             
22      52             -1.314655294348821e-10             
22      53             -1.314655294348821e-10             
2       21             -1.3146553290432905e-10            
2       22             -1.3146553290432905e-10            
3       21             -1.3146553290432905e-10            
3       22             -1.3146553290432905e-10            
6       21             -1.3146553290432905e-10            
6       22             -1.3146553290432905e-10            
7       21             -1.3146553290432905e-10            
7       22             -1.3146553290432905e-10            
8       21             -1.3146553290432905e-10            
8       22             -1.3146553290432905e-10            
11      21             -1.3146553290432905e-10            
11      22             -1.3146553290432905e-10            
12      21             -1.3146553290432905e-10            
12      22             -1.3146553290432905e-10            
13      21             -1.3146553290432905e-10            
13      22             -1.3146553290432905e-10            
16      21             -1.3146553290432905e-10            
16      22             -1.3146553290432905e-10            
17      21             -1.3146553290432905e-10            
17      22             -1.3146553290432905e-10            
19      21             -1.3146553290432905e-10            
19      22             -1.3146553290432905e-10            
20      21             -1.3146553290432905e-10            
20      22             -1.3146553290432905e-10            
4       46             -1.6660977458782256e-10            
4       50             -1.6660977458782256e-10            
4       51             -1.6660977458782256e-10            
4       54             -1.6660977458782256e-10            
24      29             -1.666097780572695e-10             
24      30             -1.666097780572695e-10             
24      31             -1.666097780572695e-10             
24      34             -1.666097780572695e-10             
24      35             -1.666097780572695e-10             
24      36             -1.666097780572695e-10             
24      37             -1.666097780572695e-10             
24      40             -1.666097780572695e-10             
24      44             -1.666097780572695e-10             
24      45             -1.666097780572695e-10             
24      47             -1.666097780572695e-10             
24      48             -1.666097780572695e-10             
24      49             -1.666097780572695e-10             
24      52             -1.666097780572695e-10             
24      53             -1.666097780572695e-10             
2       24             -1.6660978152671646e-10            
3       24             -1.6660978152671646e-10            
6       24             -1.6660978152671646e-10            
7       24             -1.6660978152671646e-10            
8       24             -1.6660978152671646e-10            
11      24             -1.6660978152671646e-10            
12      24             -1.6660978152671646e-10            
13      24             -1.6660978152671646e-10            
16      24             -1.6660978152671646e-10            
17      24             -1.6660978152671646e-10            
19      24             -1.6660978152671646e-10            
20      24             -1.6660978152671646e-10            
26      29             -2.0175402667965692e-10            
26      30             -2.0175402667965692e-10            
26      31             -2.0175402667965692e-10            
26      34             -2.0175402667965692e-10            
26      35             -2.0175402667965692e-10            
26      36             -2.0175402667965692e-10            
26      37             -2.0175402667965692e-10            
26      40             -2.0175402667965692e-10            
26      44             -2.0175402667965692e-10            
26      45             -2.0175402667965692e-10            
26      47             -2.0175402667965692e-10            
26      48             -2.0175402667965692e-10            
26      49             -2.0175402667965692e-10            
26      52             -2.0175402667965692e-10            
26      53             -2.0175402667965692e-10            
2       26             -2.0175403014910387e-10            
3       26             -2.0175403014910387e-10            
6       26             -2.0175403014910387e-10            
7       26             -2.0175403014910387e-10            
8       26             -2.0175403014910387e-10            
11      26             -2.0175403014910387e-10            
12      26             -2.0175403014910387e-10            
13      26             -2.0175403014910387e-10            
16      26             -2.0175403014910387e-10            
17      26             -2.0175403014910387e-10            
19      26             -2.0175403014910387e-10            
20      26             -2.0175403014910387e-10            
33      34             -3.071867690773722e-10             
33      35             -3.071867690773722e-10             
33      36             -3.071867690773722e-10             
33      37             -3.071867690773722e-10             
33      40             -3.071867690773722e-10             
33      44             -3.071867690773722e-10             
33      45             -3.071867690773722e-10             
33      47             -3.071867690773722e-10             
33      48             -3.071867690773722e-10             
33      49             -3.071867690773722e-10             
33      52             -3.071867690773722e-10             
33      53             -3.071867690773722e-10             
38      40             -3.071867690773722e-10             
38      44             -3.071867690773722e-10             
38      45             -3.071867690773722e-10             
38      47             -3.071867690773722e-10             
38      48             -3.071867690773722e-10             
38      49             -3.071867690773722e-10             
38      52             -3.071867690773722e-10             
38      53             -3.071867690773722e-10             
2       33             -3.0718677254681914e-10            
2       38             -3.0718677254681914e-10            
3       33             -3.0718677254681914e-10            
3       38             -3.0718677254681914e-10            
6       33             -3.0718677254681914e-10            
6       38             -3.0718677254681914e-10            
7       33             -3.0718677254681914e-10            
7       38             -3.0718677254681914e-10            
8       33             -3.0718677254681914e-10            
8       38             -3.0718677254681914e-10            
11      33             -3.0718677254681914e-10            
11      38             -3.0718677254681914e-10            
12      33             -3.0718677254681914e-10            
12      38             -3.0718677254681914e-10            
13      33             -3.0718677254681914e-10            
13      38             -3.0718677254681914e-10            
16      33             -3.0718677254681914e-10            
16      38             -3.0718677254681914e-10            
17      33             -3.0718677254681914e-10            
17      38             -3.0718677254681914e-10            
19      33             -3.0718677254681914e-10            
19      38             -3.0718677254681914e-10            
20      33             -3.0718677254681914e-10            
20      38             -3.0718677254681914e-10            
29      33             -3.0718677254681914e-10            
29      38             -3.0718677254681914e-10            
30      33             -3.0718677254681914e-10            
30      38             -3.0718677254681914e-10            
31      33             -3.0718677254681914e-10            
31      38             -3.0718677254681914e-10            
34      38             -3.0718677254681914e-10            
35      38             -3.0718677254681914e-10            
36      38             -3.0718677254681914e-10            
37      38             -3.0718677254681914e-10            
41      44             -3.423310176997596e-10             
41      45             -3.423310176997596e-10             
41      47             -3.423310176997596e-10             
41      48             -3.423310176997596e-10             
41      49             -3.423310176997596e-10             
41      52             -3.423310176997596e-10             
41      53             -3.423310176997596e-10             
2       41             -3.4233102116920655e-10            
3       41             -3.4233102116920655e-10            
6       41             -3.4233102116920655e-10            
7       41             -3.4233102116920655e-10            
8       41             -3.4233102116920655e-10            
11      41             -3.4233102116920655e-10            
12      41             -3.4233102116920655e-10            
13      41             -3.4233102116920655e-10            
16      41             -3.4233102116920655e-10            
17      41             -3.4233102116920655e-10            
19      41             -3.4233102116920655e-10            
20      41             -3.4233102116920655e-10            
29      41             -3.4233102116920655e-10            
30      41             -3.4233102116920655e-10            
31      41             -3.4233102116920655e-10            
34      41             -3.4233102116920655e-10            
35      41             -3.4233102116920655e-10            
36      41             -3.4233102116920655e-10            
37      41             -3.4233102116920655e-10            
40      41             -3.4233102116920655e-10            
2       46             -4.126195149445344e-10             
2       50             -4.126195149445344e-10             
2       51             -4.126195149445344e-10             
2       54             -4.126195149445344e-10             
3       46             -4.126195149445344e-10             
3       50             -4.126195149445344e-10             
3       51             -4.126195149445344e-10             
3       54             -4.126195149445344e-10             
6       46             -4.126195149445344e-10             
6       50             -4.126195149445344e-10             
6       51             -4.126195149445344e-10             
6       54             -4.126195149445344e-10             
7       46             -4.126195149445344e-10             
7       50             -4.126195149445344e-10             
7       51             -4.126195149445344e-10             
7       54             -4.126195149445344e-10             
8       46             -4.126195149445344e-10             
8       50             -4.126195149445344e-10             
8       51             -4.126195149445344e-10             
8       54             -4.126195149445344e-10             
11      46             -4.126195149445344e-10             
11      50             -4.126195149445344e-10             
11      51             -4.126195149445344e-10             
11      54             -4.126195149445344e-10             
12      46             -4.126195149445344e-10             
12      50             -4.126195149445344e-10             
12      51             -4.126195149445344e-10             
12      54             -4.126195149445344e-10             
13      46             -4.126195149445344e-10             
13      50             -4.126195149445344e-10             
13      51             -4.126195149445344e-10             
13      54             -4.126195149445344e-10             
16      46             -4.126195149445344e-10             
16      50             -4.126195149445344e-10             
16      51             -4.126195149445344e-10             
16      54             -4.126195149445344e-10             
17      46             -4.126195149445344e-10             
17      50             -4.126195149445344e-10             
17      51             -4.126195149445344e-10             
17      54             -4.126195149445344e-10             
19      46             -4.126195149445344e-10             
19      50             -4.126195149445344e-10             
19      51             -4.126195149445344e-10             
19      54             -4.126195149445344e-10             
20      46             -4.126195149445344e-10             
20      50             -4.126195149445344e-10             
20      51             -4.126195149445344e-10             
20      54             -4.126195149445344e-10             
29      46             -4.126195149445344e-10             
29      50             -4.126195149445344e-10             
29      51             -4.126195149445344e-10             
29      54             -4.126195149445344e-10             
30      46             -4.126195149445344e-10             
30      50             -4.126195149445344e-10             
30      51             -4.126195149445344e-10             
30      54             -4.126195149445344e-10             
31      46             -4.126195149445344e-10             
31      50             -4.126195149445344e-10             
31      51             -4.126195149445344e-10             
31      54             -4.126195149445344e-10             
34      46             -4.126195149445344e-10             
34      50             -4.126195149445344e-10             
34      51             -4.126195149445344e-10             
34      54             -4.126195149445344e-10             
35      46             -4.126195149445344e-10             
35      50             -4.126195149445344e-10             
35      51             -4.126195149445344e-10             
35      54             -4.126195149445344e-10             
36      46             -4.126195149445344e-10             
36      50             -4.126195149445344e-10             
36      51             -4.126195149445344e-10             
36      54             -4.126195149445344e-10             
37      46             -4.126195149445344e-10             
37      50             -4.126195149445344e-10             
37      51             -4.126195149445344e-10             
37      54             -4.126195149445344e-10             
40      46             -4.126195149445344e-10             
40      50             -4.126195149445344e-10             
40      51             -4.126195149445344e-10             
40      54             -4.126195149445344e-10             
44      46             -4.126195149445344e-10             
44      50             -4.126195149445344e-10             
44      51             -4.126195149445344e-10             
44      54             -4.126195149445344e-10             
45      46             -4.126195149445344e-10             
45      50             -4.126195149445344e-10             
45      51             -4.126195149445344e-10             
45      54             -4.126195149445344e-10             
46      47             -4.126195149445344e-10             
46      48             -4.126195149445344e-10             
46      49             -4.126195149445344e-10             
46      52             -4.126195149445344e-10             
46      53             -4.126195149445344e-10             
47      50             -4.126195149445344e-10             
47      51             -4.126195149445344e-10             
47      54             -4.126195149445344e-10             
48      50             -4.126195149445344e-10             
48      51             -4.126195149445344e-10             
48      54             -4.126195149445344e-10             
49      50             -4.126195149445344e-10             
49      51             -4.126195149445344e-10             
49      54             -4.126195149445344e-10             
50      52             -4.126195149445344e-10             
50      53             -4.126195149445344e-10             
51      52             -4.126195149445344e-10             
51      53             -4.126195149445344e-10             
52      54             -4.126195149445344e-10             
53      54             -4.126195149445344e-10             
42      44             -7.289177490765741e-10             
42      45             -7.289177490765741e-10             
42      47             -7.289177490765741e-10             
42      48             -7.289177490765741e-10             
42      49             -7.289177490765741e-10             
42      52             -7.289177490765741e-10             
42      53             -7.289177490765741e-10             
43      44             -7.289177490765741e-10             
43      45             -7.289177490765741e-10             
43      47             -7.289177490765741e-10             
43      48             -7.289177490765741e-10             
43      49             -7.289177490765741e-10             
43      52             -7.289177490765741e-10             
43      53             -7.289177490765741e-10             
2       42             -7.289177525460211e-10             
2       43             -7.289177525460211e-10             
3       42             -7.289177525460211e-10             
3       43             -7.289177525460211e-10             
6       42             -7.289177525460211e-10             
6       43             -7.289177525460211e-10             
7       42             -7.289177525460211e-10             
7       43             -7.289177525460211e-10             
8       42             -7.289177525460211e-10             
8       43             -7.289177525460211e-10             
11      42             -7.289177525460211e-10             
11      43             -7.289177525460211e-10             
12      42             -7.289177525460211e-10             
12      43             -7.289177525460211e-10             
13      42             -7.289177525460211e-10             
13      43             -7.289177525460211e-10             
16      42             -7.289177525460211e-10             
16      43             -7.289177525460211e-10             
17      42             -7.289177525460211e-10             
17      43             -7.289177525460211e-10             
19      42             -7.289177525460211e-10             
19      43             -7.289177525460211e-10             
20      42             -7.289177525460211e-10             
20      43             -7.289177525460211e-10             
29      42             -7.289177525460211e-10             
29      43             -7.289177525460211e-10             
30      42             -7.289177525460211e-10             
30      43             -7.289177525460211e-10             
31      42             -7.289177525460211e-10             
31      43             -7.289177525460211e-10             
34      42             -7.289177525460211e-10             
34      43             -7.289177525460211e-10             
35      42             -7.289177525460211e-10             
35      43             -7.289177525460211e-10             
36      42             -7.289177525460211e-10             
36      43             -7.289177525460211e-10             
37      42             -7.289177525460211e-10             
37      43             -7.289177525460211e-10             
40      42             -7.289177525460211e-10             
40      43             -7.289177525460211e-10             
39      40             -7.640619976989615e-10             
39      44             -7.640619976989615e-10             
39      45             -7.640619976989615e-10             
39      47             -7.640619976989615e-10             
39      48             -7.640619976989615e-10             
39      49             -7.640619976989615e-10             
39      52             -7.640619976989615e-10             
39      53             -7.640619976989615e-10             
2       39             -7.640620011684085e-10             
3       39             -7.640620011684085e-10             
6       39             -7.640620011684085e-10             
7       39             -7.640620011684085e-10             
8       39             -7.640620011684085e-10             
11      39             -7.640620011684085e-10             
12      39             -7.640620011684085e-10             
13      39             -7.640620011684085e-10             
16      39             -7.640620011684085e-10             
17      39             -7.640620011684085e-10             
19      39             -7.640620011684085e-10             
20      39             -7.640620011684085e-10             
29      39             -7.640620011684085e-10             
30      39             -7.640620011684085e-10             
31      39             -7.640620011684085e-10             
34      39             -7.640620011684085e-10             
35      39             -7.640620011684085e-10             
36      39             -7.640620011684085e-10             
37      39             -7.640620011684085e-10             
2       27             -8.343504949437364e-10             
2       28             -8.343504949437364e-10             
2       32             -8.343504949437364e-10             
3       27             -8.343504949437364e-10             
3       28             -8.343504949437364e-10             
3       32             -8.343504949437364e-10             
6       27             -8.343504949437364e-10             
6       28             -8.343504949437364e-10             
6       32             -8.343504949437364e-10             
7       27             -8.343504949437364e-10             
7       28             -8.343504949437364e-10             
7       32             -8.343504949437364e-10             
8       27             -8.343504949437364e-10             
8       28             -8.343504949437364e-10             
8       32             -8.343504949437364e-10             
11      27             -8.343504949437364e-10             
11      28             -8.343504949437364e-10             
11      32             -8.343504949437364e-10             
12      27             -8.343504949437364e-10             
12      28             -8.343504949437364e-10             
12      32             -8.343504949437364e-10             
13      27             -8.343504949437364e-10             
13      28             -8.343504949437364e-10             
13      32             -8.343504949437364e-10             
16      27             -8.343504949437364e-10             
16      28             -8.343504949437364e-10             
16      32             -8.343504949437364e-10             
17      27             -8.343504949437364e-10             
17      28             -8.343504949437364e-10             
17      32             -8.343504949437364e-10             
19      27             -8.343504949437364e-10             
19      28             -8.343504949437364e-10             
19      32             -8.343504949437364e-10             
20      27             -8.343504949437364e-10             
20      28             -8.343504949437364e-10             
20      32             -8.343504949437364e-10             
27      29             -8.343504949437364e-10             
27      30             -8.343504949437364e-10             
27      31             -8.343504949437364e-10             
27      34             -8.343504949437364e-10             
27      35             -8.343504949437364e-10             
27      36             -8.343504949437364e-10             
27      37             -8.343504949437364e-10             
27      40             -8.343504949437364e-10             
27      44             -8.343504949437364e-10             
27      45             -8.343504949437364e-10             
27      47             -8.343504949437364e-10             
27      48             -8.343504949437364e-10             
27      49             -8.343504949437364e-10             
27      52             -8.343504949437364e-10             
27      53             -8.343504949437364e-10             
28      29             -8.343504949437364e-10             
28      30             -8.343504949437364e-10             
28      31             -8.343504949437364e-10             
28      34             -8.343504949437364e-10             
28      35             -8.343504949437364e-10             
28      36             -8.343504949437364e-10             
28      37             -8.343504949437364e-10             
28      40             -8.343504949437364e-10             
28      44             -8.343504949437364e-10             
28      45             -8.343504949437364e-10             
28      47             -8.343504949437364e-10             
28      48             -8.343504949437364e-10             
28      49             -8.343504949437364e-10             
28      52             -8.343504949437364e-10             
28      53             -8.343504949437364e-10             
29      32             -8.343504949437364e-10             
30      32             -8.343504949437364e-10             
31      32             -8.343504949437364e-10             
32      34             -8.343504949437364e-10             
32      35             -8.343504949437364e-10             
32      36             -8.343504949437364e-10             
32      37             -8.343504949437364e-10             
32      40             -8.343504949437364e-10             
32      44             -8.343504949437364e-10             
32      45             -8.343504949437364e-10             
32      47             -8.343504949437364e-10             
32      48             -8.343504949437364e-10             
32      49             -8.343504949437364e-10             
32      52             -8.343504949437364e-10             
32      53             -8.343504949437364e-10             
2       25             -8.694947435661238e-10             
3       25             -8.694947435661238e-10             
6       25             -8.694947435661238e-10             
7       25             -8.694947435661238e-10             
8       25             -8.694947435661238e-10             
11      25             -8.694947435661238e-10             
12      25             -8.694947435661238e-10             
13      25             -8.694947435661238e-10             
16      25             -8.694947435661238e-10             
17      25             -8.694947435661238e-10             
19      25             -8.694947435661238e-10             
20      25             -8.694947435661238e-10             
25      29             -8.694947435661238e-10             
25      30             -8.694947435661238e-10             
25      31             -8.694947435661238e-10             
25      34             -8.694947435661238e-10             
25      35             -8.694947435661238e-10             
25      36             -8.694947435661238e-10             
25      37             -8.694947435661238e-10             
25      40             -8.694947435661238e-10             
25      44             -8.694947435661238e-10             
25      45             -8.694947435661238e-10             
25      47             -8.694947435661238e-10             
25      48             -8.694947435661238e-10             
25      49             -8.694947435661238e-10             
25      52             -8.694947435661238e-10             
25      53             -8.694947435661238e-10             
23      29             -9.046389921885112e-10             
23      30             -9.046389921885112e-10             
23      31             -9.046389921885112e-10             
23      34             -9.046389921885112e-10             
23      35             -9.046389921885112e-10             
23      36             -9.046389921885112e-10             
23      37             -9.046389921885112e-10             
23      40             -9.046389921885112e-10             
23      44             -9.046389921885112e-10             
23      45             -9.046389921885112e-10             
23      47             -9.046389921885112e-10             
23      48             -9.046389921885112e-10             
23      49             -9.046389921885112e-10             
23      52             -9.046389921885112e-10             
23      53             -9.046389921885112e-10             
2       23             -9.046389956579581e-10             
3       23             -9.046389956579581e-10             
6       23             -9.046389956579581e-10             
7       23             -9.046389956579581e-10             
8       23             -9.046389956579581e-10             
11      23             -9.046389956579581e-10             
12      23             -9.046389956579581e-10             
13      23             -9.046389956579581e-10             
16      23             -9.046389956579581e-10             
17      23             -9.046389956579581e-10             
19      23             -9.046389956579581e-10             
20      23             -9.046389956579581e-10             
2       18             -9.74927485963839e-10              
3       18             -9.74927485963839e-10              
6       18             -9.74927485963839e-10              
7       18             -9.74927485963839e-10              
8       18             -9.74927485963839e-10              
11      18             -9.74927485963839e-10              
12      18             -9.74927485963839e-10              
13      18             -9.74927485963839e-10              
16      18             -9.74927485963839e-10              
17      18             -9.74927485963839e-10              
18      19             -9.74927485963839e-10              
18      20             -9.74927485963839e-10              
18      29             -9.74927485963839e-10              
18      30             -9.74927485963839e-10              
18      31             -9.74927485963839e-10              
18      34             -9.74927485963839e-10              
18      35             -9.74927485963839e-10              
18      36             -9.74927485963839e-10              
18      37             -9.74927485963839e-10              
18      40             -9.74927485963839e-10              
18      44             -9.74927485963839e-10              
18      45             -9.74927485963839e-10              
18      47             -9.74927485963839e-10              
18      48             -9.74927485963839e-10              
18      49             -9.74927485963839e-10              
18      52             -9.74927485963839e-10              
18      53             -9.74927485963839e-10              
2       14             -1.0100717345862265e-09            
3       14             -1.0100717345862265e-09            
6       14             -1.0100717345862265e-09            
7       14             -1.0100717345862265e-09            
8       14             -1.0100717345862265e-09            
11      14             -1.0100717345862265e-09            
12      14             -1.0100717345862265e-09            
13      14             -1.0100717345862265e-09            
14      16             -1.0100717345862265e-09            
14      17             -1.0100717345862265e-09            
14      19             -1.0100717345862265e-09            
14      20             -1.0100717345862265e-09            
14      29             -1.0100717345862265e-09            
14      30             -1.0100717345862265e-09            
14      31             -1.0100717345862265e-09            
14      34             -1.0100717345862265e-09            
14      35             -1.0100717345862265e-09            
14      36             -1.0100717345862265e-09            
14      37             -1.0100717345862265e-09            
14      40             -1.0100717345862265e-09            
14      44             -1.0100717345862265e-09            
14      45             -1.0100717345862265e-09            
14      47             -1.0100717345862265e-09            
14      48             -1.0100717345862265e-09            
14      49             -1.0100717345862265e-09            
14      52             -1.0100717345862265e-09            
14      53             -1.0100717345862265e-09            
2       4              -1.1155044804533887e-09            
3       4              -1.1155044804533887e-09            
4       6              -1.1155044804533887e-09            
4       7              -1.1155044804533887e-09            
4       8              -1.1155044804533887e-09            
4       11             -1.1155044804533887e-09            
4       12             -1.1155044804533887e-09            
4       13             -1.1155044804533887e-09            
4       16             -1.1155044804533887e-09            
4       17             -1.1155044804533887e-09            
4       19             -1.1155044804533887e-09            
4       20             -1.1155044804533887e-09            
4       29             -1.1155044804533887e-09            
4       30             -1.1155044804533887e-09            
4       31             -1.1155044804533887e-09            
4       34             -1.1155044804533887e-09            
4       35             -1.1155044804533887e-09            
4       36             -1.1155044804533887e-09            
4       37             -1.1155044804533887e-09            
4       40             -1.1155044804533887e-09            
4       44             -1.1155044804533887e-09            
4       45             -1.1155044804533887e-09            
4       47             -1.1155044804533887e-09            
4       48             -1.1155044804533887e-09            
4       49             -1.1155044804533887e-09            
4       52             -1.1155044804533887e-09            
4       53             -1.1155044804533887e-09            
1       42             -1.2560814610651505e-09            
1       43             -1.2560814610651505e-09            
1       39             -1.291225706218091e-09             
5       42             -1.291225706218091e-09             
5       43             -1.291225706218091e-09             
9       42             -1.291225706218091e-09             
9       43             -1.291225706218091e-09             
10      42             -1.291225706218091e-09             
10      43             -1.291225706218091e-09             
5       39             -1.3263699548404784e-09            
9       39             -1.3263699548404784e-09            
10      39             -1.3263699548404784e-09            
15      42             -1.3263699548404784e-09            
15      43             -1.3263699548404784e-09            
1       27             -1.3615142034628658e-09            
1       28             -1.3615142034628658e-09            
1       32             -1.3615142034628658e-09            
15      39             -1.3615142034628658e-09            
21      42             -1.3615142034628658e-09            
21      43             -1.3615142034628658e-09            
22      42             -1.3615142034628658e-09            
22      43             -1.3615142034628658e-09            
1       25             -1.3966584520852532e-09            
5       27             -1.3966584520852532e-09            
5       28             -1.3966584520852532e-09            
5       32             -1.3966584520852532e-09            
9       27             -1.3966584520852532e-09            
9       28             -1.3966584520852532e-09            
9       32             -1.3966584520852532e-09            
10      27             -1.3966584520852532e-09            
10      28             -1.3966584520852532e-09            
10      32             -1.3966584520852532e-09            
21      39             -1.3966584520852532e-09            
22      39             -1.3966584520852532e-09            
24      42             -1.3966584520852532e-09            
24      43             -1.3966584520852532e-09            
26      42             -1.4318026972381936e-09            
26      43             -1.4318026972381936e-09            
5       25             -1.4318027007076406e-09            
9       25             -1.4318027007076406e-09            
10      25             -1.4318027007076406e-09            
15      27             -1.4318027007076406e-09            
15      28             -1.4318027007076406e-09            
15      32             -1.4318027007076406e-09            
24      39             -1.4318027007076406e-09            
1       23             -1.4318027041770875e-09            
26      39             -1.466946945860581e-09             
15      25             -1.466946949330028e-09             
21      27             -1.466946949330028e-09             
21      28             -1.466946949330028e-09             
21      32             -1.466946949330028e-09             
22      27             -1.466946949330028e-09             
22      28             -1.466946949330028e-09             
22      32             -1.466946949330028e-09             
5       23             -1.466946952799475e-09             
9       23             -1.466946952799475e-09             
10      23             -1.466946952799475e-09             
24      27             -1.5020911944829685e-09            
24      28             -1.5020911944829685e-09            
24      32             -1.5020911944829685e-09            
1       18             -1.5020911979524154e-09            
21      25             -1.5020911979524154e-09            
22      25             -1.5020911979524154e-09            
15      23             -1.5020912014218624e-09            
33      42             -1.537235439635909e-09             
33      43             -1.537235439635909e-09             
38      42             -1.537235439635909e-09             
38      43             -1.537235439635909e-09             
24      25             -1.5372354431053559e-09            
26      27             -1.5372354431053559e-09            
26      28             -1.5372354431053559e-09            
26      32             -1.5372354431053559e-09            
1       14             -1.5372354465748028e-09            
5       18             -1.5372354465748028e-09            
9       18             -1.5372354465748028e-09            
10      18             -1.5372354465748028e-09            
21      23             -1.5372354500442498e-09            
22      23             -1.5372354500442498e-09            
41      42             -1.5723796847888494e-09            
41      43             -1.5723796847888494e-09            
33      39             -1.5723796882582963e-09            
38      39             -1.5723796882582963e-09            
5       14             -1.5723796951971902e-09            
9       14             -1.5723796951971902e-09            
10      14             -1.5723796951971902e-09            
15      18             -1.5723796951971902e-09            
1       4              -1.642668195911412e-09             
