#======================================================================
# PARAMETERS USED FOR THIS COMPUTATION: 
#	Sequence type: RNA
#	Total number of sequences in alignment data: 118
#	Length of sequences in alignment data: 34
#	Value of sequence identity: 0.8
#	lambda_h: 6.6000000000000005
#	lambda_J: 6.6000000000000005
#	Number of gradient decent iterations: 500
# The First and Second columns represent sites and the
# Third column is PLMDCA Frobenius norm, average product corrected (APC) DCA score
#======================================================================
2       33             0.2538218039136631                 
4       31             0.2372286526436701                 
3       32             0.1777497091221229                 
5       30             0.17705456717840018                
7       28             0.16624381466503285                
1       34             0.16002392707987104                
16      20             0.1554316840021372                 
15      21             0.1250854014852312                 
15      16             0.11869492722163684                
15      20             0.11669477877214937                
5       12             0.11014190991702297                
12      30             0.10875926067536172                
7       27             0.10511473920915297                
27      28             0.10158357588171502                
17      18             0.0953974339670703                 
1       31             0.09301397294469588                
3       34             0.08860677918126474                
7       34             0.08359239518621876                
2       3              0.08198712707277706                
28      34             0.07918224402321108                
1       4              0.07677433962189174                
3       33             0.07576083307146972                
1       13             0.07540887068598998                
5       13             0.07539008374781907                
1       27             0.0752830006319436                 
13      30             0.07434646432496377                
8       15             0.0731347337514441                 
17      19             0.07311702754580311                
8       27             0.07194953133656852                
2       34             0.0718603821356859                 
10      25             0.07129202023854797                
2       31             0.0711070686948895                 
9       26             0.07067443096665937                
6       29             0.07045178021631292                
31      33             0.0674100421812248                 
25      26             0.06598341913608241                
10      26             0.06598340152758142                
33      34             0.06591092696587873                
9       25             0.06540397745716553                
9       10             0.06540397450645861                
2       32             0.06488791808927226                
11      24             0.06426391441755878                
22      23             0.06369236590977802                
14      22             0.06323284699446947                
12      13             0.06173381828139733                
23      31             0.06151664270977174                
16      27             0.0612622252071911                 
11      26             0.0612295727054335                 
11      25             0.06122157402728025                
10      11             0.06122155619931763                
9       11             0.06052738849574382                
32      33             0.0597331802480269                 
20      27             0.05969501947720798                
8       12             0.058431836131604395               
32      34             0.057964901878172506               
14      23             0.057710581200383                  
13      31             0.05391654786382792                
16      21             0.053723856396428196               
12      15             0.05281511775201904                
4       23             0.05022889079795215                
20      21             0.049450466787659644               
12      20             0.0493892110853372                 
12      16             0.04895392110047146                
8       16             0.048242855130774365               
8       20             0.047947313328466204               
13      19             0.04662297094465065                
9       24             0.04257629859088438                
18      19             0.04204140402669694                
24      26             0.04174148181972406                
24      25             0.04173515556445509                
10      24             0.041735137558095436               
16      17             0.036285530040261735               
17      23             0.036013064260740954               
4       19             0.03567892364996077                
24      31             0.03556304671241799                
26      28             0.03539771435009516                
25      28             0.035396555918869074               
10      28             0.03539655498760959                
7       26             0.03538534258650569                
7       10             0.03538419264113549                
7       25             0.03538417861955438                
7       9              0.03465396703738785                
9       28             0.03464961666924615                
15      22             0.03438155189047541                
21      34             0.034021925981764456               
4       13             0.033876731169235466               
5       18             0.03338981190093791                
8       21             0.03268874450953549                
18      32             0.03183051617409888                
2       4              0.03128711542864539                
17      30             0.031141304716011176               
1       3              0.03073295237598267                
21      31             0.030257959614864854               
17      20             0.029996701398487327               
13      34             0.029906660741224778               
11      22             0.029694459989151156               
5       17             0.029260754071163145               
7       11             0.02898584122305041                
11      28             0.02882737670557993                
8       26             0.028715087645107912               
12      34             0.028703585324739267               
8       25             0.028701897987613995               
8       10             0.028701897354107248               
4       33             0.02844874138234972                
17      22             0.028350322792565913               
8       9              0.027553789327987632               
18      30             0.02644890057297493                
3       18             0.025494672836143734               
18      23             0.024345236649326307               
8       11             0.023255502317692814               
11      14             0.02279070687564945                
19      23             0.02193058673255642                
18      21             0.021452568219629778               
21      22             0.02069192887623794                
21      33             0.020558832036325886               
14      17             0.01963984394425504                
4       24             0.019585388293516567               
16      18             0.019238255344319805               
27      33             0.019165234126989852               
9       29             0.019076649410147486               
19      22             0.018980546698633957               
25      29             0.0188279685036937                 
10      29             0.018827967075270235               
26      29             0.018818782638024195               
9       14             0.0187076434441618                 
14      26             0.018453775930567906               
14      25             0.0184426208547976                 
10      14             0.01844260477230525                
22      29             0.018377431796263624               
6       18             0.018303039354172546               
6       22             0.01803417550150674                
14      29             0.017910438624430133               
6       25             0.017873093904099455               
6       10             0.017873084604104597               
6       26             0.017864017226875833               
6       14             0.017863001311618554               
6       9              0.017807938277682844               
18      22             0.01764628589120376                
16      23             0.017592262799041525               
13      14             0.017557696291738395               
4       34             0.017538508545568862               
19      20             0.016849519279803757               
5       6              0.01600484409113745                
31      34             0.01591222620654016                
20      23             0.015897545271381625               
18      29             0.015526023539094158               
19      31             0.015317545830158985               
1       32             0.015246535145311324               
2       27             0.01490520956742894                
11      29             0.014490350394454982               
13      20             0.014438473408943567               
17      32             0.013923455484158437               
12      33             0.013444463070364357               
6       11             0.013392447336278007               
9       22             0.013338037736775804               
1       19             0.013240411177469089               
22      25             0.01321219115076501                
10      22             0.013212175317907096               
22      26             0.013148447401505753               
15      32             0.013024625371053727               
1       24             0.0127111987050645                 
14      19             0.012262876809558787               
27      34             0.012010430198306402               
1       7              0.011334511274930209               
5       29             0.011176605732882372               
18      20             0.010890531289357477               
2       21             0.010657464998880567               
24      28             0.010538459321217289               
29      30             0.01047226030977473                
7       24             0.010412346915113002               
26      27             0.010264027536277781               
25      27             0.010261666107676204               
10      27             0.010261659769345552               
14      18             0.010146977580996017               
1       30             0.010094252127348408               
9       27             0.00971375463637597                
17      29             0.009709116167606766               
14      15             0.009477134850646773               
29      32             0.008051894996003311               
6       30             0.007934615794596783               
11      23             0.0075694366130450025              
9       23             0.007157971121371773               
23      25             0.007057639303240618               
10      23             0.007057631013317162               
23      26             0.007018913872544302               
2       12             0.006902337599484068               
16      22             0.006698169080429098               
12      17             0.006668886621058329               
1       5              0.006404057076608738               
14      24             0.006319761613304692               
3       6              0.005981134159128543               
21      24             0.005888553372160363               
3       15             0.005666824660864753               
20      22             0.0056408312766731555              
6       17             0.005447192206249091               
19      30             0.005417496984246928               
8       24             0.005365825046845754               
16      19             0.005340518333270525               
6       32             0.00510441175079604                
1       20             0.004915876981838971               
23      29             0.004913696810527474               
11      27             0.004683253366052895               
5       19             0.004633524297722444               
22      24             0.004600116193764603               
6       23             0.004540362281481067               
13      16             0.004408363437595764               
1       28             0.004119892481848408               
17      28             0.004107500601466391               
24      27             0.003818342926799667               
19      29             0.0037403879352879837              
3       17             0.0036614449195033344              
12      21             0.003515616077360312               
15      27             0.002800167551183591               
7       17             0.002645961879827366               
3       29             0.0025265438247741023              
17      21             0.0023377889660361056              
8       19             0.0017741996323479836              
3       31             0.0016730361911774239              
13      21             0.001372144053894589               
1       16             0.0013223305104924366              
4       21             0.0009084285488047683              
4       6              0.0008683281887720551              
24      29             0.0004617596867528828              
13      22             -0.00044003258290341296            
15      17             -0.0005917904756103931             
6       24             -0.0006609838235229898             
14      21             -0.0013972299479954459             
4       29             -0.0015231203212838912             
1       8              -0.0016664363943014043             
6       19             -0.0031751100100211316             
12      18             -0.0036074127582012977             
1       33             -0.004074863184856448              
2       30             -0.004213585043888066              
7       29             -0.004335847576315638              
28      29             -0.004367885871966196              
14      16             -0.004397225377063996              
21      32             -0.004444564537827017              
1       23             -0.004462701696932345              
2       5              -0.004970985191399588              
14      20             -0.005291145304589087              
8       28             -0.005390344635584979              
6       7              -0.005417202065527288              
6       28             -0.005465003126532864              
7       8              -0.005643063022484199              
5       26             -0.005706584410434479              
5       25             -0.005728260481295336              
5       10             -0.00572826156646343               
5       33             -0.005959320032829882              
15      23             -0.006038102532731515              
19      28             -0.006131771750547868              
5       9              -0.0063969330366787786             
26      30             -0.006644373825064304              
25      30             -0.006668138102387658              
10      30             -0.006668139238908827              
26      32             -0.006902178001732512              
25      32             -0.006923826415323353              
10      32             -0.006923842113620682              
1       15             -0.007092163743169511              
7       19             -0.007148268494054061              
9       30             -0.007249461340459298              
4       12             -0.007332179879216777              
9       32             -0.007566014361260143              
12      19             -0.0076026977137909485             
13      23             -0.00800589140872339               
18      28             -0.008134099063198563              
13      24             -0.008337527215048574              
15      29             -0.00848778248575903               
3       24             -0.008641928473261895              
12      29             -0.00880530837070688               
19      33             -0.008844921179444673              
18      33             -0.008851434621357901              
7       18             -0.009413423703442766              
5       14             -0.009536663780562601              
19      21             -0.009575684283058786              
23      24             -0.009922633777706871              
15      18             -0.009984148765218817              
3       30             -0.01021100672382369               
6       8              -0.010284755213804272              
3       21             -0.010375212425936059              
6       15             -0.010523503835717304              
11      17             -0.010629708454469255              
24      30             -0.011004606447583679              
5       11             -0.011293358186663452              
30      33             -0.011360375959843086              
14      30             -0.011362288848491733              
12      27             -0.011414111729788429              
2       19             -0.01152990537878612               
22      30             -0.011613557578365977              
8       29             -0.011956257842365467              
6       12             -0.012030448057388718              
5       32             -0.012266442668136118              
7       14             -0.012319124262817047              
15      19             -0.01241472110197149               
18      31             -0.012500328322228                 
16      32             -0.01254408681885548               
11      30             -0.012574565614710195              
14      32             -0.012630591853083906              
14      28             -0.012726072580479572              
29      31             -0.012920933015912572              
11      32             -0.013236390814182084              
4       30             -0.013470950747250271              
3       10             -0.0135181600980806                
3       25             -0.013518173789884388              
30      32             -0.013519862664852597              
3       26             -0.013520612205675575              
1       2              -0.013634652631035263              
24      32             -0.013913698835448324              
6       33             -0.013980991883953561              
8       18             -0.014100194617370207              
19      32             -0.014179475896549595              
3       5              -0.014632366579828304              
3       9              -0.014781536642838072              
13      29             -0.014822192288465208              
2       22             -0.014833026467343927              
3       4              -0.01495297841305647               
6       13             -0.015230281525911646              
16      29             -0.015642836988886022              
5       22             -0.015648578176606476              
11      13             -0.015698714018808277              
17      26             -0.01587178727867139               
10      17             -0.01587974073383802               
17      25             -0.015879745314989285              
21      23             -0.0158901608164876                
15      34             -0.01589648430221942               
9       13             -0.01592929362587736               
13      26             -0.016175724036013958              
10      13             -0.016204584196133312              
13      25             -0.01620459301865544               
6       31             -0.016502795989238636              
21      29             -0.016614560006518342              
20      29             -0.016723312753393477              
9       17             -0.017069163729090245              
2       14             -0.017351198525431516              
12      14             -0.017357822455293354              
8       14             -0.017362900141253468              
20      32             -0.01786569444309727               
31      32             -0.017901227662693184              
11      15             -0.01811883026962624               
3       14             -0.01816983314371229               
22      33             -0.01844553255329101               
20      31             -0.018477914415615276              
5       24             -0.018584545166608152              
2       8              -0.018749041255526996              
6       21             -0.01877349566360549               
6       16             -0.018789062210563062              
21      30             -0.019027251573592974              
14      33             -0.01903918026024455               
5       21             -0.019146599568262257              
8       33             -0.01915140746990321               
4       26             -0.019153278411818422              
4       10             -0.019182511490355145              
4       25             -0.019182517981162245              
8       22             -0.019683333081195895              
17      31             -0.019735182445240237              
13      17             -0.020036787681724552              
4       5              -0.020073515636532452              
1       6              -0.02008504473407388               
3       11             -0.020212374097022104              
11      19             -0.02022584199763989               
11      18             -0.020237565063197953              
2       6              -0.02036379549233798               
4       14             -0.020496261113082476              
2       18             -0.020502301279267415              
6       20             -0.020590884252392472              
4       27             -0.020739110360648252              
4       9              -0.020782827065623052              
22      32             -0.020824594435225177              
3       16             -0.02129524134529709               
29      33             -0.021310508664419595              
16      31             -0.021507882585170376              
24      34             -0.02173908819142613               
7       21             -0.021752295398570265              
4       22             -0.022011188015470348              
11      21             -0.022248356178141818              
7       22             -0.02239472460673085               
21      28             -0.02261060548109836               
5       23             -0.022697561800145316              
3       22             -0.022892028038073678              
27      31             -0.02307851246971379               
22      28             -0.02320005820514129               
5       20             -0.02354040205864452               
19      26             -0.024012347142736035              
10      19             -0.024020813479184326              
19      25             -0.02402082730653784               
15      24             -0.024089724896348655              
16      28             -0.02416924232204444               
30      34             -0.024278947398659392              
4       11             -0.024327953033853683              
20      30             -0.024384053141059694              
18      26             -0.02465872994423267               
10      18             -0.024666112045253166              
18      25             -0.02466611947932351               
4       15             -0.0247137624145507                
23      33             -0.02497889751778201               
23      30             -0.02500377380653493               
8       23             -0.025012781212997506              
4       32             -0.02503637067931709               
19      24             -0.025103384475180485              
23      32             -0.02511439082365713               
1       12             -0.02535330341631975               
5       34             -0.025474497728383852              
27      29             -0.02554074881687049               
13      18             -0.025549976883229825              
24      33             -0.025592232240772006              
18      34             -0.02565537762831835               
7       16             -0.025773883785357873              
6       27             -0.0258331696430895                
2       28             -0.025865904754707028              
2       16             -0.02615356394388589               
9       18             -0.026288061363157464              
9       19             -0.026423653973243998              
1       29             -0.026487272918769775              
17      24             -0.026730420818806583              
2       23             -0.026738692794014238              
7       33             -0.02679552664907635               
2       20             -0.027102452208596264              
3       23             -0.027168056561425763              
20      28             -0.027431183954293864              
12      31             -0.02769735548634973               
28      33             -0.0277368310745153                
5       16             -0.027833741524087602              
2       29             -0.02790324587836457               
10      15             -0.02792093888808994               
15      25             -0.02792093994355614               
15      26             -0.02795265757429838               
9       15             -0.02800124921372127               
1       14             -0.028117481901631977              
23      28             -0.028355667747474986              
7       23             -0.02838069427101321               
16      30             -0.02843970860074123               
3       20             -0.028648248474835422              
1       22             -0.02888082180786891               
7       20             -0.028960782005060803              
9       34             -0.02918732624429335               
12      28             -0.029241945329791436              
5       28             -0.02952016772045367               
18      24             -0.029544391841170213              
2       7              -0.029584291159273496              
9       21             -0.02975935052726894               
20      24             -0.02980963508938174               
5       7              -0.029852841088521223              
13      15             -0.030016579093111034              
3       19             -0.030141716448984363              
2       13             -0.030264398336608114              
28      30             -0.030314435380272994              
10      21             -0.030322761972750134              
21      25             -0.030322770665502374              
21      26             -0.030340638339062323              
16      24             -0.030480455656694327              
7       30             -0.030646205520238917              
13      27             -0.030801650533994862              
28      32             -0.03093869126122531               
3       13             -0.030952581655855363              
4       18             -0.030953106259341834              
16      33             -0.031044803679239022              
2       17             -0.03106512948574422               
20      33             -0.03118359050094309               
7       32             -0.031395365023234076              
2       11             -0.031626185527194206              
12      26             -0.031976725463272224              
9       12             -0.03198068466930461               
10      12             -0.031987067865009225              
12      25             -0.03198707226504721               
2       9              -0.03210380721629216               
10      34             -0.03218108881578943               
25      34             -0.03218110170140033               
7       12             -0.03219377857668507               
26      34             -0.03219984618031961               
12      22             -0.03228753193723713               
5       8              -0.0326617460734083                
15      33             -0.0330796367592599                
14      27             -0.03308188974553876               
4       8              -0.03342529302985624               
11      16             -0.033919538191060555              
13      33             -0.034093931427574484              
11      34             -0.03412292169634194               
13      32             -0.03414219366411743               
23      27             -0.03425203772503588               
3       27             -0.03435881342719235               
26      31             -0.03443266481656258               
8       17             -0.034442605040475555              
10      31             -0.03446649194289683               
25      31             -0.03446650574456146               
11      12             -0.03475057085446698               
9       33             -0.034818274929964976              
14      31             -0.03495747338248263               
13      28             -0.03508548807239267               
8       30             -0.03516742062587955               
3       28             -0.03523438672748935               
22      27             -0.035327784809047996              
30      31             -0.03533782418840398               
4       20             -0.035349654923576765              
4       28             -0.035437936351588206              
20      34             -0.035793889141115795              
5       27             -0.03587868768518841               
2       15             -0.03599529026975054               
3       7              -0.03601246481890917               
8       34             -0.0360295915862833                
7       13             -0.03607396681208279               
17      33             -0.03622534109840317               
27      30             -0.03631059803385257               
4       7              -0.03641910586817336               
2       26             -0.036427245478406436              
2       25             -0.03643935479188136               
2       10             -0.03643935811447502               
11      20             -0.03648708923321006               
7       15             -0.03661727850172973               
8       32             -0.03674552963149187               
8       13             -0.03683248393372775               
15      30             -0.036969918659358406              
12      24             -0.037170398645753236              
9       31             -0.03722121062992968               
27      32             -0.03738035499564879               
21      27             -0.0374103110073168                
2       24             -0.03745736798395283               
15      28             -0.03782795295430812               
15      31             -0.03784691345850076               
12      23             -0.037914787650418405              
5       15             -0.03829611363133026               
19      27             -0.03858745565765123               
8       31             -0.038614190953792385              
26      33             -0.0389059797657627                
10      33             -0.03891720325596512               
25      33             -0.03891720713199871               
16      26             -0.03922777624534793               
10      16             -0.03923157351924858               
16      25             -0.039231584803744196              
9       16             -0.039275420091386404              
1       18             -0.03976135551633894               
3       12             -0.04083036997941736               
22      31             -0.04097794406693081               
3       8              -0.04100480434466358               
20      26             -0.04150175171174503               
10      20             -0.04150539532360839               
20      25             -0.04150540225715521               
11      31             -0.04151278729002904               
19      34             -0.04159067991342359               
9       20             -0.04174621422552509               
4       17             -0.042419102279215276              
5       31             -0.042472684080778186              
6       34             -0.042697993784121285              
11      33             -0.04277520500245363               
23      34             -0.04315028430371015               
12      32             -0.04368561257002926               
4       16             -0.045076686203821534              
16      34             -0.04530672814395349               
18      27             -0.04723026166110697               
29      34             -0.048503179639770674              
1       11             -0.048801166321029085              
17      27             -0.04968976121840428               
28      31             -0.04970691272522061               
17      34             -0.05083704113841127               
1       17             -0.05097560045294569               
7       31             -0.05111725489768526               
1       9              -0.05142236208233511               
22      34             -0.05292328867821362               
14      34             -0.0544195832845394                
1       25             -0.05462141764324557               
1       10             -0.05462142347341099               
1       26             -0.05466326816895943               
1       21             -0.055638760522269154              
