#======================================================================
# PARAMETERS USED FOR THIS COMPUTATION: 
#	Sequence type: RNA
#	Total number of sequences in alignment data: 25
#	Length of sequences in alignment data: 41
#	Value of sequence identity: 0.8
#	lambda_h: 8.0
#	lambda_J: 8.0
#	Number of gradient decent iterations: 500
# The First and Second columns represent sites and the
# Third column is PLMDCA Frobenius norm, average product corrected (APC) DCA score
#======================================================================
1       41             0.07408742469613624                
10      11             0.05199682653837279                
1       10             0.040994564971363764               
8       9              0.03885375645647667                
17      25             0.03842654942102165                
30      31             0.03801322059967428                
12      30             0.03801321885538203                
31      34             0.03801321857996745                
12      34             0.03801321683567513                
30      34             0.03801321158841115                
12      31             0.038013210945777136               
31      32             0.03703783687601226                
32      34             0.03703783540961306                
12      32             0.0370378352370955                 
30      32             0.03703782240614495                
30      33             0.036572746647087956               
31      33             0.036572746224866                  
33      34             0.03657274478931135                
12      33             0.03657274462042256                
10      41             0.036396335149023976               
32      33             0.034830149863706555               
3       4              0.03306626670275501                
2       4              0.03306626627509857                
2       3              0.03306626618006381                
9       12             0.030409676921514153               
9       30             0.030409671456491212               
9       31             0.030409671042833368               
9       34             0.0304096696363967                 
5       7              0.02981002138134506                
4       5              0.02942229167225837                
3       5              0.02942229157582754                
2       5              0.029422291141888823               
20      26             0.02931458251096368                
19      20             0.0293145824445966                 
20      24             0.029314582333984797               
23      26             0.029314582289740057               
19      23             0.02931458222337298                
20      22             0.029314582134883554               
23      24             0.029314582112761174               
22      23             0.02931458191365993                
18      26             0.02931458129423376                
21      26             0.02931458129423376                
18      19             0.029314581227866683               
19      21             0.029314581227866676               
18      24             0.02931458111725488                
21      24             0.02931458111725488                
18      22             0.029314580918153622               
21      22             0.029314580918153622               
19      26             0.029314579236854085               
24      26             0.029314579126242274               
19      24             0.02931457905987519                
22      26             0.02931457892714101                
19      22             0.029314578860773932               
22      24             0.02931457875016212                
18      20             0.02931457705139552                
20      21             0.02931457705139552                
18      23             0.029314576830171912               
21      23             0.029314576830171912               
18      21             0.02931457583466566                
20      23             0.029314570596321143               
16      20             0.028795473741082746               
16      23             0.02879547352910907                
16      18             0.028795472575227535               
16      21             0.028795472575227535               
16      26             0.02879547066746447                
16      19             0.028795470603872372               
16      24             0.028795463047304938               
16      22             0.028795462856528627               
4       7              0.028674872583389743               
3       7              0.028674872488321318               
2       7              0.028674872060513418               
9       32             0.028046836792487644               
8       34             0.027616417819786507               
8       12             0.027616417657510002               
8       30             0.027616412154247476               
8       31             0.02761641174855621                
9       33             0.02743499971679666                
20      25             0.027001070393081028               
23      25             0.027001070182246276               
18      25             0.027001069233489897               
21      25             0.027001069233489897               
17      22             0.027001068216410358               
19      25             0.02700106727272672                
24      25             0.027001067167309344               
22      25             0.027001066977558066               
17      26             0.027001061124248826               
17      19             0.027001061060998408               
17      24             0.027001060955581038               
25      26             0.02700105988539654                
17      20             0.02700105673077202                
17      23             0.027001056519937276               
17      18             0.027001055571180925               
17      21             0.027001055571180925               
16      17             0.02619141653685131                
16      25             0.026191415349798734               
11      32             0.025852701749271262               
8       32             0.02491483275586024                
6       8              0.02467374093759312                
8       33             0.02438753260772055                
11      30             0.02353187115737794                
11      31             0.023531870781764733               
11      34             0.02353186950467985                
11      12             0.02353186935443457                
6       7              0.021549219413626093               
11      33             0.01941314087025211                
5       6              0.018631553792752303               
5       8              0.017642203156237005               
6       9              0.01715741941801082                
2       6              0.017035777525879744               
4       6              0.017035774254696726               
3       6              0.017035774172131764               
27      28             0.016579461793715798               
13      28             0.016579461234925076               
15      28             0.01657946103172845                
13      27             0.01646157869406207                
15      27             0.01646157848450458                
13      15             0.01646157790822151                
7       8              0.016054659339284245               
4       8              0.01571544228192446                
3       8              0.015715442200786203               
2       8              0.015715441835664062               
8       11             0.015584056572943615               
36      37             0.01464079494070708                
1       3              0.012750431372365228               
1       2              0.012750431005181674               
1       4              0.012750427728671278               
9       11             0.011916888497114878               
1       7              0.011798905416417094               
1       5              0.010889182196558912               
33      37             0.010211616076358919               
33      36             0.010211615222177936               
6       32             0.00979106653642152                
5       9              0.008608670435655753               
10      26             0.008480928497941333               
10      19             0.008480928448067207               
10      24             0.008480928364943657               
10      22             0.00848092821532126                
10      20             0.008480927183234004               
10      23             0.008480927016986904               
10      18             0.008480926268874943               
10      21             0.008480926268874943               
10      16             0.008309877500670831               
17      27             0.007981471763379426               
25      27             0.007981470296477063               
15      17             0.007981467405584898               
13      17             0.007981463848962402               
13      25             0.007981462382060017               
15      25             0.007981462213392215               
7       9              0.007354908624167211               
2       9              0.007126467291872093               
4       9              0.007126464021605432               
3       9              0.00712646393887386                
25      28             0.006767459788223469               
17      28             0.006767457485309561               
33      41             0.006047758476982426               
10      17             0.005961430673935009               
10      25             0.005961429742951243               
7       41             0.005916651311401344               
4       41             0.005844385259516527               
3       41             0.00584438516389766                
2       41             0.005844384733612783               
6       31             0.005674227890499761               
6       34             0.005674226486895445               
6       12             0.005674226321765528               
6       30             0.005674220852743966               
1       8              0.0055805274731714274              
10      33             0.005360674375200682               
14      37             0.005111891371086759               
37      40             0.00511189100343766                
37      38             0.005111890793352475               
37      39             0.005111890793352475               
35      37             0.005111890583267262               
29      36             0.005111887873429477               
14      36             0.005111887610822992               
36      40             0.005111887243173914               
36      38             0.005111887033088736               
36      39             0.005111887033088736               
35      36             0.005111886823003543               
29      37             0.005111884183112661               
14      29             0.00498001785881004                
29      40             0.004980017478924487               
29      38             0.004980017261847033               
29      39             0.004980017261847033               
14      40             0.004980017207577653               
29      35             0.004980017044769566               
14      38             0.0049800169905001995              
14      39             0.0049800169905001995              
14      35             0.004980016773422732               
38      40             0.004980016610614632               
39      40             0.004980016610614632               
35      40             0.004980016393537179               
38      39             0.004980016393537179               
35      38             0.004980016176459712               
35      39             0.004980016176459712               
14      28             0.004403608364554057               
28      40             0.004403608008959961               
28      38             0.004403607805763342               
28      39             0.004403607805763342               
28      35             0.004403607602566716               
28      29             0.004403593717388653               
28      37             0.004120962135346101               
28      36             0.004120961864398469               
6       11             0.003943092105075534               
5       41             0.003771142905274902               
13      40             0.0037537389267477614              
13      39             0.003753738717190286               
13      35             0.0037537385076327964              
27      29             0.0037537327018026187              
14      27             0.0037537324398557656              
15      29             0.0037537318877621517              
27      38             0.0037537318635727027              
13      14             0.003753731842892759               
27      35             0.00375373165401522                
14      15             0.0037537316258152917              
13      38             0.003753731266609689               
15      40             0.0037537312590896973              
15      38             0.003753731049532222               
15      39             0.003753731049532222               
15      35             0.0037537308399747324              
27      40             0.0037537246225495813              
27      39             0.0037537244129921057              
13      29             0.003753717203678418               
27      37             0.0036502579864161125              
13      37             0.0036502574086818215              
15      37             0.0036502571985966153              
27      36             0.003650254098312704               
13      36             0.0036502535205784475              
15      36             0.0036502533104932552              
1       28             0.003603773664937311               
11      27             0.0035526908265134938              
11      13             0.0035526904133389783              
11      15             0.00355269026309369                
1       6              0.0030363253246582095              
7       29             0.0026334519411714205              
7       14             0.0026334479782100656              
7       40             0.002633447645470584               
7       38             0.002633447455333747               
7       39             0.002633447455333747               
7       35             0.002633447265196903               
4       40             0.0024700626317537347              
3       40             0.002470062523215001               
4       38             0.002470062441684219               
4       39             0.002470062441684219               
3       38             0.0024700623331454855              
3       39             0.0024700623331454855              
4       35             0.0024700622516146895              
3       35             0.002470062143075956               
4       29             0.002470059476672011               
3       29             0.0024700593681332775              
4       14             0.0024700592390851026              
3       14             0.002470059130546376               
2       29             0.0024700588797089904              
2       14             0.002470058642122089               
2       40             0.0024700583095004155              
2       38             0.002470058119430893               
2       39             0.002470058119430893               
2       35             0.0024700579293613634              
29      32             0.0023428714401602796              
14      32             0.0023428674992230364              
32      40             0.0023428671973173137              
32      38             0.002342867024799765               
32      39             0.002342867024799765               
32      35             0.002342866852282209               
5       14             0.0023283165025934083              
5       40             0.0023283161650855186              
5       38             0.0023283159722238753              
5       39             0.0023283159722238753              
5       35             0.002328315779362218               
5       29             0.002328305567799581               
6       33             0.002211135611223651               
33      35             0.002132759870161434               
29      33             0.002132756989315053               
14      33             0.00213275677820407                
33      40             0.0021327564826486983              
33      38             0.0021327563137599273              
33      39             0.0021327563137599273              
9       10             0.00207567455764332                
7       37             0.0018378277576081223              
7       36             0.0018378235393538903              
2       36             0.0016785636484990055              
4       37             0.0016785609950513355              
3       37             0.001678560890008736               
4       36             0.0016785605009429702              
2       37             0.0016785604173170376              
3       36             0.0016785603959003775              
5       36             0.0016415199404666708              
5       37             0.0016415166618185748              
6       10             0.0016138619773854238              
8       10             0.0013278951603865816              
11      28             0.0009479059193723827              
11      41             0.0008721591385237037              
29      31             0.000865363659861354               
14      31             0.0008653634303492086              
29      34             0.0008653618147029599              
14      34             0.0008653615851908075              
30      40             0.0008653599264355702              
30      38             0.0008653597428258664              
30      39             0.0008653597428258664              
30      35             0.0008653595592161487              
29      30             0.000865356751974404               
14      30             0.0008653565224622656              
31      40             0.0008653556584516178              
31      38             0.000865355474841914               
31      39             0.000865355474841914               
31      35             0.0008653552912321963              
12      29             0.0008653541470448958              
12      14             0.0008653539175327435              
34      40             0.0008653538132932029              
34      38             0.0008653536296834852              
34      39             0.0008653536296834852              
12      40             0.0008653535962157358              
34      35             0.0008653534460737675              
12      38             0.000865353412606025               
12      39             0.000865353412606025               
12      35             0.0008653532289963003              
32      36             0.0007538991417599533              
32      37             0.0007538962089615395              
36      41             0.0006729010239317004              
37      41             0.0006728940476000769              
34      41             0.00013316805744881255             
30      41             0.0001331664357734838              
31      41             0.0001331622323888712              
12      41             0.00013316041563048858             
9       29             4.689090109080696e-05              
9       14             4.688696897158645e-05              
9       40             4.688667941109281e-05              
9       38             4.6886513947956565e-05             
9       39             4.6886513947956565e-05             
9       35             4.688634848482032e-05              
10      32             -0.0001273352816574952             
7       13             -0.00029865983010428365            
7       15             -0.00029866002024113436            
7       27             -0.0002986630325182704             
1       13             -0.0003477941458051234             
1       15             -0.00034779430899781194            
1       27             -0.0003477974223155336             
5       27             -0.0003789282442127548             
5       13             -0.0003789287745822878             
5       15             -0.000378928967443945              
12      36             -0.0003869753482155999             
12      37             -0.00038698219487114105            
30      37             -0.0003869833991390556             
30      36             -0.00038698400306426406            
31      36             -0.0003869845282772344             
34      37             -0.00038698571007623334            
34      36             -0.00038698631400130995            
31      37             -0.0003869913749326506             
2       13             -0.0004654701127303901             
4       27             -0.00046547273904641584            
3       27             -0.0004654728438251571             
4       13             -0.0004654732617376048             
2       27             -0.00046547331532949265            
3       13             -0.000465473366516346              
4       15             -0.00046547345180713434            
3       15             -0.0004654735565858756             
2       15             -0.0004654740280902181             
5       28             -0.0005159444564519639             
1       36             -0.0005194395597286142             
1       37             -0.0005194423340043261             
7       28             -0.0005416997834754855             
4       28             -0.0007040138393217057             
3       28             -0.0007040139409200188             
2       28             -0.0007040143981124347             
27      32             -0.0007523999534784567             
13      32             -0.0007524004279017213             
15      32             -0.0007524006004192771             
27      33             -0.0009931962961358606             
13      33             -0.0009931967605800104             
15      33             -0.0009931969294687953             
6       29             -0.0012628535746475184             
6       14             -0.0012628575063502179             
6       40             -0.0012628577953275807             
6       38             -0.0012628579604574974             
6       39             -0.0012628579604574974             
6       35             -0.0012628581255874141             
1       9              -0.001364490524817269              
28      32             -0.001449885679864267              
8       29             -0.0016011888409465866             
8       14             -0.0016011890437922158             
8       40             -0.0016011893277761008             
8       38             -0.0016011894900526055             
8       39             -0.0016011894900526055             
8       35             -0.0016011896523291103             
16      40             -0.0016962106835878635             
16      38             -0.0016962108531667908             
16      39             -0.0016962108531667908             
16      35             -0.0016962110227457389             
16      29             -0.0016962139001413384             
14      16             -0.0016962141121150132             
28      33             -0.001765099779337205              
27      30             -0.0017754114379011157             
27      31             -0.001775411961794815              
15      31             -0.0017754126503312373             
27      34             -0.0017754137430333952             
12      27             -0.0017754139525908846             
13      34             -0.0017754142479601207             
15      34             -0.0017754144315698453             
12      13             -0.00177541445751761               
13      30             -0.0017754156681181119             
15      30             -0.0017754158517278296             
13      31             -0.001775416192011818              
12      15             -0.0017754183664176332             
9       36             -0.0018472479393643534             
9       37             -0.0018472507522377182             
28      34             -0.00217481426077204               
12      28             -0.002174814463968673              
28      30             -0.0021748157508994503             
28      31             -0.0021748199841813143             
11      29             -0.002322914001464345              
11      14             -0.0023229141892709415             
11      38             -0.002322914602445464              
11      39             -0.002322914602445464              
11      40             -0.002322918177490481              
11      35             -0.002322918477981044              
1       11             -0.0025143854173222957             
14      19             -0.002569656903864369              
19      40             -0.0025696572135774434             
14      22             -0.0025696572837499224             
19      38             -0.0025696573905563333             
19      39             -0.0025696573905563333             
19      35             -0.002569657567535237              
22      40             -0.002569657593463004              
22      38             -0.002569657770441894              
22      39             -0.002569657770441894              
18      29             -0.0025696578844055934             
21      29             -0.0025696578844055934             
22      35             -0.0025696579474207976             
26      29             -0.002569660326527008              
19      29             -0.0025696604079310445             
24      29             -0.0025696605436044614             
14      26             -0.002569660547750624              
14      24             -0.0025696607648280773             
22      29             -0.002569660787816605              
26      40             -0.0025696608574636987             
26      38             -0.0025696610344425885             
26      39             -0.0025696610344425885             
24      40             -0.002569661074541152              
26      35             -0.0025696612114214853             
24      38             -0.0025696612515200487             
24      39             -0.0025696612515200487             
24      35             -0.0025696614284989455             
20      29             -0.0025696638425786594             
23      29             -0.0025696641139254794             
20      40             -0.0025696643735153082             
20      38             -0.0025696645504941842             
20      39             -0.0025696645504941842             
23      40             -0.002569664644862135              
20      35             -0.002569664727473074              
23      38             -0.002569664821841011              
23      39             -0.002569664821841011              
23      35             -0.002569664998819901              
14      18             -0.002569665556209799              
14      21             -0.002569665556209799              
18      40             -0.002569665865922853              
21      40             -0.002569665865922853              
18      38             -0.002569666042901736              
18      39             -0.002569666042901736              
21      38             -0.002569666042901736              
21      39             -0.002569666042901736              
18      35             -0.002569666219880626              
21      35             -0.002569666219880626              
14      20             -0.00256966778909256               
14      23             -0.00256966806043938               
6       36             -0.00269768672608197               
6       37             -0.0026976932585809216             
6       41             -0.0027996540126092803             
28      41             -0.002818953089684703              
10      34             -0.002990483743787728              
10      12             -0.0029904838767854103             
10      30             -0.0029904841434583856             
10      31             -0.0029904863385977407             
32      41             -0.0030640053046925575             
17      29             -0.0032784783587063646             
17      40             -0.0032784788647097496             
17      38             -0.0032784790333775377             
17      39             -0.0032784790333775377             
17      35             -0.0032784792020453396             
14      17             -0.0032784822948314085             
25      29             -0.0032784836035388773             
25      40             -0.003278484109542276              
25      38             -0.003278484278210071              
25      39             -0.003278484278210071              
25      35             -0.003278484446877873              
14      25             -0.0032784912649542197             
16      36             -0.003486775214918504              
16      37             -0.003486778097760483              
8       36             -0.003600016413173854              
8       37             -0.0036000228971647674             
9       27             -0.003722949085321288              
9       13             -0.003722949540344911              
9       15             -0.003722949705808054              
1       14             -0.0037517505550071356             
1       38             -0.003751751003787024              
1       39             -0.003751751003787024              
1       35             -0.0037517511669797124             
1       29             -0.003751754076306575              
1       40             -0.0037517545658846407             
20      41             -0.0038399197052000344             
23      41             -0.0038399199442471915             
18      41             -0.0038399210199593983             
21      41             -0.0038399210199593983             
26      41             -0.003839923171383798              
19      41             -0.0038399232430979396             
24      41             -0.003839923362621518              
22      41             -0.0038399235777639568             
18      37             -0.004148474473459923              
21      37             -0.004148474473459923              
26      37             -0.004148476836918408              
19      37             -0.004148476915700354              
24      37             -0.004148477047003607              
22      37             -0.004148477283349453              
18      36             -0.004148478915399406              
21      36             -0.004148478915399406              
20      37             -0.004148480479704786              
23      37             -0.004148480742311278              
20      36             -0.0041484811963540535             
26      36             -0.004148481278857745              
19      36             -0.004148481357639684              
23      36             -0.004148481458960532              
24      36             -0.00414848148894293               
22      36             -0.004148481725288762              
11      37             -0.004538222543141714              
11      36             -0.004538223714262227              
6       27             -0.0046563475695245785             
6       13             -0.004656348023631858              
6       15             -0.004656348188761782              
16      27             -0.004694777086519143              
13      16             -0.004694777552861219              
15      16             -0.0046947777224401605             
9       28             -0.004729732371892628              
17      36             -0.005095874153988933              
25      37             -0.00509587849193785               
25      36             -0.005095879349875536              
17      37             -0.0050958807466317604             
6       28             -0.005202972933019787              
16      28             -0.005317535107839999              
26      27             -0.005321374993195016              
24      27             -0.005321375202752492              
22      27             -0.005321375438504659              
15      20             -0.005321375583926778              
15      26             -0.005321375656865877              
15      19             -0.005321375735449926              
15      23             -0.005321375845873631              
13      22             -0.005321375925196617              
15      18             -0.005321377024634484              
15      21             -0.005321377024634484              
20      27             -0.005321378645546264              
23      27             -0.005321378907493117              
13      20             -0.005321379132238194              
13      26             -0.005321379205177272              
13      23             -0.005321379394185047              
13      24             -0.005321379414734748              
15      24             -0.005321379591713651              
15      22             -0.005321379827465819              
18      27             -0.005321380086253949              
21      27             -0.005321380086253949              
13      18             -0.005321380572945886              
13      21             -0.005321380572945886              
19      27             -0.005321382522359662              
13      19             -0.0053213830090516195             
16      41             -0.005350055250870428              
8       13             -0.005703909104328289              
8       27             -0.005703912383358198              
8       15             -0.005703912991895099              
23      28             -0.005760349987188544              
18      28             -0.005760351130169573              
21      28             -0.005760351130169573              
26      28             -0.005760353416131625              
20      28             -0.00576035345848306               
19      28             -0.005760353492330353              
24      28             -0.005760353619328244              
22      28             -0.005760353847924449              
13      41             -0.0058260455203144115             
15      41             -0.005826049436842437              
27      41             -0.00582605617028157               
8       28             -0.006802310117346215              
17      41             -0.006892014350274256              
25      41             -0.006892015688938331              
4       11             -0.007266976744730841              
3       11             -0.007266976819853485              
2       11             -0.00726697715790537               
7       11             -0.007309111410379307              
29      41             -0.007907236845976828              
14      41             -0.007907237085023985              
40      41             -0.007907237419690002              
38      41             -0.007907237610927723              
39      41             -0.007907237610927723              
35      41             -0.00790723780216545               
1       18             -0.008482098304714712              
1       21             -0.008482098304714712              
1       20             -0.008482099045410127              
1       23             -0.008482099249400986              
1       19             -0.008482102064474854              
1       24             -0.00848210216647028               
1       26             -0.008482103865922748              
1       22             -0.00848210421270721               
1       30             -0.008558979294986606              
1       31             -0.008558983428258622              
1       34             -0.008558984815396471              
1       12             -0.00855898497858916               
2       10             -0.00937196015050705               
4       10             -0.009371963510053725              
3       10             -0.009371963576552567              
7       10             -0.009398710348664609              
5       19             -0.009599353861743973              
5       20             -0.00959935401909371               
5       23             -0.009599354260170771              
5       18             -0.009599355345017567              
5       21             -0.009599355345017567              
5       26             -0.009599357514711158              
5       24             -0.009599357707572802              
5       22             -0.009599357924542161              
5       16             -0.009644185457631772              
9       41             -0.009883548303455648              
7       20             -0.009950988445220792              
7       23             -0.009950988682891848              
7       18             -0.009950989752411599              
7       21             -0.009950989752411599              
7       26             -0.0099509918914511                
7       24             -0.009950992081587937              
7       22             -0.009950992295491887              
7       19             -0.00995099568804271               
5       12             -0.009983208745203774              
5       31             -0.009983210638308378              
5       34             -0.009983212277632415              
5       30             -0.009983221332025144              
5       11             -0.01010303500491324               
2       24             -0.010108980085763247              
4       26             -0.010108983134292059              
4       24             -0.010108983324361574              
3       24             -0.010108983412851026              
4       20             -0.010108983414572219              
3       20             -0.010108983503061657              
2       26             -0.01010898362098403               
4       23             -0.01010898365215912               
3       23             -0.010108983740648565              
2       20             -0.010108983901264149              
2       22             -0.010108984024881765              
2       23             -0.010108984138851057              
4       18             -0.010108984721300202              
4       21             -0.010108984721300202              
3       18             -0.010108984809789646              
3       21             -0.010108984809789646              
2       18             -0.010108985207992152              
2       21             -0.010108985207992152              
4       19             -0.010108986930858418              
3       26             -0.010108986948071809              
3       19             -0.01010898701934787               
4       22             -0.010108987263480092              
3       22             -0.010108987351969544              
2       19             -0.01010898741755039               
7       16             -0.01012910068361906               
5       32             -0.010154854499129548              
2       16             -0.010280216994170643              
3       16             -0.010280220337908326              
4       16             -0.01028022397840915               
5       33             -0.010522486209186617              
7       34             -0.010542149445726602              
7       12             -0.010542149635863446              
7       30             -0.010542151079511619              
7       31             -0.010542151554853725              
4       12             -0.010645495515942932              
3       12             -0.010645495607747794              
4       30             -0.010645496960398938              
3       30             -0.010645497052203794              
4       31             -0.010645497435572748              
3       31             -0.010645497527377604              
2       31             -0.01064549794049946               
4       34             -0.010645499051163701              
3       34             -0.010645499142968563              
2       34             -0.010645499556090433              
2       12             -0.010645499746159963              
2       30             -0.010645501190615941              
1       16             -0.010754070345182117              
5       10             -0.010864255273993581              
7       32             -0.010959203855429228              
2       32             -0.011045309232892916              
4       32             -0.011045312483759936              
3       32             -0.011045312570018714              
7       33             -0.01133365947289603               
4       33             -0.011420948918763947              
3       33             -0.011420949003208343              
2       33             -0.011420949383208104              
5       17             -0.01174820574740753               
5       25             -0.011748207097439088              
10      28             -0.011834580248831196              
8       41             -0.011885972326522116              
10      36             -0.012206707754553396              
10      37             -0.012206710015513988              
7       17             -0.012326784353667401              
7       25             -0.012326787547270464              
2       17             -0.012484857973352054              
4       25             -0.012484858840002284              
3       25             -0.012484858924336185              
2       25             -0.01248485930383874               
4       17             -0.012484859372160761              
3       17             -0.012484859456494656              
6       16             -0.012553689188379728              
1       17             -0.012603899441219701              
1       25             -0.01260390244621367               
6       17             -0.012764339701460702              
6       25             -0.01276434085737014               
1       32             -0.012942979078361692              
11      16             -0.013181275576006068              
6       20             -0.01350837992455714               
6       23             -0.013508380130969541              
6       18             -0.013508381059825339              
6       21             -0.013508381059825339              
6       26             -0.013508382917536942              
6       24             -0.013508383082666851              
6       19             -0.013508384842105807              
6       22             -0.013508385131083163              
1       33             -0.013823921902918777              
10      13             -0.013848579034882784              
10      15             -0.013848579167880473              
10      27             -0.013848580531784317              
11      20             -0.01593881379263872               
11      23             -0.015938813980445325              
11      18             -0.015938814825575028              
11      21             -0.015938814825575028              
11      19             -0.01593881657217642               
11      26             -0.015938818378479595              
11      24             -0.01593881852872487               
11      22             -0.015938820560395958              
10      29             -0.016514702899107246              
10      40             -0.016514703298100286              
10      38             -0.01651470343109796               
10      39             -0.01651470343109796               
10      35             -0.01651470356409565               
10      14             -0.016514704927999495              
11      17             -0.018569626955657198              
11      25             -0.01856962800737416               
18      30             -0.018586582260632208              
21      30             -0.018586582260632208              
26      30             -0.018586582463596305              
12      18             -0.018586582521733723              
12      21             -0.018586582521733723              
26      34             -0.018586582547719013              
18      31             -0.018586582703079425              
21      31             -0.018586582703079425              
24      34             -0.01858658273132873               
20      30             -0.0185865828609606                
12      24             -0.018586582908307628              
20      34             -0.018586582945083162              
23      30             -0.018586583090472737              
12      22             -0.018586583114868563              
12      20             -0.01858658312206205               
23      34             -0.018586583174595307              
20      31             -0.018586583303407803              
12      23             -0.018586583351574197              
23      31             -0.018586583532919948              
18      34             -0.018586584207399975              
21      34             -0.018586584207399975              
19      30             -0.018586584395095092              
19      34             -0.018586584479217808              
24      30             -0.018586584509851158              
12      19             -0.018586584656196704              
22      30             -0.018586584716412086              
26      31             -0.018586584768688692              
22      34             -0.018586584800534815              
19      31             -0.01858658483754233               
24      31             -0.018586584952298403              
22      31             -0.01858658515885933               
12      26             -0.018586586449988216              
16      31             -0.018847793881529656              
16      30             -0.018847795320227456              
16      34             -0.018847795322950632              
12      16             -0.01884779549252958               
18      32             -0.01918635621731682               
21      32             -0.01918635621731682               
23      32             -0.01918635710955073               
26      32             -0.0191863581581393                
19      32             -0.019186358222833377              
24      32             -0.01918635833065685               
22      32             -0.0191863585247391                
20      32             -0.019186358756548935              
16      32             -0.01979083546616757               
18      33             -0.02030298211320279               
21      33             -0.02030298211320279               
23      33             -0.020302983025848535              
26      33             -0.020302984013201603              
24      33             -0.02030298418209038               
20      33             -0.02030298467738271               
19      33             -0.020302985939180042              
22      33             -0.020302986234735414              
17      34             -0.020517416114683315              
12      17             -0.02051741628335111               
25      34             -0.02051741739995134               
25      30             -0.020517417407250695              
17      30             -0.02051741798462787               
17      31             -0.020517418406297352              
12      25             -0.020517419431264297              
25      31             -0.02051741969156534               
16      33             -0.020944238373876843              
17      32             -0.02148022672776584               
25      32             -0.021480227935388715              
25      33             -0.022538662674812866              
17      33             -0.022538663355236535              
9       23             -0.02293825158323074               
9       18             -0.0229382525139609                
9       21             -0.0229382525139609                
9       20             -0.02293825323904697               
9       26             -0.022938254375421206              
9       19             -0.022938254437469878              
9       24             -0.022938254540884342              
9       22             -0.02293825472703037               
9       16             -0.02387444167139044               
8       20             -0.024825374345553493              
8       18             -0.0248253745298819                
8       21             -0.0248253745298819                
8       23             -0.024825374548399122              
8       26             -0.02482537635549259               
8       24             -0.024825376517769088              
8       22             -0.024825377631652733              
8       19             -0.024825379210313997              
9       25             -0.025572216799794267              
9       17             -0.02557221750419745               
8       16             -0.02584601418143523               
8       17             -0.027398624233840797              
8       25             -0.027398625369776344              
