#======================================================================
# PARAMETERS USED FOR THIS COMPUTATION: 
#	Sequence type: RNA
#	Total number of sequences in alignment data: 9849
#	Length of sequences in alignment data: 45
#	Value of sequence identity: 0.8
#	lambda_h: 8.8
#	lambda_J: 8.8
#	Number of gradient decent iterations: 500
# The First and Second columns represent sites and the
# Third column is PLMDCA Frobenius norm, average product corrected (APC) DCA score
#======================================================================
9       34             0.7101189524332844                 
3       43             0.6852375162406468                 
1       45             0.6714093349187868                 
2       44             0.6619365589130646                 
6       40             0.6205214120089051                 
16      27             0.6171132186451876                 
10      33             0.6054691067939556                 
7       39             0.5675506434052661                 
8       38             0.5252487898388186                 
5       41             0.5051522163078036                 
17      26             0.4860483393029642                 
4       42             0.4272571091985806                 
11      32             0.42288203570568694                
12      31             0.3951498203082118                 
13      30             0.35056293346905343                
15      28             0.3179885881990584                 
14      29             0.30769772565844716                
19      24             0.25465622561143725                
22      23             0.2391040473853059                 
18      25             0.22120645011821738                
18      29             0.1729236922495055                 
18      21             0.17097398517355972                
7       16             0.16677112678452227                
4       12             0.15787181082006874                
35      37             0.1520519429878412                 
4       31             0.14179944717876322                
19      20             0.13984803805531323                
3       4              0.13436843466766676                
4       43             0.13342344270531076                
16      39             0.1271434377428341                 
21      25             0.12019236580434815                
27      39             0.11840336195991433                
7       27             0.1172088167472638                 
2       25             0.11625841515722338                
21      23             0.11624259265171769                
28      42             0.11398668065500421                
30      31             0.11314801716011816                
12      13             0.11024203004054554                
42      43             0.10698790684185669                
21      38             0.10653804895290386                
20      30             0.10643236430115781                
28      30             0.10589321304133098                
6       7              0.10573969271063163                
14      18             0.10564723915532667                
10      11             0.1051708252276802                 
26      45             0.10146441713900964                
13      20             0.10121317879312912                
13      14             0.10062211880939204                
17      45             0.09849471964283166                
32      33             0.09585676493772602                
8       16             0.0950399808627739                 
23      27             0.09430232765914293                
12      14             0.09368561186319975                
34      44             0.09240624672600267                
39      40             0.0906039037721506                 
8       22             0.08949332842014351                
2       9              0.08835090237629031                
38      41             0.08601703155769089                
13      31             0.0850862274023359                 
4       28             0.08471952705429028                
23      38             0.08358440852427546                
12      30             0.08326282128986937                
19      30             0.08309858817159478                
3       42             0.08192174045445438                
16      23             0.08164534010842314                
25      26             0.08121186992551396                
21      32             0.08045421244268958                
10      32             0.08027900860570833                
8       27             0.07968336716093077                
29      30             0.07876126121980333                
1       18             0.07808198178492923                
32      41             0.07785886431140342                
7       22             0.077842309439286                  
36      38             0.07724612416238139                
8       23             0.07594411739719684                
13      19             0.07553158048322937                
17      25             0.07550314462738347                
14      30             0.07464615412234725                
9       44             0.07438501367934816                
35      36             0.07422451942832939                
13      28             0.07413409276190329                
8       10             0.0723662047937095                 
5       11             0.07204529942054982                
1       3              0.07169923485102053                
4       15             0.06957406265865991                
29      31             0.06932592229447404                
11      33             0.06842909036313088                
28      35             0.06824511998269471                
14      31             0.06789726149896136                
24      30             0.06746322459972506                
13      24             0.06607886615849408                
2       34             0.0653344194846622                 
13      15             0.06530987898840783                
11      21             0.06442196174945967                
8       45             0.0634368783331313                 
14      20             0.0632022151250861                 
33      36             0.06248737519021981                
15      42             0.06237265283688849                
6       39             0.06194909238571911                
2       11             0.061578783160973094               
41      42             0.060044860990817434               
5       45             0.05983875189410473                
17      18             0.059723704757839696               
5       32             0.05971345220229239                
20      26             0.05969474359447073                
37      38             0.05961853814419818                
25      29             0.05857365405655364                
11      20             0.058182489427140965               
20      40             0.057733473576661976               
3       6              0.05579513334352712                
3       40             0.0550821543152715                 
20      32             0.05422259138622766                
3       12             0.05393420466489052                
9       15             0.05333219487057203                
11      41             0.05264373568836707                
17      20             0.05181980301085935                
10      36             0.05154788983671231                
18      45             0.05152459874485771                
36      37             0.05132833740376247                
20      29             0.05087695689126051                
18      26             0.05086625626824741                
9       23             0.05079245203268121                
13      29             0.050778703327404695               
3       27             0.05047687995440667                
27      36             0.049979293672349503               
3       16             0.048939947399656125               
32      44             0.04892714477872839                
24      26             0.04852432729681408                
32      34             0.04826216679506837                
21      22             0.0482067986414936                 
11      44             0.04773563695817837                
17      24             0.04688704454484484                
34      41             0.04621764810328671                
22      39             0.046167085345700104               
30      35             0.0455952915913832                 
19      25             0.04546032583959725                
18      22             0.04545512433690441                
24      25             0.04530224889752049                
5       8              0.044997071387843646               
28      36             0.04468269148343115                
5       17             0.044654420079449475               
22      28             0.04429473158836382                
30      36             0.04418587923125493                
40      43             0.04416293950589245                
41      45             0.043228545418247805               
34      35             0.04311642288431505                
38      44             0.042674591231172954               
33      38             0.04266662111980393                
26      42             0.04264288299408088                
23      34             0.04262415480207285                
6       23             0.04214773201764649                
28      39             0.04187011510074594                
5       26             0.04158634888619084                
4       17             0.04142336584307384                
12      29             0.041344888065913646               
1       17             0.041183670309184656               
15      30             0.041104663861445886               
5       9              0.04100989915746778                
4       5              0.04088920067322438                
8       44             0.04072095207485116                
37      45             0.04011796324994754                
19      27             0.03960079535300841                
31      34             0.03911702153735938                
21      41             0.03889291836548317                
21      27             0.03801901105347119                
3       31             0.037998145705646996               
5       21             0.03728351072438377                
15      34             0.036979673275931185               
4       26             0.03693063219329788                
26      41             0.03688795017918914                
30      33             0.03667377937016983                
39      42             0.036546331838977264               
40      41             0.036429147485395996               
17      41             0.036160198970284635               
17      42             0.035824153837064984               
8       9              0.03568730996728359                
6       17             0.035463968286304215               
13      35             0.03509841948981168                
32      37             0.03475370804455796                
4       7              0.03472010915780599                
10      38             0.03465779324076934                
2       3              0.03455660300151922                
9       12             0.034335567289295904               
10      13             0.03402189816042403                
15      35             0.03396950473861031                
22      44             0.033911604539153095               
19      36             0.03386068596181151                
7       19             0.033109777129440826               
6       26             0.032112411094973425               
20      24             0.03185774922848705                
11      34             0.03183619221708628                
21      44             0.03173534365902422                
1       43             0.031369373757328234               
9       32             0.031191384308339787               
35      45             0.030758625012070634               
6       33             0.03048104823385825                
8       33             0.030432294983172514               
15      16             0.030002898533857736               
1       37             0.029969229072247403               
2       32             0.02993779847066555                
22      36             0.02955787253178538                
1       26             0.02936046999121905                
12      22             0.029328090730333642               
23      43             0.029000986573797793               
13      36             0.02881200209847022                
1       41             0.028655062763357386               
8       41             0.02804468140655758                
4       33             0.027982261556347143               
7       40             0.027786031726854926               
22      31             0.027344826723480736               
3       21             0.027198840354974774               
1       35             0.026967550169407023               
21      43             0.026909339909214014               
20      28             0.02679157510477395                
10      23             0.026544544770263884               
9       19             0.026425618867606387               
26      40             0.025661167528129025               
17      40             0.02552633587294506                
31      37             0.0252151820379444                 
2       22             0.025156065342443967               
18      36             0.024993633966920892               
25      40             0.024842674109525842               
15      22             0.024571201384307156               
2       43             0.024194244008104826               
29      37             0.02402049691093114                
13      33             0.023807667880981986               
29      35             0.02373048016874664                
5       42             0.023434274736670396               
19      37             0.023146395460786916               
2       14             0.023095085534003135               
25      37             0.022885881226625576               
20      35             0.022547693284713774               
5       38             0.02243067071443211                
28      33             0.021741626046982987               
12      34             0.021734487400256602               
28      37             0.021631719621339487               
27      43             0.021401099476217433               
10      35             0.021373325120208897               
10      30             0.021154607779060974               
9       41             0.021006486184657946               
6       43             0.020848977058678303               
23      33             0.020485009407610444               
29      44             0.020333172410877898               
19      39             0.020227843503077506               
7       28             0.020097310389748643               
14      44             0.02003909053588035                
31      42             0.019494403137820485               
33      35             0.019463614423378656               
43      45             0.019046442528387914               
5       34             0.018994198539451446               
1       25             0.018808502002014393               
6       10             0.01870978356247785                
2       21             0.018539598939193935               
16      41             0.01804055397818921                
5       35             0.017968022422562915               
15      39             0.017884247066087267               
15      27             0.017869652872429892               
2       45             0.01778218289873368                
32      45             0.01752935928304622                
31      35             0.017478999719490407               
26      35             0.01732684811132386                
24      36             0.017022145713553247               
1       22             0.017008169150903918               
18      19             0.016644053418306506               
6       16             0.016504071668288323               
20      42             0.01638348494776326                
35      42             0.016156948627289766               
25      38             0.016137313087715932               
9       31             0.01600183525006421                
8       11             0.015840273580376596               
23      32             0.015521955523319947               
18      24             0.015398343152657604               
8       32             0.015061855422544512               
10      15             0.014918167556790318               
15      36             0.014404386311157633               
9       11             0.013897999973396302               
2       38             0.013864317658611347               
27      38             0.013800112941144888               
5       16             0.013713019516953251               
24      27             0.01322980127565139                
37      42             0.012976741295249547               
1       2              0.012020886944345222               
3       22             0.011445422496130786               
24      39             0.011363695242239416               
1       5              0.011184119659997604               
22      38             0.010989505133897293               
16      19             0.010946677009240832               
38      45             0.010607894095818249               
20      33             0.010526648644249181               
37      39             0.010126809655429087               
11      37             0.009261506062429148               
40      45             0.009137239946689218               
10      20             0.00891130836460921                
25      43             0.008455076650813534               
34      37             0.008349601648730762               
6       29             0.008288036460986054               
16      43             0.00825757518222403                
28      29             0.008186513152268149               
1       8              0.00702026459989416                
11      23             0.0068451169160963915              
6       38             0.00651226388256565                
1       36             0.006497993765488694               
16      21             0.006451087847585468               
7       15             0.0062260286911878515              
19      28             0.00617063894108244                
8       21             0.005869773144179191               
19      35             0.005862284610795951               
15      24             0.005202144926389721               
22      42             0.004926920922269554               
15      23             0.0049117714290764225              
5       27             0.004704939440849043               
6       20             0.004669166850823553               
24      44             0.004597947747693398               
14      40             0.004460059134425792               
27      41             0.004346923262930014               
6       45             0.004303963520265103               
16      36             0.004254787598982901               
28      32             0.004248644876726229               
10      28             0.004038648694699221               
16      24             0.004029497533903803               
22      43             0.003926182964718222               
10      25             0.0037050442748179646              
20      23             0.0036166663609996097              
2       24             0.0033722113893632777              
1       32             0.002982934773367335               
20      36             0.0027206450415583477              
23      40             0.002710728460606937               
12      37             0.0026651721426173836              
9       38             0.00257344348867089                
3       23             0.002493771168895015               
31      43             0.0024082891968203735              
32      38             0.0017377431042257807              
14      37             0.001654084433909242               
12      21             0.0015696615962323551              
20      27             0.0014148530653780855              
24      28             0.001194272532188026               
26      27             0.0009779504477905598              
10      14             0.0009018250897571967              
14      35             0.0008259264185651871              
21      39             0.0007461481467596898              
12      42             0.0007352897345450221              
21      31             0.0007040498386046423              
28      31             0.0005647631296093192              
14      33             0.0005339672452785993              
14      15             0.000522715201471971               
7       42             0.00029874787185055207             
9       24             0.00022070023889225743             
3       25             0.00010922206559146885             
10      18             9.147012810964417e-05              
25      33             -0.00046240783326570445            
1       44             -0.0007438626606182941             
22      40             -0.0007528612276647972             
3       44             -0.0009094407642035174             
4       39             -0.0012426130251111944             
25      28             -0.0012521998753598912             
24      34             -0.001391327189224495              
21      36             -0.0014129734756875567             
6       14             -0.0014279259920609577             
26      37             -0.0017222444501006906             
1       12             -0.001729657448088756              
24      40             -0.0020590723112134945             
12      43             -0.0022014001312762876             
8       34             -0.0022020264962427094             
9       25             -0.002881533523230284              
17      27             -0.002949025316860421              
15      20             -0.003074414495434691              
32      40             -0.003339765378136128              
18      37             -0.003492474979584992              
23      29             -0.0035574946997534995             
7       37             -0.003615100398648985              
17      35             -0.003715594181351964              
21      35             -0.0037665500158984982             
6       13             -0.00393800422167262               
16      40             -0.004007724172446103              
6       8              -0.004334550923615954              
12      35             -0.00435437031419382               
25      35             -0.004368300515902507              
1       42             -0.004456896897597568              
30      40             -0.004499062027031486              
27      37             -0.004523726933000793              
31      44             -0.004577837848549315              
5       37             -0.004581464625208961              
29      40             -0.0047715827559711155             
11      45             -0.004881557686635535              
37      41             -0.0048907372557264045             
25      44             -0.005071030018755973              
38      40             -0.005143037854469318              
9       30             -0.005287224862031092              
6       22             -0.00547281821404913               
9       36             -0.0057339147161349635             
25      45             -0.005805072823632296              
15      19             -0.005971522712521604              
4       10             -0.006016252935801547              
6       36             -0.006084587292410612              
5       36             -0.006094645564928586              
44      45             -0.006103664871216663              
24      37             -0.006177376071979657              
10      42             -0.006264084214537086              
13      40             -0.006284888901052332              
19      40             -0.006332534608416984              
23      45             -0.0063813580781540424             
27      28             -0.00641291025261001               
6       24             -0.006547504566254442              
24      33             -0.006633480571232364              
16      22             -0.00674851181427133               
7       35             -0.00709259357584803               
10      22             -0.007218802990783368              
14      19             -0.007232104629727967              
19      26             -0.007368923032522567              
9       13             -0.007542879706980671              
7       36             -0.007639321526631063              
24      43             -0.007653004054613666              
14      17             -0.007739720566821609              
28      34             -0.0077421498724869475             
2       12             -0.00775383912390748               
9       22             -0.007819772929696628              
30      37             -0.007852370310931889              
19      34             -0.007938096076492415              
6       44             -0.00795270126207634               
15      33             -0.00801833775762123               
11      15             -0.008177186605157996              
18      33             -0.008334772801237122              
9       14             -0.008813004240301098              
16      38             -0.009094284212655235              
6       27             -0.009281464868688055              
15      17             -0.009339194581345578              
14      28             -0.009620318863641425              
15      37             -0.009751667192747643              
32      35             -0.00997444166589094               
1       15             -0.010196335530542056              
29      38             -0.010238744392881333              
37      43             -0.01034781916231449               
35      39             -0.010437007644605131              
32      36             -0.01066560796920471               
6       30             -0.011076665538241548              
11      14             -0.011159924131346158              
8       36             -0.01118472079591283               
7       45             -0.011340522166432998              
17      23             -0.011377006691550617              
20      45             -0.011490983163397417              
16      26             -0.011536589870776354              
9       18             -0.011559886686114323              
19      29             -0.011671235786820888              
7       13             -0.011746740959186833              
23      26             -0.0118165583117118                
24      45             -0.011851807314406576              
2       29             -0.011879782584765797              
13      34             -0.012202927185195028              
22      37             -0.012248300051425298              
11      38             -0.012368630250884527              
2       23             -0.012377285999218501              
15      25             -0.01242513694454521               
26      28             -0.012442459849661247              
39      41             -0.012514580376824652              
29      33             -0.012672012044683933              
14      24             -0.01286988141912622               
4       35             -0.012888478028206043              
17      37             -0.013043701382144099              
1       11             -0.013077577730741918              
39      44             -0.013104466134575332              
5       33             -0.013172920248256309              
43      44             -0.013213532204858797              
12      44             -0.013246486405804753              
25      39             -0.013259409487168652              
18      28             -0.013271315060518471              
11      35             -0.013381837759464957              
19      42             -0.013456314177465387              
25      34             -0.01384868034842901               
4       22             -0.014356439855790146              
14      34             -0.014407444693961907              
1       29             -0.014506187548916749              
40      44             -0.015020630222440823              
30      44             -0.015039800953986326              
22      33             -0.01505637229613202               
8       29             -0.01527187543404157               
13      37             -0.015402665583044595              
15      18             -0.01568291251030618               
7       25             -0.015933866433002528              
18      44             -0.016001618989017502              
17      28             -0.016128729663910685              
16      17             -0.016217124353002682              
23      36             -0.01630288734424179               
31      36             -0.01653001201352755               
7       30             -0.016541757834757295              
12      15             -0.016543094473159117              
10      26             -0.016630873242381577              
36      42             -0.016650473196263116              
13      43             -0.016823307715806604              
5       14             -0.017002831843399832              
11      28             -0.0171530493586656                
2       31             -0.017335743342085708              
34      45             -0.017388556674925032              
22      45             -0.017672160207553855              
30      34             -0.01777571656142815               
7       21             -0.017776398769157542              
18      27             -0.01787868620025254               
36      41             -0.017932968861961038              
4       40             -0.018088794665236885              
22      34             -0.018106167943683554              
7       24             -0.018279982009217627              
35      38             -0.018281069023283608              
24      29             -0.018367596557421137              
1       31             -0.018660484962349483              
14      26             -0.018824636731415323              
12      45             -0.018869693999660597              
5       19             -0.018883800958181526              
18      34             -0.018916276111362484              
4       19             -0.018934137815032795              
36      39             -0.01899132448018101               
15      21             -0.019060390214722                 
29      36             -0.01908714240240314               
1       23             -0.019713478507564636              
15      26             -0.019849694585078584              
17      19             -0.020048803913980104              
30      43             -0.020083953086671186              
3       15             -0.020152163305633936              
6       11             -0.020191626391604156              
4       20             -0.020300213303442116              
35      41             -0.02044884065710667               
7       34             -0.020799961084496638              
15      43             -0.020997423531935122              
2       13             -0.021007863590143616              
11      12             -0.0212047036529332                
5       39             -0.02128895711120657               
5       6              -0.021291852298119723              
21      37             -0.021347646912168644              
12      33             -0.02145906499226552               
33      42             -0.02195714237813587               
18      39             -0.02196652970067882               
12      23             -0.022348768514199396              
16      37             -0.022368899039858045              
15      29             -0.02271623852091588               
16      28             -0.022824140988761066              
42      45             -0.023043751303478327              
21      34             -0.023072956834924774              
23      31             -0.023114431486765508              
31      40             -0.023132433258501506              
8       40             -0.02316330719936749               
37      40             -0.023330645357967666              
11      19             -0.02348131125181581               
14      25             -0.02355577454491399               
1       24             -0.023574029259969265              
7       44             -0.02361292777347071               
8       35             -0.02369148524799143               
23      28             -0.02376540020728031               
19      31             -0.02388643941604983               
11      40             -0.023949050302235736              
36      44             -0.024153348513330494              
8       25             -0.024176920571893523              
20      39             -0.024256068901291977              
21      29             -0.024284172717619318              
13      44             -0.024331786771671304              
4       41             -0.02473669208833812               
12      39             -0.02498401186102296               
12      28             -0.02501157172570477               
16      20             -0.025079724030907302              
6       32             -0.02509272081590444               
27      40             -0.025263497834387666              
4       37             -0.025408872644745645              
1       14             -0.025500278017658445              
11      36             -0.025680185667022015              
1       10             -0.025749708088226103              
18      43             -0.025841799277556393              
20      22             -0.025923017345221136              
12      19             -0.026040846631457726              
33      34             -0.026322182068504923              
23      39             -0.02651397226446886               
8       37             -0.026561849702143397              
10      37             -0.026613131266405937              
34      42             -0.026620816750474563              
29      32             -0.026824736231852622              
26      29             -0.02685434445612872               
22      24             -0.0269188544687209                
3       45             -0.02696707247822852               
11      17             -0.02698009943546842               
18      35             -0.02707315051100001               
9       37             -0.02713561740701627               
10      24             -0.027168990543187554              
17      21             -0.02735373156585308               
10      31             -0.027511330770217307              
17      33             -0.02757893858964716               
1       19             -0.02760796775048055               
7       41             -0.02767485773179587               
7       31             -0.027808393577388346              
2       18             -0.027824568832783364              
2       36             -0.02789834024833343               
28      41             -0.027919930825576422              
15      32             -0.02797208502014306               
29      34             -0.027983968449300012              
6       12             -0.028053759933414024              
23      24             -0.028159594896061124              
21      26             -0.028193108399195782              
19      32             -0.028383184480685344              
7       18             -0.029061216757918812              
11      24             -0.029277774005377066              
5       22             -0.029302357793717232              
10      19             -0.029419055309177072              
12      40             -0.029491507960708346              
14      41             -0.029564746349581922              
24      35             -0.029587158641926486              
4       44             -0.029593427546445145              
25      36             -0.029695351703036013              
5       7              -0.02972182733307141               
14      38             -0.02976848658386233               
18      38             -0.029805289960833786              
24      31             -0.029927041490551448              
15      31             -0.029967489096711583              
10      29             -0.030260622593428432              
26      36             -0.03042141510064139               
29      41             -0.03047021823694504               
2       30             -0.030520522774111214              
10      17             -0.03073510595910231               
21      28             -0.030762968248403494              
9       39             -0.03079911607067734               
8       24             -0.03108147289088553               
34      36             -0.03118864928824623               
5       40             -0.031193027157727204              
14      36             -0.031202850631628615              
7       17             -0.031408810062002746              
27      29             -0.03168604904616451               
6       21             -0.031687207815411345              
31      32             -0.03173479479299855               
3       18             -0.03195606215030186               
1       16             -0.03213943193925439               
1       20             -0.03215819594357555               
11      25             -0.03224438709672624               
23      35             -0.03230485154674638               
27      42             -0.03242937797437975               
12      17             -0.032463157854801084              
4       36             -0.03263680841629313               
3       24             -0.03264425206388903               
17      38             -0.03264829595500751               
12      24             -0.0326563850795817                
9       40             -0.03271630222876942               
2       37             -0.032720404798209646              
21      24             -0.03281270840309573               
17      29             -0.03284268461954361               
13      17             -0.03311201073333367               
12      36             -0.0331251870205561                
39      43             -0.03313670614649347               
2       41             -0.03320435118397788               
6       41             -0.033251023601483826              
1       13             -0.03330528635229271               
3       19             -0.033319961448805904              
5       18             -0.03343316597431746               
24      32             -0.0337723036638338                
3       39             -0.03385178679040207               
10      16             -0.03387349578140819               
3       20             -0.03395014797562523               
20      31             -0.03407150506376466               
18      41             -0.034129536225820906              
12      20             -0.034268674311913785              
19      22             -0.0343670568434261                
9       29             -0.0345216951554575                
2       7              -0.03456210964341361               
9       33             -0.03465690878145611               
19      21             -0.034661565182871085              
11      13             -0.03493292138370478               
7       9              -0.035062106852516484              
31      45             -0.035148180305896115              
22      27             -0.035158958275969876              
8       26             -0.03526217915719998               
5       44             -0.03533080422245438               
2       35             -0.03546196178252582               
7       23             -0.035483751780768485              
31      39             -0.03555164756266044               
24      38             -0.03564591271662143               
2       39             -0.035723453311432896              
9       28             -0.03578514285100062               
14      27             -0.035801297386644115              
27      35             -0.0358812281684322                
29      45             -0.03606760771557013               
20      41             -0.03619061710259325               
23      37             -0.03625182860872027               
22      41             -0.03636515293468365               
8       14             -0.03637039692494046               
15      44             -0.036502585921819486              
2       4              -0.03651903950706398               
26      39             -0.036622448744555836              
4       14             -0.0366719288054895                
22      29             -0.03688517202055594               
17      39             -0.03703832871759749               
23      25             -0.03705813625396702               
17      36             -0.03709777041309553               
11      26             -0.037099175836749376              
29      43             -0.037117483166905274              
34      38             -0.037158218376442065              
42      44             -0.03741951610881286               
36      45             -0.03742370565242087               
19      41             -0.03744668938526359               
40      42             -0.03755390025743721               
30      42             -0.03764246975002823               
8       31             -0.03781874765525542               
1       30             -0.037911475816693546              
33      43             -0.03823793088146221               
19      43             -0.038469057657258984              
24      41             -0.0384779195180287                
25      30             -0.038692068453889866              
7       20             -0.03872237576269574               
7       8              -0.03874736906722792               
11      29             -0.03884942156549283               
20      37             -0.038976882651822684              
6       31             -0.039140028651727415              
22      25             -0.03927419844381998               
26      43             -0.03935763083174479               
19      33             -0.03936796362780148               
3       33             -0.039473033077282366              
11      18             -0.03949084375559578               
21      40             -0.0395632047310977                
13      25             -0.039649416759965                 
4       29             -0.03999116208498768               
17      43             -0.04001212563303927               
10      41             -0.04002392427500989               
2       16             -0.04024102405596425               
7       26             -0.04025941668011471               
5       31             -0.04028430687119787               
9       35             -0.04044070510356472               
30      32             -0.04044127452145438               
38      43             -0.04045518579452734               
20      44             -0.04045815357863208               
6       25             -0.0405122252586283                
14      21             -0.0406411188149291                
33      37             -0.04065825638947665               
25      32             -0.040721487691690664              
9       20             -0.04086762473817601               
3       8              -0.04096936492227643               
13      38             -0.041015669182259185              
10      34             -0.041028905097766855              
33      41             -0.04108999746123973               
3       34             -0.041161379143464294              
22      35             -0.041287331480117206              
37      44             -0.04134978731500434               
26      38             -0.04137289127191701               
4       18             -0.04147693635351568               
15      41             -0.04171572745919411               
7       12             -0.041797206912480483              
2       8              -0.04180513085890758               
1       38             -0.04183856295158281               
16      35             -0.04191234994753723               
29      42             -0.042081851806883216              
32      43             -0.04211493722059115               
19      23             -0.04214009825199043               
2       20             -0.042165387157853534              
20      43             -0.042201700322125474              
5       15             -0.042289368094523716              
14      32             -0.04231195855883889               
20      25             -0.04235899695600412               
9       45             -0.04242418332791614               
3       13             -0.04245035975715761               
2       6              -0.042481945089746787              
1       7              -0.04264512892765754               
9       10             -0.04281164555962674               
14      23             -0.04283215391372369               
30      39             -0.04301422899598693               
16      42             -0.04309173352887011               
1       39             -0.04325198696503532               
8       19             -0.04334822350749555               
12      26             -0.04335619667617362               
3       37             -0.04338342556009356               
13      16             -0.043475546950011684              
26      31             -0.04350383166358146               
6       42             -0.043533286704460106              
8       18             -0.043574623014486225              
2       5              -0.04360658332383771               
8       17             -0.043719733156315                 
24      42             -0.04381598126312823               
26      32             -0.0438885770435813                
5       28             -0.04392101574529898               
19      38             -0.04401297736719274               
3       30             -0.04422469751407543               
25      31             -0.04441975355992285               
6       18             -0.04452583258630852               
39      45             -0.044561308070195066              
14      45             -0.0446757854527651                
9       21             -0.04472634125957689               
15      38             -0.04481368562331098               
4       24             -0.04499511518303895               
10      40             -0.04505080864019584               
13      18             -0.04531270335999711               
33      40             -0.04536656810370268               
4       11             -0.04538640917362864               
3       9              -0.045489812978222605              
5       20             -0.04555236121315104               
12      25             -0.045670986157788224              
13      26             -0.04572165955766294               
18      20             -0.045826336110817684              
1       21             -0.04585234350684381               
26      30             -0.04621707171510635               
34      40             -0.04625119226240357               
11      16             -0.0463146206898612                
2       42             -0.04645677968904319               
38      42             -0.046523273652971736              
14      42             -0.046564618137451955              
17      31             -0.0467247153340033                
34      43             -0.046859474147029734              
35      43             -0.046982100121051626              
13      45             -0.04702962975565833               
11      27             -0.04704980582644516               
18      42             -0.0470857258116657                
4       38             -0.047088628304475244              
28      44             -0.04718267618842453               
28      43             -0.04718786119447754               
13      39             -0.047290656045424984              
12      18             -0.047298634510544835              
5       24             -0.047413157387798166              
17      32             -0.04742584922482242               
2       15             -0.04770846018761579               
36      43             -0.04782021475193164               
20      34             -0.047863414733284815              
6       35             -0.04812184519773963               
7       43             -0.04814176913463045               
4       16             -0.04815015177919335               
26      33             -0.04835576823969567               
34      39             -0.04848498625165834               
21      42             -0.04876385881080378               
10      45             -0.048773027392096935              
3       14             -0.04880050252326093               
3       26             -0.04887266333662452               
41      44             -0.04902463855934541               
25      42             -0.04911454676242648               
16      29             -0.04927884629703844               
2       28             -0.04937738100877995               
33      45             -0.04950068343807823               
10      27             -0.049580308910951665              
14      22             -0.04966391649807429               
14      16             -0.04968057777285842               
16      18             -0.04971028604593519               
30      38             -0.04972766170925333               
17      30             -0.04983553113276741               
3       36             -0.04996713447169092               
12      16             -0.049972062211405294              
31      33             -0.05016621327988338               
5       10             -0.05028289654975979               
3       35             -0.050328661887681925              
18      23             -0.05050567831942178               
5       29             -0.050776246767119476              
8       42             -0.05080696506353233               
19      44             -0.05088782146416976               
4       25             -0.050896125963183186              
4       23             -0.05114880853668777               
27      32             -0.05132959044167787               
3       41             -0.051582378822179586              
18      32             -0.05167307681820489               
14      39             -0.05171173496546444               
27      33             -0.05177693441347267               
3       10             -0.05195784451733529               
18      30             -0.0520606778023459                
21      33             -0.05211269663768958               
1       27             -0.0521344409317156                
5       12             -0.052160270226389055              
4       45             -0.05217403265094242               
3       28             -0.05222524773927825               
4       21             -0.05226478367911824               
16      33             -0.052452634136184145              
12      41             -0.05254515030054312               
2       19             -0.05258732303238593               
7       33             -0.05272208674137607               
2       10             -0.05285406499718756               
18      40             -0.05310492676538803               
11      42             -0.053160142799346236              
16      32             -0.05319187381794946               
25      41             -0.05328237823261829               
29      39             -0.05333520411044912               
9       43             -0.05345265505165714               
5       25             -0.05346255561101268               
3       7              -0.05360248106438431               
8       12             -0.053641618683344994              
18      31             -0.053710064868588744              
27      34             -0.05383197815304622               
1       4              -0.053925548689879726              
14      43             -0.054047811969531304              
16      44             -0.054052357791597394              
20      38             -0.054381569432605886              
10      43             -0.05450780772698505               
30      45             -0.05488452522437284               
2       40             -0.05490301947896187               
7       14             -0.055474181065077593              
17      44             -0.05554970621507194               
10      12             -0.05555112132247364               
4       6              -0.05574980591031409               
8       20             -0.05594192019556679               
16      30             -0.056047614877823435              
32      42             -0.05610567099949573               
4       32             -0.056133304737891354              
22      26             -0.05613776791715988               
16      25             -0.05640724406159678               
35      40             -0.05659850211674397               
13      21             -0.05665592391389876               
6       34             -0.05699944485856759               
3       17             -0.05702092856758309               
5       43             -0.05751840491330201               
36      40             -0.057563374733704126              
10      21             -0.057604117964032114              
1       6              -0.05762356283485681               
3       11             -0.05782582601438996               
17      22             -0.05785323717932553               
11      22             -0.05792802520982125               
19      45             -0.057948347642390846              
32      39             -0.05796849206327265               
21      30             -0.05801822686419614               
6       9              -0.05825872294077855               
6       19             -0.05828417509629759               
10      39             -0.05872567849937599               
1       33             -0.05885162136420513               
11      31             -0.058952609876047224              
7       11             -0.0591240651006273                
26      44             -0.059222502925828036              
7       38             -0.059298620829381254              
9       27             -0.05934913824419538               
13      42             -0.05949052856661809               
5       13             -0.05968704753325507               
6       37             -0.05978496909699357               
11      39             -0.06027423436627152               
22      30             -0.06027994930641703               
8       39             -0.06079792507638493               
1       9              -0.06101270166918629               
7       29             -0.06113724382809407               
25      27             -0.061190753883208854              
23      42             -0.06122061670007278               
12      38             -0.06128018520540751               
4       27             -0.061585233574357745              
31      41             -0.061822011689268944              
13      22             -0.061981332280653764              
4       13             -0.06233367751582204               
20      21             -0.062362943708617974              
33      44             -0.06252515685805415               
8       28             -0.06259788376349518               
23      41             -0.06338430891913102               
1       40             -0.06365688659869637               
2       17             -0.06367938497246303               
4       8              -0.06428850884610468               
8       30             -0.06472054918481679               
16      31             -0.06537306358010583               
5       30             -0.06550375957823175               
8       13             -0.06556940602622222               
22      32             -0.06575727005845232               
12      32             -0.06583096576391884               
11      30             -0.06611614081885156               
2       27             -0.06640243995532921               
4       9              -0.06676006593490669               
23      44             -0.06701776962322242               
27      30             -0.06761322851010101               
11      43             -0.06770824945512022               
5       23             -0.06822623651644691               
16      45             -0.06822770455386526               
2       26             -0.06911276768735636               
4       30             -0.06925447032760643               
1       28             -0.06940448268344934               
27      31             -0.06949971476139821               
23      30             -0.06957086639876782               
13      27             -0.06983627812919657               
13      41             -0.07010616249488714               
10      44             -0.07030635627163209               
3       29             -0.07031764425169987               
30      41             -0.0707213618089589                
13      23             -0.0710841272717005                
33      39             -0.07138506066417802               
13      32             -0.07141206961408676               
9       42             -0.07183327477907811               
3       5              -0.07294919653970286               
38      39             -0.07325112133116482               
2       33             -0.07444372659743523               
7       32             -0.07468809577207552               
41      43             -0.07473351448511334               
12      27             -0.07624386881856265               
3       38             -0.07786418376569265               
7       10             -0.08009382457209771               
3       32             -0.0804942190422287                
27      44             -0.08115241604442483               
35      44             -0.08148760707657579               
21      45             -0.08164187858142316               
6       15             -0.08214341138861175               
31      38             -0.08261308716455273               
28      38             -0.08268611232914172               
9       17             -0.08435425979777378               
15      40             -0.08548109723690256               
8       43             -0.08624967303292314               
9       16             -0.08809497603323005               
9       26             -0.08817939603832761               
1       34             -0.08939991679577494               
4       34             -0.09232397557806202               
26      34             -0.09323963945675365               
8       15             -0.09327389681753082               
17      34             -0.09359659175167895               
15      45             -0.0940080829880807                
16      34             -0.09660164665419993               
6       28             -0.10542663306926023               
28      45             -0.10836281588733152               
27      45             -0.10950874634260754               
28      40             -0.11093779808832968               
