#======================================================================
# PARAMETERS USED FOR THIS COMPUTATION: 
#	Sequence type: RNA
#	Total number of sequences in alignment data: 10
#	Length of sequences in alignment data: 44
#	Value of sequence identity: 0.8
#	lambda_h: 8.6
#	lambda_J: 8.6
#	Number of gradient decent iterations: 500
# The First and Second columns represent sites and the
# Third column is PLMDCA Frobenius norm, average product corrected (APC) DCA score
#======================================================================
34      44             0.07578110354049558                
26      36             0.06844422929508161                
28      33             0.062185415472354136               
2       44             0.060439717480636486               
25      36             0.05826275318722544                
2       30             0.05822562370914106                
1       24             0.05571671809317417                
29      44             0.055349605860856146               
18      34             0.0537331210341129                 
27      30             0.05369964473926014                
25      29             0.05205445692071725                
18      27             0.04939739089333296                
25      26             0.04866348581097611                
25      34             0.04833498252826146                
26      29             0.04559909340033247                
29      34             0.045424836132952826               
30      44             0.04469334289256993                
31      33             0.04287408659258193                
18      44             0.04283401282303991                
23      30             0.042824953610863435               
27      34             0.04219688793857234                
30      34             0.04192359339788453                
27      36             0.04172716297413315                
29      30             0.04163043616018313                
34      36             0.04109232718927451                
2       18             0.04107077066738746                
1       31             0.04103754338473275                
24      31             0.04103753478941328                
33      34             0.040446714470436275               
26      27             0.040216765577120714               
26      44             0.03764817747795509                
25      44             0.03653514607108379                
28      30             0.03629377670105722                
18      30             0.03568556683925838                
27      44             0.03506270563217397                
27      33             0.0339518826704332                 
33      44             0.03372076826711617                
2       34             0.03301726774769435                
31      44             0.03290168933963564                
18      23             0.03197893926544841                
28      29             0.03185554705913249                
2       31             0.031725308782461006               
29      33             0.0316809842307008                 
32      33             0.03130660863728301                
27      32             0.03123651872261165                
29      37             0.030620974500399557               
2       27             0.029390431500680866               
23      28             0.027997884714594343               
30      32             0.027562381401045104               
28      32             0.027023105290736836               
32      36             0.02658654814168151                
25      28             0.025986777296482105               
1       44             0.0253872691876586                 
24      44             0.025387268156547495               
25      30             0.025295624624827137               
25      32             0.02522627510157776                
28      44             0.02397508702511717                
29      36             0.023840825744971296               
26      30             0.02367340485387475                
2       29             0.023245865874755564               
18      33             0.023105007445940975               
28      31             0.022336360149682384               
29      32             0.02217976477234565                
28      34             0.021946821331074617               
36      44             0.02191841774420901                
32      34             0.021633740293527284               
18      32             0.020769116709551443               
18      36             0.020539342900501766               
31      34             0.019851466926008247               
23      34             0.019356301117002962               
27      29             0.018305865317215085               
23      27             0.017718113206880652               
18      37             0.015627878008667925               
26      34             0.015445455242299178               
25      27             0.014830203559147125               
2       23             0.014635501579716277               
24      34             0.013902239882487177               
1       34             0.013902237355702673               
27      31             0.013529187798649964               
26      32             0.01307710753054156                
32      44             0.01189567551518566                
25      33             0.011619835991126058               
23      44             0.01148675180643486                
26      28             0.009217338774778913               
30      37             0.009051217277263955               
26      31             0.008988478496347686               
24      33             0.00876366948239539                
1       33             0.008763667050202956               
2       25             0.008276505840305197               
6       9              0.007759393918797888               
5       9              0.007759393829998164               
8       9              0.007759393829998164               
4       9              0.0077593936967985735              
3       9              0.007759393652398708               
7       9              0.007759393652398708               
15      38             0.00775939130350406                
15      39             0.007759391214704342               
15      41             0.007759391214704342               
6       38             0.007759391214704335               
14      38             0.007759391214704335               
38      43             0.007759391214704328               
15      20             0.007759391170304469               
6       39             0.0077593911259046175              
6       41             0.0077593911259046175              
14      39             0.0077593911259046175              
14      41             0.0077593911259046175              
39      43             0.0077593911259046175              
41      43             0.0077593911259046175              
5       38             0.0077593911259046106              
8       38             0.0077593911259046106              
11      38             0.0077593911259046106              
19      38             0.0077593911259046106              
38      42             0.0077593911259046106              
15      17             0.007759391081504759               
6       20             0.007759391081504752               
10      15             0.007759391081504752               
14      20             0.007759391081504752               
20      43             0.007759391081504752               
5       39             0.007759391037104893               
5       41             0.007759391037104893               
8       39             0.007759391037104893               
8       41             0.007759391037104893               
11      39             0.007759391037104893               
11      41             0.007759391037104893               
19      39             0.007759391037104893               
19      41             0.007759391037104893               
39      42             0.007759391037104893               
41      42             0.007759391037104893               
38      40             0.007759391037104886               
6       10             0.007759390992705034               
6       17             0.007759390992705034               
10      14             0.007759390992705034               
10      43             0.007759390992705034               
14      17             0.007759390992705034               
17      43             0.007759390992705034               
4       38             0.007759390992705027               
5       20             0.007759390992705027               
8       20             0.007759390992705027               
11      20             0.007759390992705027               
19      20             0.007759390992705027               
20      42             0.007759390992705027               
15      22             0.007759390948305182               
3       38             0.0077593909483051685              
7       38             0.0077593909483051685              
39      40             0.0077593909483051685              
40      41             0.0077593909483051685              
4       39             0.00775939090390531                
4       41             0.00775939090390531                
5       10             0.00775939090390531                
5       17             0.00775939090390531                
8       10             0.00775939090390531                
8       17             0.00775939090390531                
10      11             0.00775939090390531                
10      19             0.00775939090390531                
10      42             0.00775939090390531                
11      17             0.00775939090390531                
17      19             0.00775939090390531                
17      42             0.00775939090390531                
20      40             0.007759390903905303               
6       22             0.007759390859505458               
14      22             0.007759390859505458               
22      43             0.007759390859505458               
3       39             0.007759390859505451               
3       41             0.007759390859505451               
7       39             0.007759390859505451               
7       41             0.007759390859505451               
4       20             0.007759390859505444               
35      38             0.007759390859505444               
10      40             0.007759390815105585               
17      40             0.007759390815105585               
3       20             0.007759390815105578               
7       20             0.007759390815105578               
5       22             0.007759390770705733               
8       22             0.007759390770705733               
11      22             0.007759390770705733               
19      22             0.007759390770705733               
22      42             0.007759390770705733               
4       10             0.007759390770705726               
4       17             0.007759390770705726               
35      39             0.007759390770705726               
35      41             0.007759390770705726               
6       15             0.007759390730603707               
14      15             0.007759390730603707               
15      43             0.007759390730603707               
3       10             0.007759390726305861               
3       17             0.007759390726305861               
7       10             0.007759390726305861               
7       17             0.007759390726305861               
20      35             0.007759390726305861               
21      38             0.007759390722007785               
22      40             0.007759390681906009               
6       14             0.007759390641803997               
6       43             0.007759390641803997               
14      43             0.007759390641803997               
15      19             0.007759390641803997               
15      42             0.007759390641803997               
5       15             0.00775939064180399                
8       15             0.00775939064180399                
11      15             0.00775939064180399                
4       22             0.00775939063750615                
10      35             0.007759390637506143               
17      35             0.007759390637506143               
21      39             0.00775939063320806                
21      41             0.00775939063320806                
3       22             0.007759390593106291               
7       22             0.007759390593106291               
5       6              0.007759390553004279               
5       14             0.007759390553004279               
5       43             0.007759390553004279               
6       8              0.007759390553004279               
6       11             0.007759390553004279               
6       19             0.007759390553004279               
6       42             0.007759390553004279               
8       14             0.007759390553004279               
8       43             0.007759390553004279               
11      14             0.007759390553004279               
11      43             0.007759390553004279               
14      19             0.007759390553004279               
14      42             0.007759390553004279               
15      40             0.007759390553004279               
19      43             0.007759390553004279               
42      43             0.007759390553004279               
4       15             0.00775939050860442                
22      35             0.007759390504306567               
3       15             0.007759390464204562               
5       8              0.007759390464204562               
5       11             0.007759390464204562               
5       19             0.007759390464204562               
5       42             0.007759390464204562               
6       40             0.007759390464204562               
7       15             0.007759390464204562               
8       11             0.007759390464204562               
8       19             0.007759390464204562               
8       42             0.007759390464204562               
11      19             0.007759390464204562               
11      42             0.007759390464204562               
14      40             0.007759390464204562               
19      42             0.007759390464204562               
40      43             0.007759390464204562               
4       6              0.007759390419804703               
4       14             0.007759390419804703               
4       43             0.007759390419804703               
3       6              0.007759390375404844               
3       14             0.007759390375404844               
3       43             0.007759390375404844               
5       40             0.007759390375404844               
6       7              0.007759390375404844               
7       14             0.007759390375404844               
7       43             0.007759390375404844               
8       40             0.007759390375404844               
11      40             0.007759390375404844               
15      35             0.007759390375404844               
19      40             0.007759390375404844               
40      42             0.007759390375404844               
4       5              0.007759390331004985               
4       8              0.007759390331004985               
4       11             0.007759390331004985               
4       19             0.007759390331004985               
4       42             0.007759390331004985               
3       5              0.0077593902866051265              
3       8              0.0077593902866051265              
3       11             0.0077593902866051265              
3       19             0.0077593902866051265              
3       42             0.0077593902866051265              
5       7              0.0077593902866051265              
6       35             0.0077593902866051265              
7       8              0.0077593902866051265              
7       11             0.0077593902866051265              
7       19             0.0077593902866051265              
7       42             0.0077593902866051265              
14      35             0.0077593902866051265              
35      43             0.0077593902866051265              
9       15             0.0077593902823073005              
4       40             0.007759390242205268               
15      21             0.007759390237907456               
3       40             0.007759390197805409               
5       35             0.007759390197805409               
7       40             0.007759390197805409               
8       35             0.007759390197805409               
11      35             0.007759390197805409               
19      35             0.007759390197805409               
35      42             0.007759390197805409               
9       14             0.007759390193507576               
9       43             0.007759390193507576               
3       4              0.00775939015340555                
4       7              0.00775939015340555                
6       21             0.007759390149107731               
14      21             0.007759390149107731               
21      43             0.007759390149107717               
3       7              0.007759390109005691               
35      40             0.007759390109005691               
12      15             0.007759390104707872               
13      15             0.007759390104707872               
9       11             0.007759390104707858               
9       19             0.007759390104707858               
9       42             0.007759390104707858               
4       35             0.0077593900646058325              
5       21             0.0077593900603080065              
8       21             0.0077593900603080065              
11      21             0.0077593900603080065              
19      21             0.0077593900603080065              
21      42             0.007759390060308                  
3       35             0.007759390020205974               
7       35             0.007759390020205974               
15      16             0.007759390015908155               
12      14             0.007759390015908148               
12      43             0.007759390015908148               
13      14             0.007759390015908148               
13      43             0.007759390015908148               
6       12             0.007759390015908141               
6       13             0.007759390015908141               
9       40             0.007759390015908134               
21      40             0.007759389971508275               
6       16             0.00775938992710843                
14      16             0.00775938992710843                
16      43             0.00775938992710843                
12      19             0.007759389927108423               
12      42             0.007759389927108423               
13      19             0.007759389927108423               
13      42             0.007759389927108423               
4       21             0.007759389927108416               
5       12             0.007759389927108416               
5       13             0.007759389927108416               
8       12             0.007759389927108416               
8       13             0.007759389927108416               
11      12             0.007759389927108416               
11      13             0.007759389927108416               
3       21             0.0077593898827085575              
7       21             0.0077593898827085575              
16      19             0.007759389838308706               
16      42             0.007759389838308706               
5       16             0.007759389838308699               
8       16             0.007759389838308699               
11      16             0.007759389838308699               
12      40             0.007759389838308699               
13      40             0.007759389838308699               
9       35             0.007759389838308685               
4       12             0.007759389793908833               
4       13             0.007759389793908833               
21      35             0.007759389793908826               
16      40             0.007759389749508981               
3       12             0.007759389749508967               
3       13             0.007759389749508967               
7       12             0.007759389749508967               
7       13             0.007759389749508967               
4       16             0.007759389705109115               
9       21             0.007759389700810949               
3       16             0.00775938966070925                
7       16             0.00775938966070925                
12      35             0.00775938966070925                
13      35             0.00775938966070925                
16      35             0.007759389571909532               
9       12             0.007759389567611352               
9       13             0.007759389567611352               
9       16             0.007759389478811628               
12      13             0.007759389390011903               
12      16             0.007759389301212179               
13      16             0.007759389301212179               
38      39             0.007759387973514449               
38      41             0.007759387973514449               
20      38             0.0077593879291145765              
39      41             0.007759387884714725               
10      38             0.007759387840314852               
17      38             0.007759387840314852               
20      39             0.007759387840314852               
20      41             0.007759387840314852               
10      39             0.007759387751515134               
10      41             0.007759387751515134               
17      39             0.007759387751515134               
17      41             0.007759387751515134               
22      38             0.007759387707115269               
10      20             0.007759387707115262               
17      20             0.007759387707115262               
22      39             0.007759387618315544               
22      41             0.007759387618315544               
10      17             0.007759387618315537               
20      22             0.007759387573915678               
10      22             0.007759387485115954               
17      22             0.007759387485115954               
9       38             0.007759387041117352               
9       39             0.007759386952317628               
9       41             0.007759386952317628               
9       20             0.007759386907917755               
12      38             0.007759386863517903               
13      38             0.007759386863517903               
20      21             0.007759386863517896               
9       10             0.00775938681911803                
9       17             0.00775938681911803                
12      39             0.0077593867747181786              
12      41             0.0077593867747181786              
13      39             0.0077593867747181786              
13      41             0.0077593867747181786              
16      38             0.0077593867747181786              
10      21             0.007759386774718172               
17      21             0.007759386774718172               
12      20             0.007759386730318306               
13      20             0.007759386730318306               
16      39             0.007759386685918454               
16      41             0.007759386685918454               
9       22             0.00775938668591844                
10      12             0.007759386641518581               
10      13             0.007759386641518581               
12      17             0.007759386641518581               
13      17             0.007759386641518581               
16      20             0.007759386641518581               
21      22             0.007759386641518581               
10      16             0.007759386552718857               
16      17             0.007759386552718857               
12      22             0.007759386508318998               
13      22             0.007759386508318998               
16      22             0.0077593864195192735              
12      21             0.007759385797921202               
13      21             0.007759385797921202               
16      21             0.007759385709121477               
1       27             0.007015619654821226               
24      27             0.007015618546510297               
1       30             0.006921114756908486               
24      30             0.006921113799092472               
18      29             0.0056848780972779955              
18      26             0.004976873791112536               
30      31             0.0048103184232490825              
1       2              0.0042339600980360464              
2       24             0.004233958849361147               
2       37             0.003936189572482332               
34      37             0.003851388133662703               
1       32             0.003675926222677088               
24      32             0.003675925129373439               
27      37             0.0033255716618741105              
24      36             0.0027302890691121087              
1       36             0.0027302866059098693              
23      33             0.0026787741736933393              
30      36             0.0024238872898404637              
30      33             0.0015892364976596365              
23      36             0.0014442935161206039              
15      37             0.0012618575006718216              
6       37             0.0012618574152335332              
14      37             0.0012618574152335332              
37      43             0.0012618574152335263              
5       37             0.001261857329795238               
8       37             0.001261857329795238               
11      37             0.001261857329795238               
19      37             0.001261857329795238               
37      42             0.001261857329795238               
37      40             0.0012618572443569495              
4       37             0.0012618572016378019              
3       37             0.0012618571589186611              
7       37             0.0012618571589186611              
21      37             0.0012618570822050187              
35      37             0.0012618570734803658              
12      37             0.0012618569540475827              
13      37             0.0012618569540475827              
16      37             0.0012618568686092874              
37      38             0.0012618543821742087              
37      39             0.0012618542967359203              
37      41             0.0012618542967359203              
20      37             0.0012618505287264672              
10      37             0.0012618504432881789              
17      37             0.0012618504432881789              
22      37             0.0012618503151307428              
9       37             0.0012618496743435625              
18      25             0.0006134433345157675              
29      31             0.0002230777088387953              
23      32             -0.0002878140513597194             
27      28             -0.0008473480454664825             
24      28             -0.0023541362525961868             
1       28             -0.0023541388258833257             
28      37             -0.0031192693369848923             
37      44             -0.003134275539422894              
18      31             -0.00316678163593561               
20      23             -0.0033567883957289213             
10      23             -0.003356788484052811              
17      23             -0.003356788484052811              
22      23             -0.003356788616538646              
6       23             -0.0033567888530352807             
5       23             -0.0033567889413591706             
11      23             -0.0033567889413591706             
19      23             -0.0033567889413591706             
7       23             -0.0033567891180069503             
9       23             -0.00335678927896782               
12      23             -0.0033567894556155997             
13      23             -0.0033567894556155997             
16      23             -0.0033567895439394896             
15      23             -0.0033567924900016893             
14      23             -0.003356792578325579              
23      43             -0.003356792578325586              
8       23             -0.003356792666649469              
23      42             -0.003356792666649476              
23      40             -0.003356792754973366              
4       23             -0.003356792799135304              
3       23             -0.003356792843297249              
23      35             -0.0033567929316211456             
23      38             -0.0033567957138236834             
23      39             -0.0033567958021475733             
23      41             -0.0033567958021475733             
21      23             -0.003356796773710362              
24      38             -0.0035597867815896633             
24      39             -0.00355978687055257               
24      41             -0.00355978687055257               
20      24             -0.003559786915034037              
10      24             -0.0035597870039969434             
17      24             -0.0035597870039969434             
22      24             -0.003559787137441303              
9       24             -0.003559787804663102              
1       38             -0.0035597892636838463             
1       39             -0.003559789352646746              
1       41             -0.003559789352646746              
1       20             -0.003559789397128213              
1       10             -0.0035597894860911125             
1       17             -0.0035597894860911125             
1       22             -0.0035597896195354722             
1       9              -0.00355979028675725               
1       16             -0.0035597905536459695             
21      24             -0.0035597915744348535             
12      24             -0.0035597917078792132             
13      24             -0.0035597917078792132             
16      24             -0.0035597917968421197             
1       21             -0.003559794056528995              
1       12             -0.0035597941899733615             
1       13             -0.0035597941899733615             
1       15             -0.0035597971924087174             
1       14             -0.003559797281371624              
1       43             -0.003559797281371624              
1       8              -0.0035597973703345304             
1       11             -0.0035597973703345304             
1       19             -0.0035597973703345304             
1       42             -0.0035597973703345304             
1       40             -0.00355979745929743               
1       4              -0.003559797503778883              
1       3              -0.0035597975482603364             
1       7              -0.0035597975482603364             
1       35             -0.003559797637223236              
15      24             -0.0035597984356047566             
6       24             -0.003559798524567663              
14      24             -0.003559798524567663              
24      43             -0.003559798524567663              
5       24             -0.0035597986135305695             
8       24             -0.0035597986135305695             
11      24             -0.0035597986135305695             
19      24             -0.0035597986135305695             
24      42             -0.0035597986135305695             
24      40             -0.003559798702493476              
4       24             -0.0035597987469749293             
3       24             -0.0035597987914563825             
7       24             -0.0035597987914563825             
24      35             -0.003559798880419289              
1       6              -0.0035598010066619223             
1       5              -0.003559801095624829              
33      37             -0.004377229720380696              
31      36             -0.004471968596942787              
36      37             -0.004980786894361301              
31      32             -0.0050115157680554745             
23      29             -0.005753403545629504              
2       26             -0.006370294349835319              
18      28             -0.006897943976058626              
32      37             -0.007001807559959536              
25      31             -0.007274629416675657              
10      31             -0.008256733162173895              
17      31             -0.008256733162173895              
22      31             -0.008256733284824486              
31      43             -0.008256733780315828              
31      42             -0.008256733862082893              
21      31             -0.00825673393896098               
31      40             -0.008256733943849952              
31      35             -0.008256734107384076              
20      31             -0.008256736805697128              
15      31             -0.008256737423839061              
6       31             -0.008256737505606127              
14      31             -0.008256737505606127              
5       31             -0.008256737587373185              
8       31             -0.008256737587373185              
11      31             -0.008256737587373185              
19      31             -0.008256737587373185              
9       31             -0.008256737623367753              
4       31             -0.008256737710023776              
3       31             -0.008256737750907309              
7       31             -0.008256737750907309              
31      38             -0.008256740408336835              
31      39             -0.008256740490103893              
31      41             -0.008256740490103893              
12      31             -0.008256741512192176              
13      31             -0.008256741512192176              
16      31             -0.008256741593959234              
1       26             -0.00861301611767263               
24      26             -0.008613017276159776              
2       38             -0.009109557746697639              
2       39             -0.009109557835888703              
2       41             -0.009109557835888703              
2       20             -0.009109557880484245              
2       10             -0.00910955796967531               
2       17             -0.00910955796967531               
2       22             -0.009109558103461902              
2       4              -0.009109558528682817              
2       3              -0.009109558573278345              
2       9              -0.009109558772394881              
2       21             -0.009109558816990417              
2       12             -0.009109558950777016              
2       13             -0.009109558950777016              
2       16             -0.00910955903996808               
2       15             -0.009109561941804394              
2       6              -0.009109562030995458              
2       14             -0.009109562030995458              
2       43             -0.009109562030995458              
2       5              -0.009109562120186515              
2       8              -0.009109562120186515              
2       11             -0.009109562120186515              
2       19             -0.009109562120186515              
2       42             -0.009109562120186515              
2       40             -0.00910956220937758               
2       7              -0.009109562298568644              
2       35             -0.009109562387759708              
23      26             -0.009255786235067807              
28      38             -0.009377749358900567              
28      39             -0.009377749441186509              
28      41             -0.009377749441186509              
20      28             -0.00937774948232948               
10      28             -0.009377749564615422              
17      28             -0.009377749564615422              
22      28             -0.009377749688044335              
9       28             -0.009377750305188878              
21      28             -0.00937775034633185               
12      28             -0.009377750469760762              
13      28             -0.009377750469760762              
16      28             -0.009377750552046704              
15      28             -0.009377753806044345              
6       28             -0.009377753888330287              
14      28             -0.009377753888330287              
28      43             -0.009377753888330294              
5       28             -0.009377753970616222              
8       28             -0.009377753970616222              
11      28             -0.009377753970616222              
19      28             -0.009377753970616222              
28      42             -0.009377753970616229              
28      40             -0.00937775405290217               
4       28             -0.009377754094045135              
3       28             -0.009377754135188106              
7       28             -0.009377754135188106              
28      35             -0.009377754217474048              
9       32             -0.00938334783500372               
32      42             -0.009383347968010602              
32      40             -0.009383348046103718              
32      35             -0.009383348202289948              
32      38             -0.009383350662223164              
32      39             -0.00938335074031628               
32      41             -0.00938335074031628               
20      32             -0.009383350779362844              
10      32             -0.009383350857455959              
17      32             -0.009383350857455959              
22      32             -0.009383350974595639              
15      32             -0.009383351537114663              
21      32             -0.009383351599340575              
6       32             -0.009383351615207779              
14      32             -0.009383351615207779              
32      43             -0.009383351615207779              
5       32             -0.009383351693300894              
8       32             -0.009383351693300894              
11      32             -0.009383351693300894              
19      32             -0.009383351693300894              
12      32             -0.009383351716480255              
13      32             -0.009383351716480255              
16      32             -0.00938335179457337               
4       32             -0.009383351810440574              
3       32             -0.009383351849487132              
7       32             -0.009383351849487132              
12      36             -0.009522730121993665              
13      36             -0.009522730121993665              
16      36             -0.00952273021214281               
20      36             -0.009522736490784493              
10      36             -0.009522736580933645              
17      36             -0.009522736580933645              
22      36             -0.009522736716157366              
5       36             -0.009522736970705485              
11      36             -0.009522736970705485              
36      40             -0.009522737060854637              
4       36             -0.009522737105929206              
3       36             -0.009522737151003782              
7       36             -0.009522737151003782              
35      36             -0.009522737241152927              
36      38             -0.00952274008085107               
36      39             -0.009522740171000216              
36      41             -0.009522740171000216              
15      36             -0.009522740515697493              
6       36             -0.009522740605846639              
14      36             -0.009522740605846639              
36      43             -0.009522740605846639              
8       36             -0.009522740695995784              
19      36             -0.009522740695995784              
36      42             -0.00952274069599579               
9       36             -0.009522741117566264              
21      36             -0.00952274116264084               
21      26             -0.010064329204115784              
12      26             -0.010064329328239405              
13      26             -0.010064329328239405              
16      26             -0.01006432941098849               
26      38             -0.010064331936417092              
26      39             -0.010064332019166178              
26      41             -0.010064332019166178              
20      26             -0.01006433206054072               
10      26             -0.010064332143289806              
17      26             -0.010064332143289806              
22      26             -0.010064332267413427              
26      43             -0.010064332724114972              
26      42             -0.01006433280686405               
26      40             -0.010064332889613135              
4       26             -0.010064332930987671              
3       26             -0.010064332972362214              
26      35             -0.0100643330551113                
15      26             -0.010064336366656185              
6       26             -0.010064336449405263              
14      26             -0.010064336449405263              
5       26             -0.010064336532154348              
8       26             -0.010064336532154348              
11      26             -0.010064336532154348              
19      26             -0.010064336532154348              
9       26             -0.010064336613321838              
7       26             -0.010064336697652512              
26      33             -0.010367336227913283              
24      29             -0.010438478242427336              
1       29             -0.0104384791047748                
20      33             -0.010765171012912467              
10      33             -0.010765171105276597              
17      33             -0.010765171105276597              
22      33             -0.0107651712438228                
21      33             -0.010765171982735869              
12      33             -0.010765172121282064              
13      33             -0.010765172121282064              
16      33             -0.010765172213646201              
33      39             -0.010765174692020693              
33      41             -0.010765174692020693              
15      33             -0.010765174953655976              
6       33             -0.010765175046020106              
14      33             -0.010765175046020106              
33      43             -0.010765175046020113              
5       33             -0.010765175138384243              
8       33             -0.010765175138384243              
11      33             -0.010765175138384243              
19      33             -0.010765175138384243              
33      42             -0.010765175138384243              
33      40             -0.01076517523074838               
4       33             -0.010765175276930446              
3       33             -0.01076517532311251               
7       33             -0.01076517532311251               
33      35             -0.010765175415476641              
9       33             -0.010765175661844095              
33      38             -0.010765178324946854              
1       37             -0.011122124876341864              
24      37             -0.011122129797768235              
21      25             -0.011317225594789364              
12      25             -0.011317225716489576              
13      25             -0.011317225716489576              
16      25             -0.011317225797623058              
25      38             -0.011317228346477928              
25      39             -0.011317228427611403              
25      41             -0.011317228427611403              
20      25             -0.011317228468178148              
10      25             -0.01131722854931163               
17      25             -0.01131722854931163               
22      25             -0.011317228671011842              
9       25             -0.011317229279512925              
15      25             -0.011317232835686593              
6       25             -0.011317232916820068              
14      25             -0.011317232916820068              
25      43             -0.011317232916820075              
5       25             -0.01131723299795355               
8       25             -0.01131723299795355               
11      25             -0.01131723299795355               
19      25             -0.01131723299795355               
25      42             -0.01131723299795355               
25      40             -0.011317233079087032              
4       25             -0.011317233119653762              
3       25             -0.0113172331602205                
7       25             -0.0113172331602205                
25      35             -0.011317233241353981              
12      18             -0.011558158458929928              
13      18             -0.011558158458929928              
16      18             -0.011558158554352445              
14      18             -0.011558164959097367              
8       18             -0.01155816505451989               
18      19             -0.01155816505451989               
7       18             -0.011558165245364925              
18      35             -0.011558165340787442              
18      21             -0.011558165766376735              
18      38             -0.0115581683465968                
18      39             -0.011558168442019325              
18      41             -0.011558168442019325              
15      18             -0.011558168588965148              
6       18             -0.011558168684387665              
18      43             -0.011558168684387672              
18      22             -0.01155816872828689               
5       18             -0.01155816877981019               
11      18             -0.01155816877981019               
18      42             -0.01155816877981019               
18      40             -0.011558168875232706              
4       18             -0.011558168922943965              
3       18             -0.011558168970655223              
18      20             -0.011558172215020888              
10      18             -0.011558172310443406              
17      18             -0.011558172310443406              
9       18             -0.01155817316924608               
23      37             -0.01156249163058444               
26      37             -0.013031017197721213              
23      31             -0.013137674474965784              
23      25             -0.013350796496108139              
24      25             -0.013593166427344108              
1       25             -0.013593167154120574              
2       32             -0.013673010978809824              
28      36             -0.013738526666853532              
31      37             -0.014019290186175176              
1       23             -0.01429077845767844               
23      24             -0.014290783419503211              
1       18             -0.01514715194352835               
18      24             -0.015147153279443618              
21      29             -0.015681631868640813              
29      38             -0.015681634736533084              
29      39             -0.015681634807982923              
29      41             -0.015681634807982923              
9       29             -0.015681635558206196              
12      29             -0.01568163570110586               
13      29             -0.01568163570110586               
16      29             -0.0156816357725557                
15      29             -0.015681635853904412              
6       29             -0.015681635925354244              
14      29             -0.015681635925354244              
5       29             -0.015681635996804083              
8       29             -0.015681635996804083              
11      29             -0.015681635996804083              
19      29             -0.015681635996804083              
3       29             -0.015681636139703747              
7       29             -0.015681636139703747              
29      35             -0.015681636211153586              
4       29             -0.01568163796662398               
20      29             -0.015681638568998145              
10      29             -0.015681638640447977              
17      29             -0.015681638640447977              
22      29             -0.015681638747622732              
29      43             -0.015681639650644542              
29      42             -0.01568163972209438               
29      40             -0.015681639793544214              
2       33             -0.016023129544028403              
25      37             -0.016378181741715715              
27      43             -0.016976934062867245              
21      27             -0.016976934097917597              
27      42             -0.016976934142032316              
12      27             -0.016976934216665192              
13      27             -0.016976934216665192              
27      40             -0.01697693422119738               
16      27             -0.016976934295830262              
27      35             -0.016976934379527513              
27      38             -0.01697693501058195               
27      39             -0.016976935089747014              
27      41             -0.016976935089747014              
20      27             -0.016976935129329553              
10      27             -0.016976935208494616              
17      27             -0.016976935208494616              
22      27             -0.016976935327242218              
15      27             -0.016976935846347324              
9       27             -0.016976935920980214              
6       27             -0.016976935925512394              
14      27             -0.016976935925512394              
5       27             -0.016976936004677458              
8       27             -0.016976936004677458              
11      27             -0.016976936004677458              
19      27             -0.016976936004677458              
4       27             -0.01697693612342506               
3       27             -0.01697693616300759               
7       27             -0.01697693616300759               
2       28             -0.017880703329922115              
30      38             -0.018110496156105577              
30      39             -0.018110496224521003              
30      41             -0.018110496224521003              
20      30             -0.018110496258728723              
10      30             -0.018110496327144156              
17      30             -0.018110496327144156              
22      30             -0.018110496429767302              
9       30             -0.01811049694288302               
21      30             -0.01811049697709074               
12      30             -0.018110497079713878              
13      30             -0.018110497079713878              
16      30             -0.01811049714812931               
15      30             -0.01811049924687784               
6       30             -0.018110499315293273              
14      30             -0.018110499315293273              
5       30             -0.0181104993837087                
8       30             -0.0181104993837087                
11      30             -0.0181104993837087                
19      30             -0.0181104993837087                
4       30             -0.018110499486331845              
3       30             -0.018110499520539558              
7       30             -0.018110499520539558              
30      43             -0.018110501177938422              
30      42             -0.018110501246353848              
30      40             -0.018110501314769274              
30      35             -0.018110501451600133              
33      36             -0.018777546682773157              
2       36             -0.020236460425003065              
21      34             -0.021245379898364065              
34      38             -0.021245382596363667              
34      39             -0.02124538268197123               
34      41             -0.02124538268197123               
20      34             -0.02124538272477501               
10      34             -0.021245382810382567              
17      34             -0.021245382810382567              
22      34             -0.021245382938793904              
15      34             -0.021245383196978135              
6       34             -0.02124538328258569               
14      34             -0.02124538328258569               
34      43             -0.02124538328258569               
5       34             -0.021245383368193246              
8       34             -0.021245383368193246              
11      34             -0.021245383368193246              
19      34             -0.021245383368193246              
34      42             -0.021245383368193246              
34      40             -0.021245383453800802              
4       34             -0.021245383496604583              
3       34             -0.021245383539408365              
7       34             -0.021245383539408365              
9       34             -0.021245383580850583              
34      35             -0.02124538362501592               
12      34             -0.021245383752065694              
13      34             -0.021245383752065694              
16      34             -0.02124538383767325               
15      44             -0.022221138506132103              
6       44             -0.022221138579782897              
14      44             -0.022221138579782897              
43      44             -0.022221138579782897              
5       44             -0.02222113865343369               
8       44             -0.02222113865343369               
11      44             -0.02222113865343369               
19      44             -0.02222113865343369               
42      44             -0.02222113865343369               
40      44             -0.022221138727084484              
4       44             -0.02222113876390988               
3       44             -0.022221138800735278              
7       44             -0.022221138800735278              
35      44             -0.022221138874386072              
9       44             -0.022221140178725056              
21      44             -0.022221140215550453              
38      44             -0.02222114119438607               
39      44             -0.022221141268036863              
41      44             -0.022221141268036863              
22      44             -0.02222114148898925               
12      44             -0.022221142188671786              
13      44             -0.022221142188671786              
16      44             -0.02222114226232258               
20      44             -0.022221143167507416              
10      44             -0.02222114324115821               
17      44             -0.02222114324115821               
