#======================================================================
# PARAMETERS USED FOR THIS COMPUTATION: 
#	Sequence type: RNA
#	Total number of sequences in alignment data: 544
#	Length of sequences in alignment data: 47
#	Value of sequence identity: 0.8
#	lambda_h: 9.200000000000001
#	lambda_J: 9.200000000000001
#	Number of gradient decent iterations: 500
# The First and Second columns represent sites and the
# Third column is PLMDCA Frobenius norm, average product corrected (APC) DCA score
#======================================================================
7       43             0.3911105334958373                 
8       42             0.3651902548107824                 
5       45             0.3467135738226434                 
6       44             0.342812734348934                  
21      27             0.3393472240598499                 
20      28             0.24328132714618453                
3       47             0.2265282315037185                 
4       46             0.20215988230028503                
22      26             0.13138595490184057                
3       45             0.128396381913214                  
3       5              0.12135431299395186                
1       4              0.11226863498445855                
9       41             0.10887367918276411                
1       2              0.10180891781032755                
46      47             0.09520875575982879                
4       47             0.09472312388101703                
12      44             0.09140506225982153                
19      31             0.08984401457040196                
5       12             0.085792411017469                  
5       6              0.0835135824456394                 
1       47             0.08288876497534808                
2       4              0.08001851012709897                
18      32             0.07938172381688101                
31      37             0.07747431695988172                
43      46             0.07491162530840835                
7       46             0.07371012626942883                
6       30             0.07361977008353604                
39      40             0.07296324870018008                
42      43             0.07071950559128803                
2       8              0.0705319602628512                 
9       10             0.06969810275923949                
38      39             0.06965456974405171                
3       12             0.06790770528221089                
19      37             0.0678319258921047                 
7       42             0.06770829645064505                
2       47             0.06752028100337383                
1       46             0.06738886676453251                
40      41             0.06722581522438827                
1       7              0.06711856220115242                
13      18             0.06654178776880236                
13      32             0.0664565818324766                 
6       12             0.06558244494482644                
1       43             0.06554517908411679                
2       3              0.06436787823374725                
38      40             0.06385081406394286                
12      45             0.06378110372493062                
36      38             0.06366620212716045                
13      17             0.0629760333463172                 
7       8              0.06268137097214273                
4       35             0.06228994443123999                
3       46             0.06031798664276157                
36      39             0.057000934678303125               
23      24             0.056795233217450586               
39      41             0.0567081966637951                 
44      45             0.056627776799922994               
6       8              0.0566149851321338                 
10      41             0.05600222383203676                
34      36             0.055900458195982876               
34      38             0.05564445229137452                
33      34             0.055028555703011114               
5       44             0.05500306078102489                
5       30             0.05432921713742721                
4       7              0.0531482681409875                 
36      41             0.05298176364271067                
6       47             0.05226501959547494                
26      30             0.05206818802099833                
1       27             0.051996509849018366               
1       21             0.05197539893234668                
36      40             0.05170717109431069                
10      11             0.051692095984800915               
6       7              0.05045410080537718                
30      44             0.05038999760873543                
3       4              0.05016137906490008                
37      38             0.05008537160669438                
2       43             0.05001949410090177                
34      39             0.04999602285476532                
38      41             0.04924147598195943                
33      38             0.04923042022913087                
2       46             0.049188383246224585               
22      30             0.04890156798494                   
18      29             0.048801225224364184               
33      36             0.04879005849643449                
23      29             0.04806069021460933                
24      29             0.04784563428924484                
34      40             0.047223161990405674               
4       5              0.047160208887988844               
8       43             0.0462932898727037                 
23      25             0.045512597748051324               
24      25             0.0454963066257983                 
12      27             0.04537098731069128                
4       43             0.04518686205145275                
2       42             0.04461811669969805                
33      39             0.04446178928755804                
1       3              0.04440084610366449                
11      39             0.04435582343972845                
15      16             0.044185692861881745               
17      18             0.04414375897397832                
19      23             0.04329607246082251                
9       11             0.042521437249899145               
7       35             0.042428686707013163               
3       6              0.04242736430209877                
37      39             0.04228566116472225                
11      16             0.04210391446160201                
33      40             0.04181371306808657                
2       7              0.04088540115072775                
4       45             0.04082611606032936                
35      43             0.04068938252681292                
19      24             0.04063107038454704                
12      21             0.040441073715406534               
17      32             0.04022743211606754                
11      40             0.040070937449220405               
10      40             0.039831765056597                  
6       45             0.03963119902607211                
11      15             0.03905392253033305                
10      16             0.03874450092410321                
16      34             0.03834000184345608                
12      14             0.03830701935387937                
2       6              0.03796602271812741                
16      38             0.037741285439204596               
36      37             0.03768288229995405                
10      39             0.03710170526258692                
11      14             0.0370254669573386                 
25      29             0.0362828520390371                 
37      40             0.03583124197909804                
34      41             0.03577778623057761                
5       21             0.035728076608933124               
16      36             0.03555034235031612                
10      15             0.03538940851480995                
13      35             0.03506486432119103                
27      35             0.03502304989836849                
15      34             0.03498452374184223                
5       27             0.03497511101983097                
16      33             0.034852403273489506               
44      47             0.03468432877540714                
18      23             0.03465540399111586                
21      35             0.03461991004100573                
29      31             0.03437913507101918                
15      38             0.034272486884351354               
19      29             0.03426210864880874                
16      39             0.034159779494865115               
44      46             0.03357385509356203                
10      14             0.03347005437883309                
32      35             0.03341192636959778                
18      24             0.03323097470772826                
16      40             0.033089708404712835               
11      34             0.03289644782281719                
14      16             0.03278013384681                   
9       16             0.032746781371390324               
20      25             0.03252270552432912                
1       6              0.03222732168618761                
23      31             0.03220524253247378                
6       46             0.03220306457788055                
32      33             0.03203819964875568                
23      26             0.03188994901757526                
34      37             0.031829478289400415               
15      36             0.031811246706864325               
15      29             0.031778243972334794               
31      33             0.03151827683880934                
15      40             0.03148836056423449                
2       5              0.031426295425871276               
15      33             0.031378169036012524               
19      25             0.03136990305313207                
24      31             0.031300952422919595               
14      39             0.03081545586074791                
11      38             0.030617822770137915               
25      28             0.030544790648628                  
24      26             0.030498611107418444               
12      30             0.030333971079024205               
16      17             0.03018869623682288                
20      24             0.030148053089358584               
22      23             0.030028091937559606               
15      39             0.029937836166478805               
29      32             0.029850884379982956               
11      41             0.029744538177854794               
22      24             0.029671501593252256               
14      15             0.02966607932410424                
33      41             0.02943934621330939                
11      36             0.029427662607581187               
10      34             0.029292687407573903               
11      33             0.029128739766797022               
9       15             0.02879247850765513                
14      40             0.02872583506121374                
9       40             0.028691885302806322               
15      18             0.0286858985628997                 
24      28             0.028115658048098596               
14      34             0.027705094302476814               
9       39             0.02704776906113933                
23      32             0.026917596006315353               
8       28             0.02673330493483228                
15      17             0.026587967260906592               
10      38             0.02640989902301577                
17      23             0.026369323290392606               
30      45             0.026293480533725905               
14      38             0.025936066733020458               
2       44             0.025921337251282456               
17      24             0.02587042192862527                
4       6              0.025837828454484138               
13      23             0.0258265594668627                 
24      32             0.02574019239137923                
10      33             0.025673845180987323               
30      47             0.025615786047691658               
2       18             0.02525735532009113                
43      44             0.025164981595322655               
35      47             0.025006106222097257               
11      17             0.024933195862275326               
9       14             0.024863750917304396               
20      21             0.024771539021539987               
10      36             0.02459323184681847                
1       35             0.024298678987010283               
18      35             0.02423589539740789                
21      28             0.024187680738460032               
28      42             0.02414711209899613                
14      36             0.024097277282064324               
16      41             0.02381155554409669                
37      41             0.02313041579048669                
18      25             0.023048380356892093               
7       12             0.022972710186496104               
2       12             0.022914741099908778               
8       20             0.022868098781889293               
13      24             0.022613557282519556               
3       7              0.02255112547586416                
17      34             0.022527452332172862               
45      46             0.02223673828777499                
11      13             0.022129018024364483               
31      34             0.02197243200002265                
25      31             0.021897758522648234               
20      23             0.021857931592971863               
20      27             0.021854665791909283               
27      28             0.02183654617740831                
8       47             0.02176363751670618                
26      29             0.02174702061132322                
14      33             0.021594263234582863               
17      38             0.021421212396105227               
20      42             0.021393012192925276               
10      17             0.021263686826781675               
15      41             0.02121711521925812                
9       34             0.02110830111383779                
2       13             0.02104559774555098                
7       47             0.02081510039959024                
1       20             0.02081400712515219                
22      29             0.020787554284698723               
21      46             0.020775764813777964               
17      29             0.020566550652065536               
32      34             0.020523380512029427               
43      47             0.020520503599363707               
5       47             0.020360931109697625               
25      36             0.020273959200619147               
13      15             0.02021374750043313                
23      28             0.02008113220051934                
14      19             0.020011475915976004               
45      47             0.019992557545573428               
16      23             0.019779297419473187               
33      37             0.01973578571681303                
6       42             0.01968078448163993                
29      37             0.019656269155516992               
6       43             0.019522487120655185               
13      16             0.01940644215086991                
16      24             0.01928273894514227                
3       30             0.018854459372040777               
17      36             0.018841960954881304               
14      23             0.018196059155283308               
23      33             0.018179208916571793               
29      33             0.018166885419041094               
25      26             0.01813279302510161                
28      29             0.017744003571775094               
14      24             0.017739372739416212               
9       33             0.01765169913794716                
10      13             0.017573867360400203               
14      41             0.01723948420085835                
17      39             0.01717265375937249                
14      31             0.017121911987290475               
27      46             0.017081746606815287               
6       26             0.017008887466125125               
22      25             0.016983950806562648               
7       22             0.016882996806587308               
42      46             0.016868761648184294               
9       38             0.01686775134230612                
1       28             0.016651525150199048               
23      37             0.016570395890652345               
17      25             0.016514211326718216               
24      37             0.01646042238151231                
17      33             0.016439241340714825               
32      38             0.01635252325336642                
13      29             0.016319416506980322               
13      39             0.016029587144106835               
30      46             0.01592563526694714                
31      38             0.015821142149787207               
31      36             0.015801381874009895               
25      32             0.015629708769927822               
3       44             0.015628901084748806               
32      36             0.015494652795790514               
9       36             0.01549049605444345                
13      34             0.01542299175717371                
13      40             0.01540811923799737                
15      23             0.015326819784257713               
14      35             0.015229438489516578               
11      23             0.015169764811217998               
17      40             0.015148371666441528               
16      37             0.015080449179158253               
30      33             0.015057646393419485               
35      39             0.01502410600384771                
15      24             0.014899173737696038               
16      29             0.014821644058072396               
37      43             0.014753779233525027               
5       7              0.01472610093564354                
5       26             0.014527978089853122               
3       8              0.014327729990942284               
22      43             0.01428981764902544                
24      33             0.014230007108912701               
6       22             0.014109888909332055               
16      19             0.014041489065786061               
3       27             0.013987611588224202               
19      26             0.013437601301424587               
11      24             0.013302266468378864               
20      29             0.013296495441575809               
9       17             0.013073614395273554               
16      25             0.012978921037691493               
14      18             0.012945805806653013               
19      33             0.01294313913686107                
13      38             0.012884347770901222               
13      25             0.012754346438345401               
12      46             0.012684954644144722               
28      44             0.012681957051436696               
27      44             0.012328645498788718               
29      34             0.012205925452846475               
25      27             0.012166302235412194               
21      23             0.012019359041869931               
11      19             0.012004619232500624               
18      33             0.012001489620893604               
1       44             0.011999310466799473               
35      40             0.011994477662432182               
2       17             0.011775595042274128               
19      22             0.011745051766564152               
5       9              0.011660834332981249               
5       22             0.011641703119833383               
14      32             0.011518186446747111               
14      17             0.011257137578695467               
31      39             0.011223963049449698               
14      29             0.011206449929520676               
15      37             0.010957351206986002               
23      27             0.010930649166692827               
13      36             0.010846176069984156               
4       44             0.010667115690732726               
21      44             0.010549777260203605               
20      44             0.010530545097196198               
15      19             0.010345791542158728               
10      23             0.010338924305491992               
32      39             0.010312722306070901               
4       19             0.010310049398106064               
10      24             0.010107402766461687               
13      46             0.010096252666830077               
14      25             0.009975803083172356               
35      38             0.009831408562745406               
37      47             0.009821453576806832               
13      14             0.009785752236574588               
34      35             0.009783005511554033               
26      44             0.009685622799356752               
9       13             0.009443625995669738               
16      18             0.009312382460414617               
31      40             0.009198409468335347               
12      47             0.00915052099732383                
21      29             0.009107673996152421               
21      24             0.0090999074578402                 
13      33             0.009067346059796769               
8       46             0.008905746264806405               
23      34             0.008792813328016146               
24      34             0.00861366429285669                
26      45             0.008516323308741552               
8       35             0.008303897962980644               
11      37             0.008288771051529545               
7       44             0.008271717843778947               
4       13             0.008194524081474239               
27      29             0.008082895241596166               
16      31             0.008033177875439446               
24      27             0.007904249017927148               
6       35             0.007899601440952905               
32      40             0.007877726687938263               
8       12             0.00787156179079572                
1       30             0.007697133511825646               
27      45             0.0076854445559427775              
2       37             0.007630516704308546               
29      38             0.007605679958605865               
41      45             0.0075883732244889784              
3       37             0.007576100408033304               
15      25             0.0074890527003409965              
12      43             0.007404519808985571               
2       20             0.007404369268659158               
11      29             0.007348725586422036               
35      36             0.007074650513094707               
26      43             0.006940557538634651               
7       26             0.006918709006221699               
4       8              0.006916115873597112               
3       21             0.006909747149468001               
25      33             0.006815637887339666               
25      37             0.00675897755247816                
28      47             0.006715106176154201               
10      19             0.006541187443651161               
21      45             0.006409621587796205               
22      44             0.006333420610123652               
1       42             0.006257635142463705               
11      25             0.006257434131312314               
12      26             0.006084588179592135               
41      42             0.005931025284822047               
2       32             0.005899087643366982               
23      38             0.005883221284667645               
19      20             0.005834542589224945               
24      38             0.005820546165056853               
18      22             0.005669213711586102               
22      45             0.005548427639251549               
17      35             0.005496093658174314               
18      26             0.005475835316183383               
14      30             0.005419209725707003               
21      25             0.005252444877854506               
29      36             0.0051924518981761175              
42      47             0.005152793498052172               
16      32             0.005108301312545999               
5       8              0.005011909612480381               
8       44             0.004889571479400404               
11      18             0.0048453636698438385              
20      47             0.004713064115321838               
26      46             0.004576978398398324               
40      42             0.004431858365558997               
31      32             0.004223711249654774               
2       28             0.004216035523637626               
19      28             0.004209877380977833               
15      31             0.004000593194112695               
10      37             0.003761956059746968               
10      29             0.0037425873628415124              
13      41             0.003594574903212744               
19      34             0.003508383201800122               
17      41             0.0034901160281021956              
30      34             0.0034010793625935953              
23      39             0.003205397843036084               
24      36             0.00318529134308964                
23      36             0.0030801148160437344              
8       9              0.0029736546986759843              
12      22             0.0029236695586044165              
22      31             0.002716247570439284               
42      44             0.002615944692797967               
16      30             0.002613363794956025               
9       23             0.0024942613700014646              
26      31             0.002480023404851636               
11      31             0.002458132160054735               
1       9              0.0024042614497351983              
11      35             0.002298563221951877               
10      25             0.0021429251811228775              
9       19             0.0016966508069600483              
7       19             0.0015939798127422439              
24      39             0.0014969515212382156              
2       22             0.0014181026964689425              
42      45             0.0013740056401455591              
10      18             0.0012452932787170717              
15      32             0.0011994581462834858              
29      39             0.0011896329602978095              
4       31             0.0011778800225153846              
22      46             0.0010945166196470457              
1       5              0.0010699724570107372              
19      38             0.0010667771222635236              
1       41             0.0008243178645905708              
18      34             0.0007530754380393467              
28      31             0.0007151175269285021              
21      30             0.0007122578214168312              
25      34             0.0006579434975020615              
14      37             0.0006136829298291208              
1       8              0.0004382658372501097              
9       24             0.00036320983554624653             
19      47             0.00022229830408448947             
17      26             9.5469642538204e-05                
43      45             2.3209747823799143e-06             
19      39             -0.00022428276066759067            
4       26             -0.00022657255552849254            
17      22             -0.00022855507532081043            
24      40             -0.0002468749378637877             
1       45             -0.0002840107607193776             
18      20             -0.00031548033215574034            
23      40             -0.00035482493165128054            
17      46             -0.0006162909868294431             
33      35             -0.0006278835332558519             
5       46             -0.0006499849699538457             
10      31             -0.0006773297902495368             
28      30             -0.0008060014231313778             
18      38             -0.0008135985596329637             
35      46             -0.0008286104184728194             
26      32             -0.0009190683093074359             
19      36             -0.0009664923072288389             
9       45             -0.0009684147374054777             
20      30             -0.0011122636001779929             
22      32             -0.001113399802222928              
35      41             -0.0012704299789692286             
19      46             -0.0013122519557768192             
5       35             -0.0013477468359590766             
18      43             -0.0013840224850790034             
39      42             -0.001435240185946346              
36      42             -0.001439770536887569              
4       12             -0.0014577669200814547             
11      32             -0.001506996632079094              
5       43             -0.001539817195691906              
2       45             -0.001573966115437378              
4       42             -0.001693556925572215              
30      38             -0.0017953698708246951             
35      44             -0.0018018206482249138             
25      38             -0.0018624435861049893             
20      31             -0.0019162425108226189             
30      31             -0.0019782334683193376             
29      40             -0.0021461577210694915             
2       26             -0.0022477623267094377             
18      28             -0.002335355748101134              
38      42             -0.0024036159411514185             
9       20             -0.0028926459445854646             
22      47             -0.0029129857986352065             
2       31             -0.003004382174469203              
28      32             -0.0030169176459853286             
30      36             -0.003070311740776502              
18      36             -0.003229052834749724              
13      26             -0.003230487183970926              
17      20             -0.003239688811274982              
20      46             -0.0034333530329269946             
19      40             -0.0034554904304164996             
35      42             -0.003455585148020579              
13      22             -0.003615647192202323              
9       37             -0.0036156823765722546             
31      41             -0.003761075306800185              
6       27             -0.0038226849588784417             
31      47             -0.0038384149446006183             
30      32             -0.003851862903199804              
15      30             -0.003933560350684012              
31      46             -0.004032276340995095              
4       18             -0.004129832436790784              
3       26             -0.004213367217937566              
7       32             -0.004223318370636872              
4       32             -0.0044170639187442046             
28      46             -0.0045102335057722875             
17      28             -0.00458001073727464               
16      35             -0.004599211964977687              
10      32             -0.004701146124232086              
9       28             -0.004743283194733286              
18      39             -0.004868038325112692              
9       29             -0.004902624294747519              
18      19             -0.004930750544035481              
4       22             -0.004968068403715872              
19      43             -0.005006563470224865              
16      20             -0.005102909411480741              
29      30             -0.005135988927685312              
32      41             -0.0052504903410757475             
8       45             -0.005311374037290845              
16      26             -0.00538460290389739               
16      22             -0.005473890833173706              
11      30             -0.005545871853342474              
7       37             -0.005645496374665396              
11      12             -0.005773329421464121              
4       25             -0.005783983698914988              
6       21             -0.005949089635010951              
3       22             -0.006009542037138035              
25      39             -0.006173117980209815              
15      35             -0.006215634338795614              
20      32             -0.006329549214580357              
20      26             -0.006356403548237355              
19      21             -0.006396540488139896              
20      22             -0.006406036173938465              
28      33             -0.0064435023309430545             
9       42             -0.006486862201682181              
16      28             -0.006536843506874987              
18      40             -0.006545099685772021              
10      35             -0.006610752104054957              
9       18             -0.0066658710118808195             
12      15             -0.006806892559586344              
31      43             -0.006880674897933037              
30      39             -0.006938360749817546              
26      47             -0.006950972302341027              
22      28             -0.007058940426188029              
19      30             -0.007197839443815787              
19      27             -0.007227221145444773              
24      35             -0.00731030395056366               
27      36             -0.007410527785316229              
26      28             -0.007497614378905684              
3       31             -0.007522980894143244              
22      42             -0.007676848722803581              
27      30             -0.007742282223689612              
3       25             -0.007794269062959422              
13      20             -0.007798516883101972              
14      26             -0.0079199944540565                
14      22             -0.008022773608355377              
3       18             -0.008069445336581549              
32      43             -0.008123617029951097              
14      20             -0.008142400159799723              
9       25             -0.008143663335153928              
32      47             -0.008256401754725445              
17      37             -0.008265059567960878              
25      40             -0.008320060282864312              
8       11             -0.008327481050220797              
24      30             -0.00835921320176218               
23      30             -0.008909851210812461              
9       31             -0.008986489639917897              
13      28             -0.009073475934032044              
32      46             -0.009166436162221944              
11      26             -0.00953622958847182               
35      37             -0.009826624123548705              
11      20             -0.009845614680808065              
14      28             -0.009939324409495215              
15      20             -0.009981689482151085              
25      41             -0.00999478827066997               
4       17             -0.010009985696070534              
23      35             -0.010121669447384601              
4       37             -0.010174065780871364              
34      42             -0.010234490163891094              
26      33             -0.010256589178979661              
10      30             -0.010322432308347437              
30      40             -0.01032865831570784               
20      33             -0.010345042943666394              
22      33             -0.010378542497487861              
15      26             -0.010438947675564483              
27      47             -0.010516057126822714              
15      22             -0.010530422466985948              
18      31             -0.010539597818038815              
19      32             -0.010597723990831365              
2       19             -0.010746176181429201              
3       43             -0.010763528903173086              
5       41             -0.010782487595885473              
8       16             -0.010801741384998884              
3       13             -0.01082744088282954               
7       18             -0.010868043296613006              
25      30             -0.01089257371944978               
21      31             -0.011038638688616334              
25      45             -0.01111108950040602               
18      30             -0.011133249556622982              
8       22             -0.011227656236869749              
11      22             -0.011346930358158161              
7       31             -0.011379807747333423              
15      28             -0.011409497528259621              
21      26             -0.011603152592104163              
11      28             -0.0116136149171331                
28      34             -0.011659696312248877              
6       28             -0.011698467989945283              
26      37             -0.011799969088565967              
27      31             -0.011842083154219779              
22      37             -0.011958240359430744              
35      45             -0.012295662397936419              
28      37             -0.012472180970051289              
21      36             -0.012663339871942556              
9       32             -0.012689801729715455              
19      41             -0.012695548586718022              
21      33             -0.012804811792232501              
8       10             -0.013027698995260961              
8       41             -0.013105452857363975              
26      27             -0.013124763955179225              
18      21             -0.013172074930414474              
12      16             -0.013211996112795901              
21      32             -0.013350001511900453              
23      41             -0.013418351014496649              
27      33             -0.013500723991571414              
17      21             -0.013547718018692312              
18      46             -0.013565249862702758              
12      35             -0.013639438935044254              
11      21             -0.013967712327874943              
1       37             -0.013981870448767905              
13      37             -0.0140055384072484                
21      47             -0.014028334513739249              
25      47             -0.01403175146083327               
1       22             -0.014054652405537271              
26      42             -0.014165928659805552              
3       19             -0.014263184362538664              
18      27             -0.014316009174610095              
10      26             -0.014403311690712545              
27      32             -0.014408509856838794              
28      38             -0.014424755190301938              
6       10             -0.014487872673132451              
11      27             -0.014540792511415698              
10      22             -0.014565532786538743              
28      41             -0.014643796849859447              
17      27             -0.014658053065416995              
24      41             -0.014781184147735604              
10      20             -0.014821096056870611              
13      21             -0.014999113204064204              
9       35             -0.015009186851501724              
1       12             -0.015061710633344355              
21      22             -0.015129735425715121              
33      42             -0.015172023119568445              
20      34             -0.015296398629479013              
20      41             -0.015312545254824325              
20      37             -0.015321596337448826              
11      42             -0.015442056722813402              
5       15             -0.015486797883615247              
36      44             -0.015655712400581293              
14      21             -0.01569593726832648               
26      34             -0.01574130805132963               
21      40             -0.01574735349065258               
22      34             -0.015794961217874923              
13      27             -0.015844591155486337              
27      40             -0.015993233702781356              
6       20             -0.016120431818820835              
21      34             -0.01615492575997733               
10      28             -0.016218942860560706              
29      41             -0.01626091906078294               
1       29             -0.0162716712358707                
12      23             -0.01636652991470869               
3       17             -0.016373301341864877              
16      42             -0.016384766194761105              
14      27             -0.016417012108790624              
18      47             -0.016417958519708092              
10      12             -0.01653108445499131               
22      27             -0.016535235362276468              
21      39             -0.01668635990687503               
3       32             -0.016748746464328515              
27      34             -0.016813581416178405              
29      35             -0.016893786057930793              
7       45             -0.016969496168877968              
28      36             -0.017020874481812748              
16      21             -0.01710417808469869               
27      39             -0.017152487946369144              
8       26             -0.01720268972225375               
3       20             -0.017249052718475252              
8       40             -0.01725241544313319               
12      18             -0.017281878678883464              
2       29             -0.01729599854437388               
12      28             -0.017603968233028372              
20      38             -0.01765989529412884               
25      42             -0.017690431700088063              
16      27             -0.017693912814255364              
9       30             -0.017837090337034386              
26      38             -0.017874550412838752              
18      41             -0.01803817345689729               
22      38             -0.0182247912223146                
28      39             -0.01854487919267904               
8       14             -0.018571496043540872              
4       41             -0.018721832884450063              
8       15             -0.018729304563510657              
30      41             -0.018890335398125402              
21      37             -0.01911549382357071               
38      45             -0.01931032907017749               
17      19             -0.019378454998254552              
15      21             -0.01937982932374356               
3       9              -0.019393610782896004              
10      42             -0.019402810968545195              
12      19             -0.0194535485427417                
32      37             -0.019457206886937195              
12      40             -0.01960529150713837               
31      35             -0.019680603028427876              
5       11             -0.019803149980209087              
14      42             -0.019816176266284957              
10      21             -0.019841498149076237              
13      47             -0.01988887061405238               
20      36             -0.020007285685633674              
21      38             -0.020016114910015537              
8       39             -0.02013050785571964               
27      37             -0.020153818663422057              
12      24             -0.02022767793704608               
28      40             -0.020270123909405163              
9       12             -0.020354429581680572              
15      27             -0.020446443877656026              
12      20             -0.02048224543223881               
10      27             -0.020578617532413218              
40      44             -0.020621387428969642              
26      39             -0.020684102790067216              
12      29             -0.020733459877353463              
39      45             -0.020743558939155984              
3       28             -0.02080930861597148               
20      40             -0.02082367076201351               
26      36             -0.020853686229814677              
2       30             -0.0208653956016637                
27      38             -0.020898412745922024              
1       14             -0.020928326892456023              
22      36             -0.021006178964456265              
5       10             -0.02111201520300561               
20      39             -0.02113428828354677               
7       15             -0.021244774788077417              
4       9              -0.021252731588417215              
15      42             -0.02152676639175337               
12      17             -0.021580295810876934              
7       30             -0.021640684819438816              
3       42             -0.02184279277416558               
40      45             -0.02198562038964364               
13      19             -0.0220680666625917                
9       26             -0.022070606688441338              
8       36             -0.022076636749262274              
27      41             -0.02208729965930717               
22      39             -0.02216244254949591               
1       26             -0.022179798002111603              
6       11             -0.02233316579337981               
4       24             -0.02240336081557566               
41      47             -0.022443987650591204              
30      43             -0.022599408881711316              
1       19             -0.022638207383921846              
8       38             -0.02271467269538563               
40      43             -0.022728629625124216              
1       31             -0.022976832144085746              
13      31             -0.02317227024016466               
15      43             -0.023239994184495308              
1       13             -0.0232550422705671                
5       16             -0.023405660644050294              
25      35             -0.023471301951851403              
9       22             -0.02353745598057179               
15      45             -0.02363953818013033               
12      25             -0.02384071560316274               
17      31             -0.024003622787540577              
12      31             -0.02402707335153549               
30      37             -0.024080568575429437              
17      30             -0.024165650040637254              
22      40             -0.0241936694520635                
26      40             -0.02429987469464011               
12      42             -0.024410681546146507              
28      45             -0.02441350786305045               
37      42             -0.024515537055640885              
4       20             -0.024619984244855495              
4       23             -0.024726647531520027              
37      46             -0.024779036051059036              
20      45             -0.024779763830603707              
6       16             -0.024817361956784925              
1       33             -0.02486033832472094               
12      32             -0.024919379629434385              
1       18             -0.024960633500695023              
15      44             -0.02508329377803449               
9       47             -0.025116934797978288              
7       10             -0.025174553824493073              
8       25             -0.025393342861116344              
24      42             -0.025463492361898613              
12      34             -0.025533797114228013              
2       9              -0.025631879322346646              
2       35             -0.025775395782190222              
4       29             -0.025828876937578016              
8       24             -0.025875227406979437              
38      44             -0.02604547041569573               
24      45             -0.026112450481729332              
8       34             -0.026166737494700484              
13      30             -0.026191719921884002              
1       23             -0.02619635260922329               
5       25             -0.026428116286297473              
9       21             -0.026588652041877908              
8       17             -0.026847528430112816              
2       14             -0.026974118377059764              
39      43             -0.026986016342965463              
30      35             -0.027043903425574556              
19      35             -0.027114209106096146              
6       9              -0.027163723739398127              
24      44             -0.027706039022434514              
9       27             -0.02771076694733865               
1       32             -0.02778968585054141               
34      45             -0.027852297094402803              
31      42             -0.027888128914250188              
6       17             -0.028047911443612752              
8       33             -0.02822029476784206               
12      39             -0.02827240777499329               
5       42             -0.028458234555011286              
39      44             -0.02850568960083362               
12      41             -0.028663193909175544              
38      43             -0.028757250375748944              
5       17             -0.028862402791025546              
1       40             -0.029155536697785783              
3       41             -0.029158113341988437              
7       25             -0.029507834117512233              
17      43             -0.029550303352179244              
41      44             -0.029712698631761958              
13      43             -0.02971686850909709               
18      37             -0.02979823919576534               
4       30             -0.02983808030626857               
8       31             -0.02989168523172804               
34      44             -0.030153756535105283              
1       25             -0.030196354651662052              
29      42             -0.03024677852722693               
36      46             -0.030253922848453296              
19      42             -0.03046798754918456               
12      33             -0.030475463025836022              
21      41             -0.030526614638120064              
12      38             -0.03056361082233708               
5       14             -0.03058362687651947               
4       28             -0.03059294998524685               
41      46             -0.030612047633685358              
3       14             -0.03075635590923545               
36      43             -0.030776187281207817              
10      44             -0.03083618637473816               
7       20             -0.030847464753595108              
34      43             -0.030923554177157975              
17      42             -0.030945582627371224              
2       21             -0.031074466554448663              
8       13             -0.03135125071146057               
23      45             -0.031422414307                    
12      36             -0.03166772318050731               
29      44             -0.031688678916969                 
13      42             -0.03173250964551508               
21      42             -0.03174100177467405               
18      42             -0.03196398217025022               
2       27             -0.03199525973769379               
11      45             -0.03200607701549066               
25      43             -0.032161394971619975              
23      42             -0.032244019569605514              
8       37             -0.03224625400015796               
7       9              -0.032393063614512996              
7       11             -0.03241354377031948               
8       29             -0.032422190695391734              
27      42             -0.032543768670585504              
33      47             -0.032605882434206424              
16      45             -0.03275820266217774               
2       15             -0.03284667161894837               
17      45             -0.03302723713505651               
8       23             -0.033042909795649236              
33      45             -0.03312130708592864               
41      43             -0.03318441393631004               
10      43             -0.03322818845864005               
4       10             -0.033364269806848104              
7       13             -0.033410708030124484              
3       10             -0.03372502430849075               
1       39             -0.03379921558502706               
2       10             -0.03396366005895084               
7       16             -0.03410004296050835               
10      45             -0.034105956491156705              
8       32             -0.034148146199374396              
32      42             -0.03430594626872549               
1       36             -0.0344292285775102                
8       19             -0.03447470644386616               
12      13             -0.034581163637550816              
25      44             -0.03470485196126338               
6       14             -0.03500085190510602               
8       18             -0.035012534588088215              
36      45             -0.03504055980734906               
26      41             -0.03504286473332477               
1       10             -0.035141801973214926              
4       14             -0.03526024124217472               
19      45             -0.035322485665273115              
6       41             -0.03537676392619023               
6       29             -0.03554472175332009               
1       34             -0.03559562588633676               
6       36             -0.035698004333566305              
22      41             -0.03573840349549788               
7       28             -0.0359080448840839                
2       25             -0.03612875810117408               
6       15             -0.03622458440726424               
22      35             -0.036267048821192985              
25      46             -0.03661744922595328               
29      46             -0.036706662452665614              
20      35             -0.036747022357164955              
1       38             -0.03676246366411458               
28      35             -0.03683008930639299               
2       36             -0.03702127492431877               
2       34             -0.03703009078053618               
16      44             -0.03710873494568902               
23      44             -0.03726949942148542               
2       41             -0.037434514343372305              
11      44             -0.03753986085189287               
11      43             -0.037541465957012896              
7       40             -0.03758988562723832               
14      43             -0.03770581597311702               
16      43             -0.03772442856881565               
7       17             -0.03797099170768617               
1       24             -0.03805590298136653               
33      43             -0.03815768195915423               
33      44             -0.038225225605380775              
18      45             -0.0382424390753964                
19      44             -0.03856625561925191               
26      35             -0.038670088811858405              
17      44             -0.038826205021211535              
37      45             -0.038975168805667995              
4       36             -0.03910130404382128               
5       29             -0.039153914336385                 
7       14             -0.039172479505414734              
5       18             -0.039205207690757846              
31      45             -0.03928450752411329               
14      45             -0.03944484200321484               
30      42             -0.03964128510714235               
18      44             -0.039747214928015445              
5       28             -0.03974837859793802               
29      47             -0.03988273414002154               
2       11             -0.04017903414865079               
9       44             -0.04043796061848515               
9       43             -0.040465277678708875              
2       16             -0.04065762047783239               
29      45             -0.04071098853715648               
1       17             -0.040756404598967746              
20      43             -0.040782304799542785              
9       46             -0.04094269482841964               
5       20             -0.04107048681652721               
5       13             -0.04110056642931985               
3       15             -0.041138637001113976              
5       37             -0.041160129308004556              
5       32             -0.04154486030814379               
10      46             -0.041663316293096                 
3       39             -0.041747560662153446              
13      45             -0.04175679770230466               
7       29             -0.041946914465481155              
8       21             -0.042027303876542396              
31      44             -0.042203060370493026              
10      47             -0.04251402592442449               
29      43             -0.04260714987543224               
32      45             -0.0426854950772336                
7       39             -0.042871673239307684              
2       40             -0.042903418288436176              
12      37             -0.042910117758146266              
5       34             -0.04303962683858721               
3       33             -0.04316894422974646               
7       21             -0.04328959633965815               
11      47             -0.043458336829127656              
37      44             -0.043463416327322174              
3       38             -0.04348818072201317               
7       34             -0.043522028383934694              
8       27             -0.04355582815050636               
6       13             -0.04358738737098174               
6       34             -0.043614881954936305              
6       37             -0.04362385746601555               
7       27             -0.04373621409266078               
17      47             -0.04375749977994302               
28      43             -0.04386405504315728               
40      46             -0.04388578508315022               
5       31             -0.04395938270494684               
11      46             -0.04398897789980037               
7       23             -0.04399583383031151               
7       41             -0.044152859087003796              
14      44             -0.04430100081109799               
7       33             -0.04434194016583201               
6       25             -0.044478905716139966              
3       11             -0.0445257397422016                
6       32             -0.044618116123556026              
2       24             -0.04472512137177419               
15      47             -0.04476650840114933               
4       40             -0.04484576195788956               
5       24             -0.04493716906056                  
3       23             -0.04496831459295972               
3       35             -0.04507972082815684               
7       38             -0.04516444212785527               
14      47             -0.04530019027530198               
4       27             -0.04536164254397283               
38      46             -0.045585014111945196              
13      44             -0.04578849404267686               
23      43             -0.04584893018123719               
32      44             -0.045867731301726514              
5       23             -0.04599015546426724               
5       33             -0.04609070005221359               
24      46             -0.04609703153370261               
39      47             -0.04623037749682608               
39      46             -0.046466740985512164              
2       39             -0.04680863657458882               
4       21             -0.04687465182605517               
8       30             -0.04718765750957535               
21      43             -0.047193872039492143              
4       39             -0.047228505298032436              
3       24             -0.047334543703185114              
6       31             -0.047414137188693126              
34      46             -0.04767425279938761               
27      43             -0.04780772454800866               
24      47             -0.04782395108961915               
2       23             -0.04794305227662062               
5       19             -0.04802487039894947               
14      46             -0.04819276993267857               
4       34             -0.04831880885233959               
2       33             -0.048338833640081166              
6       23             -0.04849229807118624               
6       33             -0.04857968402499377               
6       24             -0.048585773448252934              
2       38             -0.04869916673142563               
6       18             -0.04888860764827163               
40      47             -0.04895866054955311               
6       40             -0.049258416607199554              
38      47             -0.04960066881875945               
23      46             -0.04960162401101938               
4       38             -0.04975301367355994               
7       24             -0.050286187135706345              
4       15             -0.05061598865107571               
4       33             -0.050742285610092766              
3       16             -0.05080023950235288               
16      46             -0.05090592802763373               
5       40             -0.05107691298354014               
3       40             -0.05121348565549444               
6       19             -0.051297871600190906              
34      47             -0.05182954874607225               
16      47             -0.05196277865949753               
7       36             -0.052033604371078346              
23      47             -0.05216623328923892               
24      43             -0.05227946305310653               
36      47             -0.05262772689758233               
3       29             -0.05304144116688794               
5       36             -0.05307100061255901               
5       39             -0.054290188787881985              
33      46             -0.054856223588028816              
15      46             -0.05507427524956521               
5       38             -0.05526605453381141               
1       11             -0.05556549990750935               
3       34             -0.05665778871769574               
4       11             -0.05687386199845962               
3       36             -0.05806618632677382               
4       16             -0.05815040977532186               
1       16             -0.0583542789897732                
6       38             -0.05871596092218151               
6       39             -0.05876586659037837               
1       15             -0.0598210156059205                
