#======================================================================
# PARAMETERS USED FOR THIS COMPUTATION: 
#	Sequence type: RNA
#	Total number of sequences in alignment data: 11
#	Length of sequences in alignment data: 32
#	Value of sequence identity: 0.8
#	lambda_h: 6.2
#	lambda_J: 6.2
#	Number of gradient decent iterations: 500
# The First and Second columns represent sites and the
# Third column is PLMDCA Frobenius norm, average product corrected (APC) DCA score
#======================================================================
5       28             0.3323134582761491                 
6       27             0.28372351568268306                
1       32             0.27917787531885296                
3       30             0.27805448345140193                
4       29             0.26286211269317755                
9       24             0.21828531641588314                
14      19             0.21377792569273327                
13      20             0.19553814124204968                
15      20             0.16951176373493002                
13      15             0.16951173024725277                
8       25             0.16440866828577536                
12      21             0.15366945728128562                
11      22             0.14065730077980862                
16      31             0.12738986622398                   
9       27             0.11339646976510698                
6       9              0.11339646566934863                
10      24             0.10837016486337783                
2       31             0.10648447863797364                
6       24             0.10319466396256988                
24      27             0.10319463817037886                
29      31             0.10212373218328288                
4       31             0.10212373064118319                
16      29             0.10015735023314437                
4       16             0.1001573488155556                 
8       14             0.09848810039194769                
8       19             0.0984880870517853                 
14      25             0.09848808701386609                
19      25             0.09848807367370369                
2       28             0.09225793409808986                
2       5              0.09225791068195471                
23      25             0.09084468330120649                
8       23             0.09084468179700314                
3       18             0.07965805694718897                
18      30             0.07965804285581583                
7       26             0.07945544517406078                
13      22             0.07910217170216202                
20      22             0.07910216011446232                
11      20             0.07910215710207219                
11      13             0.07910215378861062                
1       2              0.07734459980542199                
2       32             0.0773445678743705                 
10      23             0.07669653809565807                
12      17             0.07578595198047927                
17      21             0.07578593855675456                
22      31             0.07437039650202704                
11      31             0.0743703934178277                 
20      31             0.06674553821136725                
13      31             0.06674553409910147                
16      28             0.06624518995526699                
5       16             0.06624518037006366                
17      27             0.065763407004853                  
6       17             0.06576338865634007                
17      30             0.06491704406221005                
3       17             0.0649170430772524                 
10      17             0.06097676696835683                
17      28             0.056838031823429586               
5       17             0.05683799266033279                
2       16             0.05647815607826104                
16      23             0.05564346042866705                
25      32             0.05500689755443197                
8       32             0.05500689565895717                
1       25             0.05500688411670712                
1       8              0.05500688222123237                
2       22             0.05233832373075609                
2       11             0.05233832032478955                
19      30             0.05110787995977692                
3       19             0.051107879022497166               
3       14             0.05110787706087938                
14      30             0.05110786309699794                
18      26             0.05076031871004058                
7       18             0.050760301864326896               
2       4              0.04585483297292395                
2       29             0.045854819774746036               
8       26             0.04569473809193668                
7       8              0.045694728228185336               
25      26             0.04569472424383146                
7       25             0.04569471438007994                
9       15             0.045459164637931204               
15      16             0.04490149956148967                
21      26             0.0429358201874641                 
12      26             0.04293581921541241                
7       21             0.04293581804974553                
7       12             0.04293580962711341                
23      32             0.041616988266554245               
1       23             0.04161697510101228                
22      26             0.040723776421894564               
11      26             0.040723774477791214               
7       22             0.04072376732399874                
7       11             0.04072376537989571                
10      29             0.039276343141244036               
4       10             0.039276341681269644               
9       30             0.038508333817082574               
3       9              0.0385083326468659                 
1       10             0.036030131993079834               
10      32             0.036030130168111824               
15      24             0.03544983875915164                
6       29             0.03437439016966462                
4       6              0.034374373768043254               
27      29             0.03437436433119731                
4       27             0.034374362830737165               
28      31             0.034346018412507034               
5       31             0.03434600929421963                
9       10             0.034210061620967375               
1       17             0.03368162754168488                
17      32             0.033681580991405724               
8       10             0.033216736177525436               
10      25             0.03321672285800317                
9       29             0.03188692053510156                
4       9              0.03188690387861534                
1       20             0.03178412000981612                
1       13             0.03178411534403208                
13      32             0.03178411346128818                
20      32             0.031784103225911076               
2       9              0.02879917918561911                
3       21             0.02655744579631074                
3       12             0.026557444325097365               
21      30             0.026557416791703523               
12      30             0.026557415320490163               
24      31             0.026546105738638137               
15      26             0.02577757300729719                
7       15             0.025777565396974775               
2       12             0.02537407312668441                
2       21             0.0253740599285065                 
21      27             0.024116710528089502               
12      27             0.024116694126468163               
6       21             0.02411669283492525                
6       12             0.024116691334465062               
19      26             0.02399613838740529                
14      26             0.023996129640755787               
7       19             0.023996123581558657               
7       14             0.023996122285489974               
23      26             0.022327176125081866               
7       23             0.02232716858395753                
23      31             0.022278735261037075               
16      24             0.020991797268756024               
10      13             0.020957492891978097               
10      20             0.020957481884081974               
17      19             0.01954307330259264                
14      17             0.01954307133267738                
24      30             0.019389231577994215               
3       24             0.019389230432242388               
5       12             0.01923333311304032                
21      28             0.019233330254873976               
12      28             0.019233328625892443               
5       21             0.019233319840860602               
7       10             0.018681115273340113               
10      26             0.018681107150860396               
4       18             0.016186195096235312               
18      29             0.016186166508595                  
19      23             0.014582207465147573               
14      23             0.014582190712659204               
9       31             0.01241295878117718                
1       30             0.012211862126707135               
30      32             0.012211860287690474               
1       3              0.012211846059099946               
3       32             0.012211844220083257               
10      15             0.011746467965030039               
18      25             0.011599444514649906               
8       18             0.011599443198744327               
1       18             0.010170104647303141               
18      32             0.010170103128950558               
2       23             0.009899201057101431               
21      25             0.009009250929464294               
12      25             0.009009249758715199               
8       21             0.00900924963317716                
8       12             0.009009248462428038               
9       18             0.008906142705359305               
9       16             0.008524538334615611               
5       27             0.008071888735904226               
6       28             0.008071879308221869               
5       6              0.008071870033786316               
27      28             0.00807186820801753                
7       16             0.007903465003719232               
16      26             0.007903464783933584               
24      29             0.007238873098758758               
4       24             0.007238871380131018               
15      29             0.006926972556695804               
4       15             0.006926956273526547               
18      21             0.00684399078389894                
12      18             0.006843989569216863               
23      29             0.006632497864961395               
4       23             0.0066324964764659655              
9       20             0.006494377635326565               
9       13             0.006494372954459843               
13      16             0.004609487237014459               
16      20             0.004609476116089972               
5       29             0.004083114495406576               
28      29             0.0040831081249251555              
4       28             0.0040831064959436225              
4       5              0.004083097965263877               
11      21             0.003263761976397536               
11      12             0.00326376073384943                
12      22             0.003263755676414362               
21      22             0.0032637420178012327              
9       28             0.002865639032071432               
5       9              0.002865630713379058               
15      31             0.0024148373366721654              
8       11             0.0020399077629449647              
22      25             0.002039903999956308               
11      25             0.002039901658458132               
8       22             0.0020398877527013776              
18      22             0.0020295086251238825              
11      18             0.002029506195759742               
20      24             0.0016327719569199373              
13      24             0.001632767373912658               
5       18             0.00019345787687904958             
18      28             0.00019343842066010808             
17      26             0.00011673661787847678             
7       17             0.00011671512429785313             
1       14             -7.215801283080858e-05             
1       19             -7.217058109998398e-05             
19      32             -7.217233849945992e-05             
14      32             -7.217467139150613e-05             
22      32             -0.00044836947552120976            
11      32             -0.00044837297485927907            
1       22             -0.0004483828234973508             
1       11             -0.00044838632283539237            
2       13             -0.0011795590825436353             
2       20             -0.001179569442416123              
4       13             -0.0016626182952537982             
20      29             -0.0016626271600997666             
4       20             -0.001662628666294852              
13      29             -0.001662631690219879              
10      18             -0.0023849752403812263             
10      16             -0.002731539085983614              
9       21             -0.0032824329586261802             
9       12             -0.003282434713951232              
10      21             -0.0034233008188414016             
10      12             -0.0034233022788158346             
4       22             -0.003509465508021059              
4       11             -0.003509468905611157              
22      29             -0.0035094940677953546             
11      29             -0.0035094974653854527             
2       14             -0.0038116040289995212             
2       19             -0.0038116315606775697             
3       7              -0.0042064313699340244             
3       26             -0.004206432161715193              
26      30             -0.004206446414841941              
7       30             -0.004206453073641467              
6       26             -0.005225810494384836              
7       27             -0.005225814573098009              
26      27             -0.0052258156768448805             
6       7              -0.0052258242917987835             
31      32             -0.005535512837634121              
1       31             -0.005535525811170727              
15      27             -0.0071102797707114085             
6       15             -0.007110282995396872              
4       17             -0.007409488613580845              
17      29             -0.0074095020373055875             
13      26             -0.0077991456627446165             
7       20             -0.007799149356267854              
20      26             -0.0077991505211874035             
7       13             -0.00779915194840522               
5       24             -0.008670022259262278              
24      28             -0.00867002870411629               
18      24             -0.00923593049102675               
3       27             -0.01001931843641124               
3       6              -0.010019321869242342              
27      30             -0.01001933233726568               
6       30             -0.010019335770096782              
1       5              -0.010835671095016264              
5       32             -0.010835673131243062              
1       28             -0.01083567765627505               
28      32             -0.01083567969250196               
15      25             -0.011011491012194202              
8       15             -0.01101149995995021               
15      18             -0.011538900268249414              
18      19             -0.01206676524400671               
14      18             -0.012066781764743989              
14      24             -0.012932305312162523              
19      24             -0.012932317921820091              
10      22             -0.013143630075062154              
10      11             -0.013143632995010965              
18      23             -0.013176917192100304              
15      21             -0.014651154792488963              
12      15             -0.014651156174497054              
12      23             -0.015041975377815459              
21      23             -0.015041981439900667              
19      21             -0.016132863316428797              
12      19             -0.016132864722348428              
14      21             -0.016132864911859127              
12      14             -0.016132881218939965              
11      15             -0.016472715924345127              
15      22             -0.016472720610909583              
15      30             -0.01820625735800241               
3       15             -0.0182062806310829                
14      27             -0.01902547700579571               
6       19             -0.019025478285661285              
6       14             -0.01902548028627482               
19      27             -0.019025489906343396              
11      19             -0.02010531265060471               
19      22             -0.0201053172893461                
11      14             -0.020105329208496683              
14      22             -0.020105333847238033              
6       18             -0.02028596033552177               
18      27             -0.020285964951844218              
11      23             -0.020561171452065444              
22      23             -0.02056118357623586               
3       28             -0.020584238917030706              
5       30             -0.0205842472151542                
3       5              -0.02058424830114186               
28      30             -0.02058425273220424               
23      30             -0.020630089514871636              
3       23             -0.020630090440535237              
2       24             -0.02071540430436475               
5       25             -0.021241214888584353              
25      28             -0.021241219278893442              
8       28             -0.02124122104362343               
5       8              -0.021241224103894868              
13      30             -0.022519038947485498              
20      30             -0.022519049925411122              
3       13             -0.022519054852776776              
3       20             -0.02251907328128297               
16      32             -0.024565276173018125              
1       16             -0.02456528930219337               
9       17             -0.02513489877366773               
10      31             -0.026288497114713427              
21      24             -0.02713463790150636               
12      24             -0.027134639620134127              
9       14             -0.027368641142534872              
9       19             -0.027368668604423885              
15      23             -0.027955354040874555              
7       31             -0.02806587929565009               
26      31             -0.028065888294132646              
17      24             -0.028743357569267713              
14      29             -0.030100082246978355              
4       14             -0.03010009110347861               
19      29             -0.03010010233366009               
4       19             -0.030100111190160317              
15      19             -0.030266888154258598              
14      15             -0.03026688999693601               
7       28             -0.03244591204725157               
5       7              -0.03244591585263901               
26      28             -0.03244592197247391               
5       26             -0.03244592577786071               
5       23             -0.03307406394020648               
23      28             -0.0330740765976448                
16      25             -0.03344140633230429               
8       16             -0.033441415318606046              
16      18             -0.03350688682701096               
6       8              -0.03519860906141753               
8       27             -0.03519861378025024               
6       25             -0.03519861488649961               
25      27             -0.03519861960533237               
25      30             -0.035311281090979016              
3       25             -0.0353112818714784                
8       30             -0.03531128268479346               
3       8              -0.035311290915873456              
29      32             -0.03531393605892347               
4       32             -0.035313937808592516              
1       29             -0.035313948836590864              
1       4              -0.035313950586259885              
19      28             -0.03563253899240257               
5       19             -0.035632541170784654              
14      28             -0.03563255606553911               
5       14             -0.035632558243921114              
16      21             -0.035907791820713714              
12      16             -0.03590779323830248               
17      25             -0.03592122482846635               
8       17             -0.035921226429022526              
3       10             -0.03636987151699206               
10      30             -0.03636987799425637               
20      27             -0.03687040862682531               
13      27             -0.03687042007863292               
6       20             -0.036870427042441645              
6       13             -0.036870431043668744              
15      32             -0.03707535233046663               
1       15             -0.03707535805353715               
6       23             -0.038342853955804945              
23      27             -0.03834285816656299               
23      24             -0.03911487210206088               
15      17             -0.039287218802109614              
17      18             -0.03970529107918988               
2       10             -0.0403918543576926                
5       22             -0.04113120869188408               
5       11             -0.04113121194984701               
22      28             -0.041131213351439294              
11      28             -0.04113121660940233               
11      16             -0.04216536888531047               
16      22             -0.042165373500713546              
6       22             -0.04226348134012749               
11      27             -0.04226348144176896               
6       11             -0.04226348434104783               
22      27             -0.042263485891429295              
18      20             -0.04231298843667804               
13      18             -0.04231299167583023               
22      24             -0.04282207278804645               
11      24             -0.04282208367588253               
3       22             -0.042999116553916986              
11      30             -0.04299911866797829               
3       11             -0.04299911949634369               
22      30             -0.042999123176132206              
20      25             -0.04335603369677571               
13      25             -0.04335603681877327               
8       20             -0.04335604277906761               
8       13             -0.04335604590106523               
17      23             -0.0438032245194733                
17      22             -0.04395801564805728               
11      17             -0.04395801860293021               
12      20             -0.04398367169330997               
13      21             -0.043983673377975555              
12      13             -0.04398367488417067               
20      21             -0.04398367763769549               
20      23             -0.04677247563780201               
13      23             -0.04677248679103696               
10      19             -0.04699028770113933               
10      14             -0.04699029709835248               
14      16             -0.0477011948783263                
16      19             -0.04770120043878856               
6       31             -0.048249119762709264              
27      31             -0.048249123615057316              
9       23             -0.04840183352128477               
16      30             -0.04894064795032013               
3       16             -0.048940663796540496              
2       25             -0.049638763349153264              
2       8              -0.0496387726446324                
30      31             -0.04972939864031431               
3       31             -0.04972942202012254               
1       27             -0.049846940715007976              
6       32             -0.04984694667314418               
27      32             -0.04984695004116371               
1       6              -0.049846952248149584              
2       7              -0.050156745199050015              
2       26             -0.050156767089495194              
1       21             -0.050661339993163496              
1       12             -0.05066134919341314               
21      32             -0.0506613638406212                
12      32             -0.050661365590290275              
4       7              -0.05188535282260677               
4       26             -0.05188537094308736               
7       29             -0.05188537420229704               
26      29             -0.051885392322777474              
6       16             -0.05237022489869128               
16      27             -0.05237023649214537               
2       18             -0.053262881117894484              
7       24             -0.05421295969096357               
24      26             -0.05421297429770244               
14      20             -0.05479152670642634               
13      19             -0.054791528447285215              
13      14             -0.054791530455545356              
19      20             -0.05479153214874685               
13      17             -0.05494039205852497               
17      20             -0.05494039556927499               
5       15             -0.0553761165476406                
15      28             -0.05537612173017087               
9       22             -0.05552800569719038               
9       11             -0.05552800920784043               
5       20             -0.056945178593324874              
5       13             -0.05694518293727546               
13      28             -0.05694519603608775               
20      28             -0.05694519914271762               
24      32             -0.060640102199181006              
1       24             -0.06064011495205754               
10      27             -0.06395687124790167               
6       10             -0.06395687465450858               
8       29             -0.06481690697120102               
25      29             -0.06481691258142033               
4       25             -0.06481692865333061               
4       8              -0.06481693049369192               
25      31             -0.06543725606831778               
8       31             -0.06543725773892575               
19      31             -0.06548969939621924               
14      31             -0.06548970145235211               
8       24             -0.06570582207615921               
24      25             -0.06570582766489308               
2       30             -0.066268749172156                 
2       3              -0.06626875775805877               
2       6              -0.06636304130433116               
2       27             -0.06636304478128413               
16      17             -0.06756339808483836               
7       32             -0.06846652532268503               
26      32             -0.06846654026053112               
1       7              -0.06846654273407216               
1       26             -0.0684665539466277                
7       9              -0.06855146208777733               
9       26             -0.06855146963537333               
18      31             -0.06937096437630427               
12      31             -0.06978477757803142               
21      31             -0.06978478348651233               
12      29             -0.06998831815392889               
21      29             -0.06998832018042411               
4       12             -0.06998833052637257               
4       21             -0.0699883325528678                
29      30             -0.07305171334443203               
4       30             -0.07305171481564537               
3       29             -0.07305172192754264               
3       4              -0.07305172339875601               
2       17             -0.07966424537923811               
8       9              -0.07992920098381412               
9       25             -0.07992920280750229               
9       32             -0.08237494261349895               
1       9              -0.0823749478699233                
17      31             -0.08255267946970263               
2       15             -0.09060797795946182               
10      28             -0.09353947886515096               
5       10             -0.09353948456611783               
