#======================================================================
# PARAMETERS USED FOR THIS COMPUTATION: 
#	Sequence type: RNA
#	Total number of sequences in alignment data: 60
#	Length of sequences in alignment data: 56
#	Value of sequence identity: 0.8
#	lambda_h: 11.0
#	lambda_J: 11.0
#	Number of gradient decent iterations: 500
# The First and Second columns represent sites and the
# Third column is PLMDCA Frobenius norm, average product corrected (APC) DCA score
#======================================================================
18      39             0.1511253986043598                 
3       54             0.14079026196493585                
14      44             0.13039858690664916                
10      48             0.1149874588685467                 
19      38             0.10794575676019866                
4       53             0.10739872641964228                
1       56             0.10291941213855937                
14      18             0.10154454362115174                
25      46             0.0936981232033754                 
49      50             0.0894103584566614                 
1       54             0.08626756096446717                
14      45             0.08566955695538556                
9       49             0.08412847176989018                
2       11             0.08288920433057631                
1       3              0.08198625352086543                
12      24             0.08040183453813277                
10      17             0.07906021469900461                
30      31             0.07744975422146679                
18      44             0.07593666968568794                
24      33             0.07561106509798347                
6       51             0.07476976931680068                
34      38             0.07417162010756587                
11      12             0.07383124137649873                
19      37             0.07345730892958804                
21      22             0.0726068505148784                 
30      32             0.07259081932559079                
31      32             0.07259081802182968                
19      51             0.07235649176352679                
36      48             0.07230037310754305                
19      34             0.07124304993004327                
44      45             0.070355334604023                  
16      42             0.06959830447674628                
1       25             0.06943674364460778                
8       46             0.0691023197730905                 
4       52             0.06903221636284282                
2       55             0.06781469439523233                
33      48             0.06772517562293973                
17      56             0.06486708326156751                
2       7              0.06445280245295905                
9       11             0.06418947709821766                
39      56             0.06402072242064509                
13      54             0.06395320597479857                
22      40             0.06392913967536105                
40      56             0.06378190267872734                
5       20             0.06315497283609942                
3       11             0.06280011807387004                
25      56             0.06271633861220441                
3       13             0.06210196445112284                
21      24             0.06123954229969421                
55      56             0.06098304622662272                
18      49             0.0609500244996065                 
36      38             0.06092438221432164                
10      41             0.06080140456077139                
10      56             0.060626026347196174               
49      51             0.060208499614488986               
14      39             0.06014995146547235                
7       12             0.05972551353854085                
8       50             0.059280820028056666               
7       27             0.05915420956843005                
23      35             0.05774959284172286                
25      54             0.057637395000280436               
36      47             0.05540143395872177                
22      52             0.05539326452394219                
29      30             0.05533480223581443                
29      31             0.055334800907106636               
17      55             0.05517466871630204                
20      28             0.054373786261456766               
13      20             0.05393298871072459                
3       25             0.05390513148093716                
11      54             0.05373883909955328                
10      36             0.0537317586567662                 
7       11             0.05360349640084758                
27      53             0.05266615887969511                
4       42             0.05257945444732563                
6       13             0.052371052801369056               
5       51             0.052325464445391406               
38      51             0.05169037925889047                
5       52             0.05124233873268347                
50      52             0.05114615643850762                
29      32             0.05092745466808062                
9       13             0.05072675361922391                
15      34             0.04999169679339982                
17      39             0.049868067460675986               
20      54             0.04981807033399906                
3       28             0.04956467270032787                
3       20             0.04922950627296478                
4       26             0.04911772554417766                
5       50             0.04910579076591372                
23      29             0.04823791851266841                
29      35             0.047957835855159066               
2       12             0.04768265084683198                
16      47             0.0473528370507853                 
54      56             0.04679380547190634                
15      55             0.04676754018324067                
28      54             0.046606663178726776               
26      51             0.046306254584063636               
39      45             0.046243993725717                  
2       28             0.046141326106093894               
39      44             0.04546435314168393                
33      45             0.044570984501145966               
37      42             0.04429464514279968                
41      48             0.044259196324167235               
16      29             0.044063697968743036               
21      52             0.04328080372137827                
8       49             0.04307047904859748                
2       9              0.042945290907029005               
8       16             0.04271782423320335                
41      46             0.04271342715600408                
34      44             0.0425429210381557                 
10      33             0.04231255184431375                
27      48             0.042275829697531284               
3       56             0.04222332927015178                
34      36             0.04220517574551262                
37      52             0.04215938786364065                
17      33             0.04178539986043066                
37      38             0.04173606772934067                
37      41             0.04117403218059533                
27      37             0.040902739415464726               
1       55             0.04020111518867049                
15      38             0.03953635842933957                
39      40             0.039517177498417794               
14      42             0.03937186986539837                
42      44             0.038718508378943084               
17      18             0.03849857908551817                
45      48             0.038474796714878606               
9       33             0.0384657889579955                 
29      47             0.03845218545213382                
23      31             0.038405888085476576               
23      30             0.03840588196959256                
34      51             0.03838327248139549                
30      35             0.03826267333464555                
31      35             0.03826267199727622                
1       11             0.03818147274766097                
28      29             0.038162298801575324               
23      43             0.03792346447235179                
35      43             0.0377156284821706                 
23      32             0.03749243526622111                
32      35             0.03734667917792465                
5       46             0.037035767663538874               
41      55             0.036887283833322                  
5       21             0.03685827769213547                
12      44             0.03672791455899481                
20      24             0.03651352203040423                
34      46             0.03639205711370727                
18      45             0.036386063551873016               
6       19             0.036155578588721635               
33      40             0.036078615881936324               
8       25             0.03605158068688878                
27      40             0.03601815531055473                
2       15             0.03545840774719344                
26      42             0.0353110041229229                 
22      24             0.035253617144239274               
36      45             0.0349065150881572                 
9       41             0.034894512608128356               
12      33             0.034776806041308714               
20      51             0.034721313169123025               
7       9              0.03465387204093666                
29      43             0.03461534713231637                
7       16             0.034396004653921945               
4       31             0.034235888702720874               
4       30             0.034235883082739206               
48      52             0.03418650929969545                
24      44             0.03409910888667776                
28      55             0.033804128426852556               
7       28             0.03373665830027413                
22      36             0.03362137832530451                
8       36             0.033421245694983295               
2       43             0.03324960827191727                
17      41             0.03316089337840181                
26      28             0.0331061005038753                 
26      56             0.03307259483306804                
13      14             0.033032563563756695               
15      19             0.0326682430627076                 
14      34             0.03262888411005681                
40      52             0.03228335176937146                
4       32             0.03223488931123459                
25      26             0.03181539047165663                
2       17             0.031749913276283945               
21      40             0.031619468593612615               
18      48             0.03128623454426985                
17      27             0.03127890346647487                
6       44             0.03097086637782523                
21      50             0.030601796068759443               
5       13             0.03057561461213655                
42      43             0.03046559583767569                
4       25             0.030359385333005154               
36      46             0.030321342179508645               
15      46             0.03012734556481679                
8       53             0.030117834535864516               
52      53             0.030071970752259022               
12      43             0.029951515258307262               
16      43             0.029930032993489404               
18      56             0.02992360702803555                
21      23             0.029808108696554918               
5       37             0.029719397773985412               
21      35             0.029667386419242534               
3       5              0.029601251336004608               
5       54             0.0294555607094477                 
33      49             0.02930621799394617                
4       16             0.029289714039349213               
6       49             0.029288518245730075               
21      36             0.029279354571220523               
25      40             0.029148074306618768               
16      30             0.029138285876396088               
16      31             0.029138284274003882               
39      49             0.02910363956270054                
36      37             0.02881609692756039                
31      43             0.028590559368090664               
30      43             0.0285905458004094                 
1       6              0.028538232129871957               
44      49             0.02839983993996062                
25      55             0.028205710836828768               
18      33             0.027759615871493795               
49      53             0.02769755792412855                
32      43             0.027630244032015014               
7       17             0.027630232591460538               
4       46             0.027578369596672953               
24      49             0.0275520603797213                 
29      36             0.0275310435622479                 
38      47             0.027473346711343632               
26      40             0.02725162568296237                
9       15             0.0272130505427456                 
19      42             0.027190855923556995               
18      40             0.027149338351566923               
42      53             0.027126450017359777               
9       40             0.027055003891760118               
17      28             0.02701687975816558                
28      40             0.02681938950626593                
6       9              0.02669780170770153                
19      27             0.026664315892392237               
45      47             0.02664586997579442                
8       54             0.02662922534415528                
12      27             0.02656877365952054                
5       22             0.026174210852360283               
16      32             0.026137896048107227               
40      47             0.02609309842036328                
13      52             0.02597166157420483                
47      48             0.025815359849932246               
6       18             0.025726624356161826               
22      37             0.025683092167881366               
12      45             0.025644688765837732               
10      27             0.025351868864641483               
4       37             0.02505728047827324                
13      47             0.0250198307464803                 
21      37             0.024957378419422124               
22      46             0.02490470869325913                
19      36             0.024883407362616863               
7       47             0.024855130448949325               
8       47             0.024821064003860152               
6       14             0.024767485083174112               
22      39             0.02474560136732104                
34      37             0.024703210583670143               
2       20             0.024403231293230396               
51      55             0.024318580240569515               
33      39             0.0242836969937891                 
33      36             0.024177009527841978               
9       24             0.024162899214514588               
32      53             0.024128479167820682               
23      24             0.023951493831309928               
14      16             0.02392241939286946                
23      47             0.023914762171884943               
24      35             0.023738488832806118               
22      38             0.023582113249016795               
35      47             0.023391982933332493               
11      28             0.023352500345548047               
6       34             0.023338190462709518               
22      41             0.023286023364556888               
25      50             0.02327137860195877                
4       34             0.023141730447936576               
28      51             0.023063012780869738               
8       40             0.023053063799261697               
25      49             0.02287496698121043                
11      39             0.02279354359099893                
27      33             0.022630233769026634               
4       6              0.022567252854451228               
43      45             0.022459425073628046               
22      32             0.022440991109174163               
26      39             0.022344424649909267               
14      49             0.02234134505549623                
12      14             0.022335326968124194               
19      47             0.02213203979605742                
16      37             0.0219041999277393                 
26      50             0.021635297336797865               
14      24             0.02159372961359604                
27      55             0.021549354144790187               
40      46             0.021451609933142227               
23      37             0.0214349764838523                 
5       28             0.021409722442682785               
6       55             0.021350555981349204               
35      37             0.02131096657404255                
3       8              0.020975001364195014               
7       55             0.020853751730003423               
38      52             0.020694730620399365               
17      53             0.020643054993246215               
9       44             0.020629590127715106               
3       6              0.020618696564644642               
18      53             0.020307175668545396               
41      52             0.020213373775313098               
27      28             0.02005336266509082                
5       36             0.019928441277735853               
5       49             0.019820889015115                  
4       50             0.01980928235523835                
46      56             0.019773388615115656               
21      29             0.019739084474301748               
24      45             0.01972343560394934                
19      26             0.019577761584344266               
11      18             0.019564184263793888               
6       7              0.01948001937913961                
23      42             0.01946043921347617                
8       39             0.019431379950390362               
10      45             0.019373386544792398               
30      47             0.019333521335904977               
31      47             0.0193335195615569                 
35      42             0.01927962533997362                
33      44             0.019271718691665884               
8       21             0.01925381168798959                
10      40             0.019233279680884396               
3       50             0.01912701607123829                
40      49             0.01899141324769983                
15      52             0.0189607536875782                 
6       50             0.01883214447495038                
10      38             0.018814469812209467               
27      47             0.018780929405287486               
27      45             0.01878010837953807                
36      52             0.01865659344926726                
6       20             0.018579442860995887               
18      50             0.018416412286547695               
24      25             0.018328839049692305               
13      15             0.01820512032046563                
40      48             0.018047818041941763               
2       6              0.017990537139626978               
30      53             0.017963360591856305               
31      53             0.01796335860408914                
8       18             0.01794559765970405                
5       19             0.017904536564670018               
41      42             0.01788238521777609                
20      55             0.01775330148910466                
5       38             0.01770691853427815                
10      49             0.01769430934144224                
20      27             0.01756024201573067                
24      40             0.01749181501880602                
38      46             0.017188045615095807               
22      30             0.017102187074928894               
22      31             0.017102185297543822               
1       13             0.017015986852563128               
16      26             0.01681155940421844                
7       53             0.016590883638795087               
6       17             0.016540667433602343               
37      46             0.01653020086205441                
6       28             0.016514540903717678               
9       22             0.01644427693801133                
15      56             0.01643443934106867                
6       38             0.01641400716655289                
6       54             0.01638194293261966                
5       42             0.016353770352397226               
19      52             0.016198479419460662               
29      37             0.016137734815574928               
9       50             0.01611517437775231                
29      42             0.016044460017393944               
46      50             0.015980809603134985               
18      22             0.01592997145449182                
39      42             0.015874114463858807               
7       24             0.015770041255834054               
6       52             0.015749475161720997               
27      36             0.01570180866096836                
46      54             0.01568910609125937                
27      52             0.01566159687717736                
1       17             0.015460158624735015               
20      43             0.015279777162477866               
1       4              0.015249178430088328               
50      54             0.0152398385357298                 
4       22             0.015185550055603264               
15      53             0.015184287452397027               
28      31             0.015065410726449631               
28      30             0.015065397527211151               
2       3              0.015011724632487594               
8       22             0.014994249818164634               
1       2              0.014873295840294037               
5       17             0.014787736874678367               
4       27             0.01446265185248613                
19      44             0.014321802964698718               
15      43             0.014241777058143647               
43      55             0.014214718297256596               
19      45             0.014181317624480272               
17      50             0.014068806052901187               
11      55             0.013960618108088685               
13      38             0.013918343463124858               
8       41             0.013878907894533832               
16      48             0.013854801829813038               
41      53             0.013733580677808596               
13      27             0.013727160483136214               
23      28             0.013695811627136761               
24      27             0.013643831079407226               
20      21             0.013643812934907726               
13      40             0.013608827311625243               
50      51             0.013533649511392812               
7       26             0.013491106489784355               
21      46             0.01342390856708603                
26      35             0.013405424392343677               
3       51             0.013382283536615025               
13      22             0.01336862718323141                
28      35             0.013288040871584535               
11      27             0.013256378752796588               
15      39             0.013155721641212467               
19      56             0.013144045089358042               
30      36             0.012999585189829105               
31      36             0.012999583287164204               
15      33             0.012953543673886472               
8       37             0.012761335192358475               
43      47             0.012743380009242397               
7       21             0.012712218609194803               
38      56             0.012702684225435301               
21      43             0.012702528840452615               
15      25             0.012614275581698559               
7       10             0.012600442104008167               
11      24             0.01255845312241037                
2       13             0.012517812474126866               
6       26             0.012450594424526715               
33      47             0.0124164198503883                 
11      41             0.012403563726834863               
13      28             0.012377573221087235               
28      50             0.012358550503316287               
1       46             0.012333519340297375               
8       27             0.01229481407849041                
29      48             0.012245664866528602               
39      48             0.012239217979188366               
10      47             0.01220230951637108                
9       48             0.012151235985332368               
4       19             0.012146771395577058               
32      47             0.012132950260890778               
9       12             0.012084130241910351               
6       48             0.012028172571871928               
1       8              0.012009668198738416               
17      48             0.011998650608679634               
12      51             0.011966067844766046               
27      50             0.0118466309308832                 
16      41             0.011800645167892629               
7       43             0.011487517743643504               
24      29             0.01144546622249689                
3       46             0.011362311915965956               
2       53             0.011288667075982223               
14      43             0.0112767638778071                 
13      26             0.011218687298735056               
51      54             0.011131420142318188               
14      33             0.010991408646343848               
32      36             0.010970945630732087               
2       54             0.010911026448378602               
3       12             0.010901660819316275               
11      43             0.010595070231887896               
23      26             0.010581413606356768               
16      44             0.010547077435224789               
7       20             0.010480025625901307               
10      16             0.010457332120100735               
25      53             0.010435971671763092               
28      43             0.010417835853960687               
16      50             0.01040860692003305                
49      52             0.01033150654979538                
2       23             0.010325117408959451               
18      34             0.010320159471207888               
46      52             0.010308569435651116               
9       54             0.01024253980782773                
4       35             0.01018014380771265                
31      42             0.010160827368141813               
30      42             0.010160817719251841               
4       23             0.010160470550327295               
33      51             0.009997587075285724               
2       35             0.009982978976080498               
26      55             0.009902816866083783               
21      49             0.009639321405850318               
28      32             0.009628019328339885               
9       18             0.009624337012594061               
11      20             0.009553642472527546               
46      48             0.009508751313521135               
23      45             0.009472697148337927               
9       38             0.009411735950486985               
32      42             0.009316968360067582               
34      42             0.009294820327111777               
26      34             0.009292215542399299               
35      45             0.009287970943134459               
38      40             0.00925298771328431                
26      53             0.0091829787558102                 
11      56             0.009154217094490921               
8       51             0.009124893594545741               
4       55             0.009059992022298888               
40      55             0.009036923802256347               
3       9              0.008767762648702562               
13      48             0.008717550673778038               
33      50             0.008706712312022274               
11      44             0.008693447806086357               
26      37             0.008668072784518102               
27      34             0.008655589087737642               
15      22             0.00848047380336521                
24      41             0.008334226425288416               
10      18             0.008251295956197668               
17      51             0.008248968637355011               
12      23             0.00818372912739166                
9       14             0.008079629777299757               
5       26             0.008004251764712908               
7       15             0.007987481773055097               
1       50             0.007970284406497885               
19      40             0.007914274407003985               
12      35             0.007901434276770002               
8       48             0.00779373903487901                
22      23             0.007724408059424301               
13      44             0.007710944947966938               
22      35             0.007710716134195099               
12      21             0.007692240172853998               
17      52             0.007576367694410821               
24      43             0.007564046701518765               
25      30             0.007543987850990239               
25      31             0.007543985953929577               
34      40             0.007498131641153483               
8       9              0.007497227070640128               
16      39             0.007487388726394789               
15      36             0.007475144003006071               
22      43             0.007426323951565887               
26      38             0.007413141830778985               
47      56             0.007143807714370495               
23      36             0.00708271885860251                
2       32             0.007032275051558581               
12      52             0.007012160967574663               
21      30             0.006992320840113905               
21      31             0.006992319145570296               
13      56             0.006982834128000978               
20      29             0.006977907357212362               
35      36             0.006914807180071293               
38      48             0.006876532257881762               
7       29             0.006859569739868898               
18      51             0.00684674875747418                
33      53             0.006844473844385621               
16      36             0.006769191350056353               
19      46             0.0067225618502316925              
5       8              0.006678174789936986               
6       10             0.006571870366439123               
5       6              0.006534786055056599               
1       47             0.006405540748010932               
20      23             0.006319375465424951               
16      53             0.006231783242724456               
10      19             0.006185337057639281               
1       39             0.006172719117310765               
8       17             0.00616006023729429                
46      53             0.0061406430201809                 
20      35             0.006067372346144309               
10      25             0.0058886342913910955              
26      33             0.0057767919195218925              
38      45             0.005722347663074653               
10      31             0.0056951669084909645              
10      30             0.005695154109718631               
15      18             0.005676201652656018               
13      18             0.005617521625212507               
13      50             0.005599774766651161               
30      37             0.005599237000952738               
31      37             0.00559923517293013                
21      32             0.005568719757637237               
4       7              0.005566871902470447               
33      56             0.005457483821010994               
33      34             0.005446717277896848               
16      28             0.005407163730797977               
43      48             0.005364471509121865               
12      20             0.005332701658042019               
18      42             0.005228889236414833               
44      54             0.005197704220739188               
41      43             0.005160406250759579               
11      15             0.005049680957157632               
37      43             0.005049065472061708               
5       15             0.005013744075252097               
23      41             0.005000467855992535               
21      38             0.0048957799211152425              
12      49             0.004858053774515467               
42      52             0.004844423675899157               
48      53             0.004824851094244784               
35      41             0.004793406358312463               
42      50             0.004773161054010461               
26      27             0.004758291201756429               
16      46             0.0047473085189005115              
19      55             0.00468923468395753                
4       39             0.00468363937333835                
7       46             0.004639926558761831               
20      34             0.004569320629554355               
14      19             0.004556530918232937               
16      19             0.004482579141999857               
19      22             0.004410286341448702               
17      20             0.004383976894589678               
16      35             0.004361030971258763               
2       39             0.004257083419275234               
5       47             0.0041939135752101925              
11      34             0.004168714938868487               
9       39             0.0040963673256026595              
23      55             0.004067073464543845               
41      51             0.004062215084721335               
10      14             0.004002256722658928               
6       53             0.003991797433176625               
3       26             0.003964845692792318               
25      32             0.003962831055900812               
6       25             0.003948696103343946               
14      20             0.0038570666555959032              
35      55             0.003783634977662133               
34      56             0.0037139356769934767              
15      23             0.0035494174936272077              
15      35             0.0033566949868198345              
10      52             0.003327447826063895               
3       44             0.0031110415926040996              
1       18             0.0031109688781216505              
2       41             0.003093011353365732               
28      41             0.0030894082361287156              
5       33             0.003061421187307678               
34      47             0.0030422192333500325              
2       29             0.0029565127794002125              
26      54             0.002929629296654357               
23      25             0.002926608702386882               
36      41             0.0029171455390175904              
5       7              0.002839286507925559               
25      35             0.002825447181853881               
9       53             0.0027881726659581274              
38      42             0.0025270318073171982              
39      50             0.002349924388802535               
14      23             0.0023375981675758176              
40      53             0.0023237145302885953              
41      50             0.0022345157856455133              
46      49             0.0022097226621808908              
24      46             0.0021967187770734198              
14      35             0.0021558947473435605              
29      45             0.002135483930689887               
24      54             0.0020582615618516403              
8       28             0.0020071464913414133              
39      53             0.0019585947079206606              
22      53             0.0019024580749472664              
36      40             0.0018856721396488252              
6       41             0.0018236124228290518              
34      39             0.0017854389026093487              
50      53             0.001750940299709125               
4       44             0.0016956386192238382              
13      21             0.001685814721955295               
11      49             0.001677687313129242               
39      43             0.0016096960639203975              
47      50             0.001572855940392609               
53      55             0.0015195521559195485              
32      51             0.001442424187050248               
12      42             0.0013806154104242171              
8       10             0.0012897923204796269              
34      52             0.0012890566426237565              
21      39             0.0012859271290266705              
18      41             0.0012378731141060306              
3       55             0.001232015924519464               
54      55             0.0011622003840530137              
1       43             0.001056623149942662               
40      54             0.0010116269485345442              
11      17             0.0009689438914662202              
10      32             0.0009676188911498795              
12      15             0.0009266267669027772              
20      26             0.0009156052041952439              
12      29             0.0008836048784812214              
16      38             0.000815482002309062               
14      15             0.0007984093229376904              
31      48             0.0007477201728691429              
30      48             0.0007477183517383204              
32      37             0.0006884383138408348              
10      53             0.0006841757310404734              
12      54             0.0006733880862127284              
37      51             0.0006295226568190093              
8       45             0.0005917710550398525              
8       12             0.0005678909427260515              
4       14             0.0005646934868621251              
20      46             0.0005547349418117131              
19      25             0.0005333408905393439              
51      52             0.0005311313265800172              
31      34             0.0004930996163774459              
30      34             0.000493086790160524               
37      50             0.000441663063980427               
19      33             0.00040333910045646515             
28      48             0.00032751644887754616             
48      49             0.00023567221248303738             
13      36             0.00010211751922444001             
22      33             1.9519863318939734e-05             
14      29             -2.9079319505125045e-05            
9       46             -3.694669072272505e-05             
3       43             -6.215426718598344e-05             
41      47             -0.00011325657651820031            
3       24             -0.0001606130845810405             
17      26             -0.00016587732011745515            
45      52             -0.00023133187591081739            
41      49             -0.00023955380765397494            
17      21             -0.000329934737070256              
1       52             -0.000336612313258669              
28      52             -0.0003391407396507451             
16      23             -0.00040694839493472107            
25      44             -0.00040931295639815013            
31      52             -0.0004304138410377925             
30      52             -0.0004304192826103184             
20      22             -0.00045586049915326277            
24      51             -0.0004703317428781245             
5       40             -0.0005132041137191484             
9       51             -0.0005394881640412574             
48      50             -0.0006075538625231885             
43      44             -0.0006128129484749764             
27      38             -0.0006706378389818302             
38      44             -0.0006988193924590685             
42      45             -0.0009092804629117976             
15      29             -0.0009364429414274109             
6       11             -0.0009686599719851141             
14      32             -0.0010355317717039986             
1       15             -0.0011778029105160015             
17      24             -0.0012112004906066204             
36      50             -0.0012254275691636757             
12      17             -0.0012285380979521615             
2       42             -0.0012643877361811079             
29      55             -0.0013105744431262181             
41      44             -0.00142899657282973               
38      41             -0.0014903174128394758             
19      41             -0.0015021867594888216             
15      40             -0.0015091000112342767             
1       26             -0.0015241453994108978             
1       53             -0.0015894790725851787             
32      39             -0.001611174972278577              
29      41             -0.0016488364015779106             
4       17             -0.0016714155890233257             
11      45             -0.0017366884428211965             
15      20             -0.00175097678041021               
8       56             -0.0018548263815804794             
32      48             -0.0018584152034559834             
27      56             -0.0018896232291721465             
14      55             -0.0021368605577018196             
32      34             -0.0021764476001797373             
3       49             -0.0022000608790114368             
24      39             -0.0022360780150884607             
16      34             -0.0022446458713379774             
15      21             -0.00229379105685773               
10      34             -0.0023021370462600887             
35      53             -0.0023051796630253613             
2       16             -0.00237458036440346               
25      34             -0.0024023842517745253             
23      53             -0.0024194560906850154             
12      34             -0.0024561977084317232             
3       40             -0.0025305394072222542             
14      31             -0.0026381067105410924             
14      30             -0.002638108567774737              
26      29             -0.0026880735791646043             
32      49             -0.0028176754422725853             
11      53             -0.002960469632899018              
14      28             -0.0029908452768658833             
2       50             -0.0030113062105956573             
45      49             -0.003054753917637168              
27      44             -0.0031058592778796246             
2       52             -0.003190373921462139              
1       28             -0.0032196588071829874             
30      54             -0.0032310978984167182             
31      54             -0.0032311036156279574             
15      37             -0.0032334536916585194             
13      46             -0.003319368536390588              
20      53             -0.0033195037901765367             
20      32             -0.0034301177656054158             
20      30             -0.003474545203122223              
20      31             -0.003474546993720927              
49      54             -0.0034788188294665595             
20      42             -0.0035360690140236045             
37      49             -0.00355418455612512               
2       5              -0.003653172644732333              
8       15             -0.003678796687950847              
2       27             -0.003846067741899717              
25      45             -0.0038520321047044587             
34      45             -0.004008174465700856              
13      16             -0.0040082550471221695             
10      37             -0.004062435802430681              
24      30             -0.0040729392568186265             
24      31             -0.004072944617345024              
32      41             -0.004084146488510368              
1       45             -0.004132323435336802              
2       8              -0.00414531852588991               
32      52             -0.004194003556308189              
28      47             -0.004204899863059761              
20      50             -0.0042135060026974175             
13      53             -0.0042599091156848845             
7       44             -0.0043584442604173435             
2       31             -0.0043721104817488615             
2       30             -0.004372112588109593              
25      51             -0.004408926613870975              
20      37             -0.004514862364788028              
47      53             -0.004530028658494958              
23      50             -0.00462343244542536               
38      55             -0.00463067414354372               
15      51             -0.004686013334623693              
35      50             -0.004738548572877296              
7       52             -0.004838193762740153              
4       40             -0.00486245599183871               
1       7              -0.004871403923947262              
2       56             -0.004895957134477366              
36      43             -0.0049340582833892616             
25      38             -0.005050348618787337              
12      25             -0.0051131910834241595             
27      42             -0.005130585785570713              
36      56             -0.005131329165185508              
12      32             -0.005235186502278451              
8       20             -0.005258933577736061              
28      39             -0.005265533233653336              
21      56             -0.0053025085039566655             
3       31             -0.005381020272217048              
3       30             -0.005381022007247709              
30      33             -0.005382174448734511              
31      33             -0.005382187599254316              
2       18             -0.005409721835767059              
30      39             -0.005484933091330461              
31      39             -0.005484935017180184              
22      34             -0.005510863128520088              
7       45             -0.005524643224542894              
6       33             -0.005540420783894176              
9       28             -0.005570942537385493              
11      40             -0.005646040768987823              
22      29             -0.005649433692988794              
1       30             -0.005779956664115411              
1       31             -0.005779962327299264              
5       41             -0.005797002835800286              
26      43             -0.005803917456360025              
15      32             -0.005813777957605265              
15      26             -0.0058713657803182995             
13      17             -0.005991354292101042              
30      51             -0.0059955720102752436             
31      51             -0.005995577768826088              
23      39             -0.006027266049513799              
15      42             -0.006073066088757295              
38      43             -0.0060832195428502794             
32      54             -0.00608920124863245               
24      32             -0.006179513209176424              
35      39             -0.0062060334341336384             
40      51             -0.006391907605103095              
47      54             -0.006391995697660149              
1       38             -0.006491446999848591              
10      46             -0.006614665399970188              
9       23             -0.006747152305885601              
9       47             -0.006757927805555369              
18      21             -0.0067676255485547565             
6       8              -0.006795308866691191              
20      38             -0.0068002215845567315             
30      46             -0.006800982552476291              
31      46             -0.006800984551622383              
17      45             -0.00681702106441312               
9       35             -0.00682333656138176               
35      46             -0.00683885159847597               
23      46             -0.006849482926553616              
6       42             -0.0068749560078355115             
27      51             -0.0069255013392675036             
1       44             -0.006957472157292963              
10      44             -0.0069694514379552985             
1       24             -0.007024908377320019              
9       36             -0.007029861598378873              
15      30             -0.0070606405392478686             
15      31             -0.0070606424637620485             
22      25             -0.0071961106815170844             
29      39             -0.0072385695501442915             
7       32             -0.007262297521660632              
7       36             -0.007273245437483408              
4       38             -0.0073308601665403456             
21      42             -0.007380337383288207              
10      13             -0.007385510956212718              
8       33             -0.007387605844836984              
10      29             -0.0074339547115137294             
17      42             -0.007435243899589314              
12      30             -0.007456059025677059              
12      31             -0.007456060640521643              
5       43             -0.007471183229807284              
45      54             -0.0074776029989446074             
22      27             -0.007483543642231291              
30      45             -0.00750072904901402               
31      45             -0.007500734384288485              
10      12             -0.007514986510333735              
8       52             -0.007515039872394588              
9       16             -0.007543484848191645              
17      54             -0.007561830276370168              
4       29             -0.007565394264141587              
4       41             -0.007580600802779697              
18      43             -0.00760473972040264               
26      41             -0.007669055263418684              
48      51             -0.0077501902468273265             
30      41             -0.007803756572543563              
31      41             -0.0078037584757682035             
32      50             -0.00786262001307382               
16      20             -0.007870481000539442              
5       10             -0.008000988010363003              
43      54             -0.008078653653353508              
10      24             -0.008091083539001828              
21      33             -0.008125824149196478              
11      23             -0.008181381768538214              
17      19             -0.008240491040325773              
33      41             -0.008245304683065377              
25      43             -0.008266052003241542              
20      47             -0.008281785415562182              
3       32             -0.008378086423278593              
43      46             -0.008430042461965506              
11      35             -0.008499830887699893              
24      50             -0.008530828084416048              
40      44             -0.008535340079170062              
26      48             -0.00856925576853712               
14      25             -0.008576000181440419              
33      54             -0.008681404498667236              
34      41             -0.008707531979086927              
20      49             -0.008739956505322319              
12      16             -0.008747818366971562              
21      41             -0.008755414514016596              
49      56             -0.008771247778480193              
42      55             -0.00880959628001677               
14      21             -0.008864935899748502              
10      21             -0.00886746724170924               
9       10             -0.008884498589319806              
12      40             -0.008898296421330124              
5       16             -0.008903312057593066              
1       32             -0.008906766217482508              
25      47             -0.00891239474869543               
19      20             -0.00893920485273203               
32      45             -0.008979922399021394              
37      53             -0.009014175774298874              
7       35             -0.009054343007861898              
34      48             -0.009204977573067027              
3       17             -0.00923690859427588               
33      38             -0.009272507454406373              
18      24             -0.00931856897562297               
1       23             -0.009371449788200814              
14      48             -0.009411545563029616              
48      56             -0.009437535109911868              
1       29             -0.00944889212750049               
14      38             -0.009471821593850155              
43      56             -0.009477803647621005              
43      52             -0.009510481744164037              
1       35             -0.00956062916447506               
3       45             -0.009567858163232426              
11      26             -0.00956920750003526               
19      43             -0.009575102749062772              
17      34             -0.009579807404864873              
12      55             -0.009628756478361727              
4       5              -0.009662961939482365              
32      33             -0.009688546906482201              
1       19             -0.009720559981543322              
25      29             -0.009728299377010523              
47      49             -0.009804859406264077              
11      32             -0.009882884542966132              
2       46             -0.010089301760381336              
2       14             -0.010098478713881476              
37      56             -0.010159119133381078              
23      27             -0.010282384449240185              
23      52             -0.010283906263939921              
35      52             -0.010361750907081274              
31      55             -0.010453117853923478              
30      55             -0.010453119865316406              
14      37             -0.010519278286754752              
16      45             -0.010627038573745293              
18      32             -0.010646163879508078              
16      56             -0.010716621237994037              
5       25             -0.010726245100460025              
9       25             -0.010731910390606197              
9       26             -0.010881714342538276              
13      24             -0.010905589361944454              
3       47             -0.010963610397378434              
20      45             -0.011012587594571091              
32      46             -0.01108206930907464               
40      50             -0.011084975598033273              
23      48             -0.01109066148935113               
5       9              -0.011115556451156486              
13      33             -0.011117735989198865              
12      22             -0.011191129129825145              
4       43             -0.011195207663120398              
35      48             -0.0112054675310116                
7       23             -0.011214250344361243              
37      44             -0.011242833447420053              
24      52             -0.011259760164308852              
1       21             -0.011310293612838418              
11      22             -0.011360893326894536              
14      54             -0.011364678707903267              
36      44             -0.011407296767548522              
8       19             -0.011409652771224937              
29      51             -0.01144637468173812               
43      51             -0.011456659449165012              
4       8              -0.011493755201007858              
51      56             -0.011582429030468716              
7       22             -0.011673741794360273              
13      19             -0.01168070197010175               
21      51             -0.011712944038291637              
9       17             -0.011719567019795443              
27      35             -0.011787171514170629              
14      22             -0.011797740674961102              
24      42             -0.01194563902690756               
32      55             -0.011998489484620262              
44      51             -0.012152775681766093              
10      11             -0.012228011170664355              
44      48             -0.012239304584810012              
8       55             -0.012243495211397004              
42      51             -0.012263361437431355              
25      33             -0.012285130236511468              
27      46             -0.012295216636341713              
3       33             -0.012295968841576202              
17      43             -0.01231658840692891               
9       34             -0.012334835802205457              
5       12             -0.012354016055436484              
6       15             -0.012354317195970285              
10      43             -0.012523164658890973              
9       45             -0.01267561250997766               
29      34             -0.012695397443349465              
26      46             -0.012714081989496695              
19      49             -0.012755414110867502              
14      36             -0.012763373530171082              
50      55             -0.012768652981006864              
6       45             -0.012776864615336198              
12      13             -0.012787035461340912              
27      41             -0.012843399876042244              
8       42             -0.012938855067366792              
15      45             -0.012944434578704783              
18      28             -0.01299028087650024               
7       49             -0.013017165570936684              
34      55             -0.013034396275499016              
7       30             -0.013138444826333764              
7       31             -0.013138446465354045              
44      47             -0.013147538328763447              
8       34             -0.013182007302158946              
23      44             -0.013253391410522376              
26      31             -0.013278181853652898              
26      30             -0.013278183777161168              
28      56             -0.013337083273222833              
37      39             -0.013388375009143375              
39      41             -0.013391148267137915              
35      44             -0.013415496818726655              
1       12             -0.013432179890839849              
23      49             -0.013433849601080003              
11      13             -0.013440585918596593              
35      49             -0.013480558538665893              
6       56             -0.013504635676341248              
11      14             -0.013874560240664177              
3       14             -0.013899337024973604              
21      47             -0.014032231908796211              
42      47             -0.014071381125405298              
24      37             -0.014129114995386535              
7       41             -0.01415708820797243               
19      21             -0.014186063970415816              
26      32             -0.014248779593874841              
44      56             -0.014278253582681075              
3       38             -0.014373721964751937              
18      30             -0.014460998040424916              
18      31             -0.0144610038720345                
18      23             -0.014478703514717431              
8       11             -0.014600480875915686              
18      35             -0.014609973918782618              
14      41             -0.01462275462280338               
29      38             -0.014693386563829243              
51      53             -0.014711591657692466              
23      51             -0.01477375855305596               
13      43             -0.014782940418255147              
9       56             -0.014812556410510644              
15      24             -0.014918100006244578              
1       49             -0.014925531714281945              
18      29             -0.014943007537218514              
35      51             -0.014969708324622737              
7       40             -0.014984484415266161              
27      29             -0.014998156234193025              
41      45             -0.015024450556858387              
7       42             -0.015042040928656283              
5       24             -0.015297688875738333              
11      29             -0.01537925565317217               
9       52             -0.015394037418323944              
2       40             -0.015470511440742199              
4       15             -0.01549876867259739               
2       45             -0.015581227604943008              
20      44             -0.015652430220062255              
30      50             -0.0156788891026846                
31      50             -0.015678891222548827              
21      26             -0.015694343738192118              
10      28             -0.015700793209873762              
11      47             -0.015807436464063546              
6       30             -0.015853764903601512              
6       31             -0.015853766912131098              
5       55             -0.015902582388878053              
7       14             -0.015990511626793616              
11      38             -0.016009816907924426              
12      47             -0.01612175578604627               
7       33             -0.016183043323910476              
10      55             -0.01623011043136101               
4       51             -0.01626226324568321               
2       47             -0.016307042288569357              
4       13             -0.016349102159936665              
27      49             -0.016432108563713688              
22      42             -0.016439056764458955              
12      39             -0.01645075416713676               
21      28             -0.01650863644986969               
21      45             -0.01661287655045647               
12      41             -0.01666551549816185               
3       53             -0.01670328845606739               
47      51             -0.016715869655158686              
20      52             -0.016748843415769613              
1       42             -0.01676999098810293               
17      31             -0.016771010395325435              
17      30             -0.016771012156262997              
26      45             -0.016787101699187124              
1       48             -0.016790444560921797              
47      55             -0.01686031039608539               
29      44             -0.016906589950166327              
22      50             -0.01693160520493242               
44      46             -0.01696183736700753               
29      46             -0.01703382133563939               
29      50             -0.017037388084622532              
1       40             -0.01705189007953674               
13      30             -0.017096913875979447              
13      31             -0.01709691591331168               
11      50             -0.017115179504467157              
15      16             -0.017129113841928528              
13      32             -0.01716989596474975               
53      54             -0.017236961574093268              
17      44             -0.017274472763996546              
5       23             -0.017323611326906907              
19      48             -0.01734341556009064               
3       15             -0.017460323566979352              
2       51             -0.017461860354089087              
5       35             -0.01750126763857937               
29      33             -0.017565264491244487              
11      42             -0.01758081881226449               
22      48             -0.01760354334238569               
39      55             -0.01762773352591754               
8       44             -0.017639632566769328              
4       10             -0.017747637759405063              
15      49             -0.017775320666633523              
3       7              -0.017791632050879594              
38      54             -0.017813848569407473              
2       21             -0.01781964967868148               
30      49             -0.017851397926141557              
31      49             -0.017851403837438135              
13      55             -0.017874019171526756              
4       56             -0.017922200953445086              
27      31             -0.017932137995471865              
27      30             -0.017932139686446857              
42      46             -0.01798844315467421               
29      56             -0.017989859814328185              
28      42             -0.017991472875018524              
9       55             -0.017994369337620345              
6       16             -0.018015166642647032              
23      56             -0.01814375279780625               
1       37             -0.018179112858018848              
4       9              -0.018282610827673504              
35      56             -0.018339006047721984              
6       39             -0.01849318350717971               
37      47             -0.018527978125747677              
5       11             -0.01855902121969119               
12      37             -0.018570979798124373              
22      51             -0.018581413456146334              
15      41             -0.018607327520724373              
26      36             -0.01865786556567363               
12      53             -0.018693387398090525              
33      37             -0.018694888496147852              
3       21             -0.01880271188185871               
52      55             -0.018842148485052612              
15      44             -0.018978128894574606              
6       27             -0.01898307485632461               
7       39             -0.019033332951243195              
1       9              -0.019044385901830885              
28      37             -0.01907895857453508               
23      38             -0.019087984719589078              
46      47             -0.019126568615513095              
35      38             -0.019221024320977338              
5       34             -0.019260888120572292              
33      55             -0.019261852450625297              
8       13             -0.019292254366105432              
4       18             -0.01930449769939191               
20      36             -0.019305779492960876              
12      50             -0.01933409479911216               
16      21             -0.019342875653638278              
53      56             -0.019346815678952356              
21      25             -0.019364339424341653              
11      21             -0.019403293169589914              
20      25             -0.01954472297487507               
38      49             -0.019547550681141418              
1       36             -0.01959671925405962               
34      49             -0.01961477567641859               
24      56             -0.019746917448423745              
12      26             -0.01976820221281804               
11      31             -0.019853688512048197              
11      30             -0.0198536904130652                
13      34             -0.019888122845101885              
21      34             -0.019902236298110873              
14      47             -0.01997637770184199               
1       41             -0.020027624285509915              
5       32             -0.020029379824593907              
5       18             -0.020088286822174492              
15      28             -0.020090704769428022              
17      32             -0.02012226940759463               
15      54             -0.020212063642715813              
16      52             -0.02029324074262466               
12      38             -0.020297412496842568              
10      50             -0.020315863953970628              
1       22             -0.020366157687072728              
21      54             -0.020450166571153866              
21      55             -0.020462769154647703              
19      23             -0.02046360660953822               
22      26             -0.020505184599847334              
7       54             -0.02051546385054759               
15      48             -0.020530379264406415              
27      32             -0.020545868203541484              
19      35             -0.020570626918833906              
23      54             -0.020622994013437368              
7       25             -0.020730620603323188              
5       29             -0.020743769918211773              
4       49             -0.020754878603043897              
3       23             -0.020759536715817845              
9       19             -0.020781917276446252              
16      17             -0.02078719647638512               
35      54             -0.020802852611660677              
5       45             -0.020816969282508424              
27      43             -0.02087379491533179               
3       35             -0.020946814957937                 
45      55             -0.020979684878208033              
24      34             -0.02106187877300296               
42      48             -0.021143763437036084              
7       19             -0.021146041274003352              
7       13             -0.021197787876985896              
29      52             -0.021228829046341276              
37      45             -0.02138377379725663               
13      42             -0.02140597498963631               
17      38             -0.021407197565655373              
13      37             -0.02146992808531943               
4       54             -0.0215001429627453                
16      27             -0.0215146810560419                
40      45             -0.021596314670711644              
23      34             -0.02163897340456375               
34      35             -0.021666439833512005              
45      50             -0.02180141048144442               
16      55             -0.02183403556421605               
1       14             -0.02183497408903655               
7       50             -0.02187249533685122               
10      26             -0.02188387058814531               
29      49             -0.02193474238773173               
2       49             -0.022013516741231698              
12      18             -0.022083400166169845              
28      36             -0.022093535622192545              
44      50             -0.022101784018200593              
16      33             -0.02212532303150498               
33      35             -0.022145024130835966              
23      33             -0.02219611444324132               
13      25             -0.02242330067718583               
3       22             -0.02244115171961701               
8       29             -0.022449813011859346              
13      45             -0.02249393403799954               
17      23             -0.022535206736443922              
8       38             -0.02259487919402066               
17      29             -0.022630406002228133              
11      16             -0.022661409623624687              
22      54             -0.022692178726383266              
17      35             -0.022705621351208197              
14      40             -0.02273007799289621               
31      56             -0.022840344723005848              
30      56             -0.022840346298883568              
16      49             -0.022844130856004813              
18      26             -0.022905203335250993              
13      51             -0.022918012451693434              
3       4              -0.022936383280606334              
2       37             -0.022958681720489052              
21      53             -0.023022481255000893              
42      56             -0.023056086861538636              
6       32             -0.023154344729602233              
1       27             -0.023205742402334903              
22      28             -0.023307529921086728              
1       10             -0.02347221970625739               
26      47             -0.02350527215056375               
37      55             -0.023525514529099234              
20      33             -0.02353161934702523               
6       46             -0.02370350882066803               
20      48             -0.02372990313567004               
11      51             -0.023765070543025263              
22      44             -0.023854353571803127              
13      29             -0.023925692107468303              
5       53             -0.023984971604306293              
3       29             -0.024009039590994423              
7       8              -0.024061251735622083              
19      53             -0.024182462610171415              
17      40             -0.02423065847066297               
18      52             -0.024233965085800266              
4       20             -0.024237476216719775              
29      54             -0.02425687166839504               
24      38             -0.024314124571642406              
46      55             -0.02456116410714164               
5       30             -0.024590764346886715              
5       31             -0.02459076623165176               
3       19             -0.024635566972179737              
3       16             -0.024672546618820637              
2       22             -0.024710851188918886              
8       24             -0.024754588926969606              
30      38             -0.02479132787548116               
31      38             -0.024791329793667133              
13      23             -0.024817086105651594              
17      47             -0.024882289651920783              
24      47             -0.024896705149891785              
1       20             -0.024920050307594144              
8       23             -0.024939827106023313              
24      26             -0.024940755074403992              
13      35             -0.024949061170834334              
11      37             -0.025023782276251377              
4       48             -0.02502469503633016               
8       35             -0.02503368783863595               
40      42             -0.025049594096573133              
15      17             -0.025118965668071674              
2       26             -0.02512803293989674               
4       21             -0.02514061264043886               
19      29             -0.025145960989619312              
25      48             -0.025158989118143182              
20      41             -0.025186713503611832              
4       11             -0.02519305700089293               
32      56             -0.025221795972403954              
6       22             -0.025246184399059637              
32      44             -0.025246444119998622              
16      18             -0.025341432842370948              
9       37             -0.02536563383122399               
6       24             -0.025373389403674854              
47      52             -0.025415214164591082              
29      53             -0.025429201778884226              
45      51             -0.025484366575767914              
3       37             -0.025491500281715124              
36      51             -0.025587785994963586              
11      19             -0.025600945624209573              
9       27             -0.025696525566315506              
1       16             -0.025733019375822064              
7       38             -0.025762217374426993              
30      44             -0.025768772313142174              
31      44             -0.025768774253432172              
20      40             -0.025770706963128887              
25      41             -0.026008681446717072              
32      38             -0.026045565870509088              
36      53             -0.026057430191811004              
36      42             -0.0261279193076428                
22      55             -0.026253722430455942              
42      54             -0.026294341385630263              
44      55             -0.02631028063014086               
3       42             -0.026340473701419953              
37      48             -0.026385130271487797              
43      53             -0.02652997207273946               
6       37             -0.026605538063107836              
9       29             -0.026656396020163217              
37      54             -0.026703142963915197              
6       36             -0.026749448669617093              
27      54             -0.026753343306901337              
19      54             -0.026813296548093002              
11      25             -0.026857916282459204              
25      42             -0.026912494389959546              
25      37             -0.0269290025196898                
4       12             -0.02695612185021609               
45      46             -0.026965823052061452              
18      55             -0.026973463223283464              
7       34             -0.02701160785396868               
10      42             -0.027032519054156406              
38      53             -0.027067588856817593              
16      22             -0.027126293720905803              
34      53             -0.02719082004864226               
12      19             -0.027214097150414784              
16      54             -0.027242575383040923              
37      40             -0.02729099500933034               
21      48             -0.027432564457209554              
10      23             -0.027465606539370774              
2       10             -0.027575133939452337              
12      28             -0.02759182057572336               
10      35             -0.02763167637504302               
34      43             -0.02765796639927598               
3       27             -0.027676476512613873              
7       18             -0.027705694184324337              
1       34             -0.02773941365861242               
25      27             -0.027824490170938368              
11      48             -0.027835304817051182              
33      43             -0.027928391841499027              
7       37             -0.027936502414315376              
22      45             -0.02796966939120174               
19      32             -0.02804247098962654               
12      36             -0.02804496881122051               
39      46             -0.02807974282401962               
6       47             -0.028103376861186247              
19      28             -0.02821463970225424               
25      28             -0.02830690588037918               
21      44             -0.02837535173577717               
24      55             -0.02846521890534602               
14      27             -0.02849558213155773               
25      36             -0.028510665973437835              
13      41             -0.028512785179806696              
2       24             -0.028585738945146905              
24      28             -0.028615622852634415              
5       39             -0.028690633416104866              
2       34             -0.028704009832371785              
39      54             -0.02890276348950961               
12      48             -0.028986332400784715              
9       21             -0.029075872306736653              
2       33             -0.02909371338143729               
16      24             -0.029098856891345712              
39      47             -0.029143024459406364              
3       34             -0.029203857730575267              
26      52             -0.029313409888225422              
14      26             -0.02937616214028063               
22      47             -0.029729446266551426              
15      47             -0.029732648046143936              
4       47             -0.029790947759915976              
39      51             -0.029805610369615584              
19      31             -0.029806650747830746              
19      30             -0.02980665242749836               
17      37             -0.029855227609069362              
49      55             -0.029902899118053106              
17      25             -0.02999407853188968               
3       36             -0.03010914220166888               
19      24             -0.030115344785917014              
46      51             -0.030364168694430954              
50      56             -0.03061185109518398               
38      39             -0.030768800572681262              
36      39             -0.030863420134305083              
10      20             -0.031066089381481227              
45      53             -0.03108356195748288               
19      50             -0.031089902065380037              
14      51             -0.031146437766999338              
6       40             -0.031212373988966494              
34      54             -0.031355136052812885              
8       26             -0.03138007980237066               
18      54             -0.0313997548571926                
48      55             -0.0314145001117868                
26      44             -0.03148396553182495               
24      36             -0.03153931975760857               
45      56             -0.03153985475863917               
18      27             -0.0316399396342982                
28      44             -0.03165045001061191               
12      46             -0.031658831781360794              
5       27             -0.03168998219754167               
26      49             -0.03182861758930494               
28      46             -0.03207261920942299               
44      53             -0.032113504746431765              
36      49             -0.03217356111181768               
3       39             -0.03226899449239015               
40      43             -0.032461107128437396              
28      49             -0.032659342877940895              
36      54             -0.03267112638501857               
14      53             -0.0326943179681979                
17      22             -0.032732494116249955              
28      45             -0.03273287967041354               
11      36             -0.032881053555287254              
6       29             -0.03289602075270361               
7       51             -0.03290319803710294               
2       25             -0.0329050823163555                
25      39             -0.032952011015081245              
10      54             -0.03295264413806501               
28      33             -0.03318991100685151               
28      53             -0.033360045770208374              
19      39             -0.03338118749656788               
40      41             -0.033385982047293955              
10      22             -0.033508239633243536              
2       44             -0.03351563744526306               
16      51             -0.03363222994376555               
9       42             -0.03387172166848801               
10      15             -0.033950157245962634              
36      55             -0.0340588724058417                
3       48             -0.03420699374604136               
3       18             -0.034253554838174424              
11      33             -0.03446203470306006               
2       38             -0.03457054064138493               
7       48             -0.03466298620715673               
28      34             -0.03466871943029354               
52      56             -0.03472197592997196               
12      56             -0.034952366471053015              
48      54             -0.035167700147136674              
18      46             -0.03521634566804392               
24      48             -0.03535973822868742               
20      39             -0.03553174374657318               
29      40             -0.03559126057245676               
21      27             -0.03590112706206146               
39      52             -0.03593996072196111               
3       10             -0.03596257532928469               
5       56             -0.03619941210577399               
1       51             -0.036291076680241646              
44      52             -0.036325337169498                 
24      53             -0.03641539428081625               
2       19             -0.03656127467474854               
7       56             -0.036639246779559265              
15      27             -0.036650671336197066              
2       48             -0.03674682108123589               
31      40             -0.03676005018601553               
30      40             -0.036760051896309265              
13      49             -0.036819924804268545              
14      17             -0.0369042910350115                
18      47             -0.03702857099937995               
16      25             -0.037085819836980005              
17      49             -0.03710830651629378               
11      52             -0.037173671280633994              
43      49             -0.037251555371093883              
4       24             -0.03737411056797886               
2       36             -0.03764716448491856               
17      36             -0.03776454629018659               
5       14             -0.03793067631940078               
41      56             -0.03797590329110233               
8       32             -0.037979711724440327              
28      38             -0.03801078565606887               
42      49             -0.038210605210221016              
4       45             -0.03851169533575523               
18      36             -0.038670804574146136              
9       43             -0.03874349761604676               
5       48             -0.03883476879205612               
6       12             -0.039035118645329145              
22      49             -0.039053397646477625              
18      25             -0.03906580252307265               
9       30             -0.03958998626285874               
9       31             -0.039589990242161976              
5       44             -0.03969545828681076               
22      56             -0.04014300187529693               
38      50             -0.04017727628125836               
10      51             -0.04036314139310368               
1       33             -0.040620051218492506              
34      50             -0.040698729313296864              
33      46             -0.040704999063302286              
2       4              -0.040730354727383664              
32      40             -0.040934920116488464              
52      54             -0.04160794870282261               
6       43             -0.04178075078219147               
33      42             -0.0419058765218005                
14      52             -0.041949791444389706              
8       14             -0.0422566223477813                
14      56             -0.042465700802171547              
18      20             -0.042587360356629675              
9       32             -0.04295788559277067               
18      19             -0.04298226394195519               
4       33             -0.04317375125624301               
3       52             -0.04320159890464824               
11      46             -0.04320664434163096               
14      46             -0.043590117434832015              
23      40             -0.04368605450294143               
4       36             -0.04382813405413727               
35      40             -0.043852454603057894              
25      52             -0.044472194648166                 
15      50             -0.044508480443060244              
20      56             -0.04479913488589307               
18      37             -0.04565285126429584               
6       23             -0.04620071732261654               
6       35             -0.0465311380849366                
1       5              -0.04714042912164167               
43      50             -0.047211010953240096              
41      54             -0.047321244548683764              
4       28             -0.047634981291049136              
33      52             -0.04804516048398537               
18      38             -0.048148298812030144              
10      39             -0.04889145550828747               
3       41             -0.04898941423082297               
8       30             -0.04933149725820915               
8       31             -0.049331497551404896              
6       21             -0.05011631999900991               
16      40             -0.050158428610525344              
14      50             -0.050621005445377884              
17      46             -0.05172645714645742               
9       20             -0.051856077270858586              
27      39             -0.05365967683449091               
8       43             -0.053819213084572895              
13      39             -0.05494719799310474               
