6	29	1.382715404033660889e-01
5	28	8.111292123794555664e-02
5	29	7.927680015563964844e-02
5	30	7.794976234436035156e-02
6	30	7.772201299667358398e-02
4	28	5.840906500816345215e-02
4	29	5.680707097053527832e-02
1	27	5.203703045845031738e-02
7	30	5.132305622100830078e-02
1	28	5.110326409339904785e-02
3	30	4.864242672920227051e-02
4	27	4.849985241889953613e-02
1	29	4.776403307914733887e-02
5	31	4.734683036804199219e-02
4	30	4.733958840370178223e-02
1	26	4.639723896980285645e-02
3	29	4.553881287574768066e-02
2	26	4.461786150932312012e-02
2	27	4.386135935783386230e-02
6	31	4.385256767272949219e-02
1	34	4.374253749847412109e-02
1	30	4.319262504577636719e-02
2	31	4.126599431037902832e-02
2	30	4.095748066902160645e-02
3	28	4.089403152465820312e-02
1	31	4.087924957275390625e-02
7	31	4.076054692268371582e-02
2	28	4.071179032325744629e-02
2	29	4.060938954353332520e-02
1	33	4.055923223495483398e-02
3	31	4.032528400421142578e-02
2	34	4.025900363922119141e-02
2	25	3.961253166198730469e-02
1	25	3.935500979423522949e-02
