4	47	9.322296380996704102e-01
3	46	9.196946024894714355e-01
4	45	9.058251380920410156e-01
5	46	9.035810232162475586e-01
2	46	8.915464878082275391e-01
3	47	8.882586956024169922e-01
4	46	8.867779374122619629e-01
2	47	8.722653388977050781e-01
6	45	8.642118573188781738e-01
5	44	8.409217596054077148e-01
3	48	8.398449420928955078e-01
3	45	8.391780257225036621e-01
6	44	8.273367881774902344e-01
5	45	8.253695964813232422e-01
1	47	8.241707086563110352e-01
6	43	8.200641870498657227e-01
7	44	8.172076940536499023e-01
4	44	8.117183446884155273e-01
7	43	7.856693863868713379e-01
1	46	7.528349757194519043e-01
1	48	7.482994794845581055e-01
7	42	7.309509515762329102e-01
8	42	7.140041589736938477e-01
9	41	7.050805091857910156e-01
10	40	7.049440145492553711e-01
3	44	6.956631541252136230e-01
2	45	6.722997426986694336e-01
2	48	6.708685159683227539e-01
11	39	6.615328788757324219e-01
6	42	6.290307044982910156e-01
8	43	6.275097131729125977e-01
5	43	6.266778707504272461e-01
7	41	5.848288536071777344e-01
8	41	5.778883099555969238e-01
9	40	5.653148889541625977e-01
12	38	5.252206921577453613e-01
6	41	5.073186159133911133e-01
7	40	4.792630076408386230e-01
10	39	4.765703082084655762e-01
9	39	4.710711836814880371e-01
8	40	4.538485407829284668e-01
10	38	4.063831567764282227e-01
8	39	3.911187052726745605e-01
11	38	3.822707533836364746e-01
4	43	3.672480881214141846e-01
9	38	3.581343293190002441e-01
10	37	3.053528368473052979e-01
13	37	3.035248219966888428e-01
