2	30	7.692348361015319824e-01
4	31	7.586250305175781250e-01
3	31	7.522592544555664062e-01
1	31	7.256993055343627930e-01
1	30	7.141721248626708984e-01
3	30	7.109397649765014648e-01
4	30	6.958657503128051758e-01
4	29	6.914318203926086426e-01
5	30	6.709603667259216309e-01
2	31	6.489733457565307617e-01
3	32	6.224188208580017090e-01
5	28	5.982342362403869629e-01
3	29	5.946807265281677246e-01
5	29	5.627674460411071777e-01
1	32	5.544700026512145996e-01
4	28	5.337059497833251953e-01
2	29	4.679058790206909180e-01
6	29	4.311543703079223633e-01
3	28	4.280730187892913818e-01
2	32	4.208395183086395264e-01
4	27	2.438906133174896240e-01
1	26	1.304259002208709717e-01
1	27	8.546605706214904785e-02
2	26	7.873928546905517578e-02
2	25	7.208186388015747070e-02
1	25	6.135332584381103516e-02
3	27	5.747339129447937012e-02
3	26	5.727520585060119629e-02
4	32	5.659988522529602051e-02
6	30	5.377119779586791992e-02
2	28	5.352604389190673828e-02
5	31	5.259102582931518555e-02
