1	36	6.789159774780273438e-02
7	31	5.603975057601928711e-02
6	29	5.442893505096435547e-02
7	30	5.284154415130615234e-02
2	35	5.129075050354003906e-02
1	35	5.115059018135070801e-02
8	31	5.093833804130554199e-02
6	32	4.859435558319091797e-02
6	30	4.857757687568664551e-02
1	31	4.818934202194213867e-02
1	32	4.744282364845275879e-02
5	28	4.721170663833618164e-02
1	30	4.708415269851684570e-02
7	32	4.696872830390930176e-02
6	31	4.668039083480834961e-02
5	29	4.657357931137084961e-02
5	30	4.491791129112243652e-02
5	32	4.475313425064086914e-02
1	29	4.474520683288574219e-02
2	34	4.460623860359191895e-02
5	31	4.459860920906066895e-02
2	32	4.371023178100585938e-02
8	32	4.354012012481689453e-02
1	33	4.336136579513549805e-02
1	28	4.278928041458129883e-02
4	29	4.267609119415283203e-02
1	34	4.224458336830139160e-02
4	30	4.223930835723876953e-02
2	31	4.223838448524475098e-02
2	33	4.212620854377746582e-02
4	28	4.211717844009399414e-02
4	31	4.192644357681274414e-02
4	27	4.191318154335021973e-02
6	33	4.174739122390747070e-02
5	33	4.131588339805603027e-02
2	30	4.084086418151855469e-02
