1	26	4.807007312774658203e-02
1	27	4.748636484146118164e-02
1	25	4.731416702270507812e-02
1	24	4.705119132995605469e-02
1	28	4.528361558914184570e-02
6	29	4.506346583366394043e-02
6	30	4.487913846969604492e-02
7	30	4.416748881340026855e-02
1	29	4.389569163322448730e-02
8	31	4.362672567367553711e-02
7	31	4.361841082572937012e-02
5	28	4.328170418739318848e-02
5	29	4.308956861495971680e-02
1	34	4.308134317398071289e-02
5	30	4.300042986869812012e-02
6	31	4.276770353317260742e-02
1	36	4.239538311958312988e-02
1	30	4.234057664871215820e-02
8	32	4.217448830604553223e-02
7	32	4.185265302658081055e-02
4	30	4.171279072761535645e-02
9	32	4.151219129562377930e-02
1	35	4.146957397460937500e-02
1	31	4.143556952476501465e-02
1	33	4.127630591392517090e-02
4	29	4.095190763473510742e-02
5	31	4.087767004966735840e-02
1	32	4.076895117759704590e-02
6	32	4.058310389518737793e-02
4	27	4.056853055953979492e-02
4	28	4.043307900428771973e-02
4	31	3.975778818130493164e-02
5	32	3.869557380676269531e-02
2	36	3.848958015441894531e-02
9	33	3.829088807106018066e-02
8	33	3.802514076232910156e-02
