6	31	7.565187215805053711e-01
5	32	7.431582808494567871e-01
6	30	7.418305277824401855e-01
4	33	7.197994589805603027e-01
5	31	6.986831426620483398e-01
7	30	6.898429989814758301e-01
5	30	6.627783179283142090e-01
4	31	6.419777870178222656e-01
4	32	5.963932871818542480e-01
6	29	5.792756080627441406e-01
4	30	5.090661644935607910e-01
3	32	4.909517765045166016e-01
3	34	4.892508685588836670e-01
3	31	4.573957324028015137e-01
5	29	4.359488189220428467e-01
3	33	4.155460596084594727e-01
2	33	3.947196006774902344e-01
2	32	3.929418623447418213e-01
3	30	3.584222197532653809e-01
4	29	3.203224539756774902e-01
1	34	2.724636793136596680e-01
2	34	2.320808172225952148e-01
1	33	2.295936048030853271e-01
5	28	2.115727365016937256e-01
2	35	1.943986117839813232e-01
1	28	1.799041628837585449e-01
1	35	1.784309744834899902e-01
2	31	1.420887708663940430e-01
1	29	1.414757072925567627e-01
2	28	1.310037374496459961e-01
2	27	1.286325752735137939e-01
1	27	9.656655788421630859e-02
1	32	9.547352790832519531e-02
3	27	8.568125963211059570e-02
7	31	8.416160941123962402e-02
