5	28	9.931323528289794922e-01
6	29	9.913643598556518555e-01
5	30	9.913138151168823242e-01
5	29	9.912766218185424805e-01
4	30	9.909250736236572266e-01
4	29	9.909085035324096680e-01
4	31	9.889279007911682129e-01
3	30	9.854143857955932617e-01
3	31	9.820026159286499023e-01
4	28	9.755154848098754883e-01
2	31	9.730213284492492676e-01
2	30	9.628373384475708008e-01
3	29	9.592708945274353027e-01
3	32	9.426991343498229980e-01
1	31	9.290543198585510254e-01
3	28	9.047909975051879883e-01
4	27	9.018723964691162109e-01
2	32	8.982221484184265137e-01
1	32	8.862276077270507812e-01
1	30	8.745312690734863281e-01
2	29	8.439701199531555176e-01
1	26	4.030726253986358643e-01
2	25	3.797009587287902832e-01
1	27	2.956702709197998047e-01
2	26	2.953338623046875000e-01
1	25	2.397628426551818848e-01
1	29	1.022332310676574707e-01
2	28	9.212431311607360840e-02
1	28	9.133765101432800293e-02
3	27	8.436146378517150879e-02
3	26	8.383059501647949219e-02
2	27	7.748079299926757812e-02
