5	99	9.437437057495117188e-01
4	102	9.424046277999877930e-01
5	101	9.410715103149414062e-01
4	100	9.400209188461303711e-01
3	101	9.373505115509033203e-01
6	99	9.359393119812011719e-01
5	100	9.321789145469665527e-01
4	101	9.317842721939086914e-01
6	100	9.263919591903686523e-01
7	98	9.249895811080932617e-01
6	98	9.230227470397949219e-01
7	99	9.179093241691589355e-01
3	102	9.126502871513366699e-01
2	101	9.026725292205810547e-01
2	102	8.956928253173828125e-01
8	98	8.848485946655273438e-01
7	97	8.763740062713623047e-01
4	99	8.642750978469848633e-01
1	102	8.600782155990600586e-01
8	97	8.600261807441711426e-01
3	100	8.562135100364685059e-01
8	96	8.446031808853149414e-01
3	103	8.373384475708007812e-01
5	98	8.077908754348754883e-01
1	101	7.930802106857299805e-01
1	103	7.882679700851440430e-01
9	97	7.511749863624572754e-01
6	97	7.345331311225891113e-01
9	96	7.340805530548095703e-01
2	103	7.044919133186340332e-01
3	99	7.043520212173461914e-01
4	98	6.983457803726196289e-01
5	97	6.626974344253540039e-01
7	96	6.348007321357727051e-01
9	95	5.863648653030395508e-01
2	100	5.832535624504089355e-01
6	96	5.363356471061706543e-01
8	95	5.084893703460693359e-01
10	96	4.961831867694854736e-01
2	96	3.496848344802856445e-01
10	95	3.439745306968688965e-01
3	95	3.356678485870361328e-01
1	97	3.171964883804321289e-01
7	95	3.053540289402008057e-01
4	94	2.897051572799682617e-01
9	94	2.607277035713195801e-01
4	95	2.494364976882934570e-01
3	96	2.456624209880828857e-01
11	95	2.439909279346466064e-01
8	94	2.320016026496887207e-01
2	97	2.305584549903869629e-01
1	98	2.011178135871887207e-01
2	95	1.817870736122131348e-01
1	96	1.709822118282318115e-01
11	94	1.605498492717742920e-01
5	94	1.502122879028320312e-01
10	94	1.380412280559539795e-01
3	94	1.353644430637359619e-01
11	96	1.273365020751953125e-01
10	97	1.172587275505065918e-01
11	93	1.149890422821044922e-01
12	94	1.121419370174407959e-01
5	93	1.019521951675415039e-01
12	95	1.005761921405792236e-01
12	93	9.967502951622009277e-02
9	93	8.819830417633056641e-02
9	98	8.782708644866943359e-02
10	93	8.720427751541137695e-02
5	95	8.621957898139953613e-02
11	97	8.552035689353942871e-02
7	94	8.432993292808532715e-02
12	96	8.341562747955322266e-02
8	99	8.328455686569213867e-02
4	93	8.226504921913146973e-02
6	93	8.148509263992309570e-02
6	94	8.087471127510070801e-02
6	95	7.945817708969116211e-02
4	103	7.930952310562133789e-02
5	96	7.772034406661987305e-02
7	100	7.641214132308959961e-02
4	97	7.601359486579895020e-02
4	96	7.483369112014770508e-02
12	92	7.475763559341430664e-02
5	102	7.382515072822570801e-02
6	101	7.359698414802551270e-02
10	98	7.294902205467224121e-02
11	92	7.242846488952636719e-02
13	94	6.927558779716491699e-02
13	95	6.911435723304748535e-02
12	97	6.906265020370483398e-02
8	93	6.900975108146667480e-02
9	99	6.710320711135864258e-02
3	98	6.613579392433166504e-02
13	93	6.556099653244018555e-02
7	93	6.490668654441833496e-02
10	92	6.473854184150695801e-02
13	96	6.461751461029052734e-02
3	97	6.453520059585571289e-02
2	94	6.449228525161743164e-02
9	92	6.320667266845703125e-02
9	50	6.214112043380737305e-02
1	95	5.968096852302551270e-02
1	100	5.889305472373962402e-02
