4	40	9.708580970764160156e-01
5	39	9.691078662872314453e-01
6	38	9.689577817916870117e-01
4	38	9.681080579757690430e-01
5	38	9.660014510154724121e-01
6	37	9.653281569480895996e-01
5	37	9.642891287803649902e-01
7	37	9.608097672462463379e-01
4	39	9.584115743637084961e-01
3	41	9.517318010330200195e-01
3	40	9.438889026641845703e-01
6	36	9.438503980636596680e-01
3	39	9.409341812133789062e-01
7	36	9.381530284881591797e-01
2	40	9.369502067565917969e-01
2	41	9.156743288040161133e-01
4	37	9.097968935966491699e-01
8	36	9.062245488166809082e-01
7	35	8.950766324996948242e-01
3	38	8.896937966346740723e-01
1	40	8.804791569709777832e-01
5	36	8.756686449050903320e-01
1	41	8.681551218032836914e-01
2	39	8.602980375289916992e-01
8	35	8.486703634262084961e-01
6	35	8.384430408477783203e-01
8	34	8.205932378768920898e-01
4	36	7.828962206840515137e-01
3	37	7.476903200149536133e-01
7	34	7.363369464874267578e-01
2	42	7.087016105651855469e-01
1	42	7.078474164009094238e-01
5	35	6.989428400993347168e-01
2	38	6.402668952941894531e-01
9	35	6.171547770500183105e-01
9	34	5.893947482109069824e-01
8	33	5.326839685440063477e-01
6	34	5.283166170120239258e-01
10	34	4.931804835796356201e-01
2	34	4.704143404960632324e-01
3	33	4.650679230690002441e-01
3	34	3.792883753776550293e-01
