5	57	9.711120724678039551e-01
5	59	9.699553251266479492e-01
6	58	9.687824249267578125e-01
4	58	9.669691324234008789e-01
4	60	9.651321768760681152e-01
6	57	9.645286798477172852e-01
7	57	9.644956588745117188e-01
5	58	9.643621444702148438e-01
4	59	9.637568593025207520e-01
6	56	9.605420827865600586e-01
7	56	9.554760456085205078e-01
3	59	9.549437761306762695e-01
8	56	9.364162683486938477e-01
2	59	9.288001656532287598e-01
7	55	9.285155534744262695e-01
2	60	9.270654916763305664e-01
3	60	9.268438816070556641e-01
8	55	9.216994047164916992e-01
4	57	9.209119081497192383e-01
3	58	9.062325954437255859e-01
9	55	8.969437479972839355e-01
5	56	8.886357545852661133e-01
1	60	8.751014471054077148e-01
10	54	8.663483262062072754e-01
8	54	8.660930395126342773e-01
3	61	8.519611954689025879e-01
6	55	8.479576110839843750e-01
9	54	8.378453254699707031e-01
1	59	8.169014453887939453e-01
1	61	7.944943904876708984e-01
9	53	7.852230072021484375e-01
7	54	7.848041653633117676e-01
4	56	7.727038860321044922e-01
2	58	7.651171684265136719e-01
11	53	7.645696401596069336e-01
2	61	7.634785175323486328e-01
10	53	7.446835637092590332e-01
3	57	7.157190442085266113e-01
5	55	7.103589177131652832e-01
11	52	7.048908472061157227e-01
8	53	6.585189700126647949e-01
6	54	6.552790999412536621e-01
10	52	6.514856815338134766e-01
12	52	5.896145701408386230e-01
7	53	5.712702870368957520e-01
11	51	5.081816315650939941e-01
9	52	5.050511360168457031e-01
8	52	4.493720531463623047e-01
12	51	4.242301583290100098e-01
10	51	3.896886408329010010e-01
2	54	3.724761009216308594e-01
1	55	3.512950837612152100e-01
3	53	3.440928161144256592e-01
4	52	2.919152975082397461e-01
1	56	2.912366688251495361e-01
2	55	2.769730091094970703e-01
3	54	2.755835950374603271e-01
13	51	2.698870897293090820e-01
4	53	2.655440866947174072e-01
11	50	2.520849704742431641e-01
5	52	2.446456849575042725e-01
