4	34	9.502087831497192383e-01
4	32	9.414709806442260742e-01
3	33	9.343385100364685059e-01
5	31	9.275153875350952148e-01
3	34	9.246357679367065430e-01
5	33	9.237714409828186035e-01
4	33	9.203020334243774414e-01
2	33	9.093377590179443359e-01
2	34	9.064214229583740234e-01
5	32	8.923387527465820312e-01
1	34	8.848778009414672852e-01
3	35	8.832617998123168945e-01
3	32	8.656944036483764648e-01
6	32	8.652155399322509766e-01
6	30	8.632333874702453613e-01
4	31	8.569375276565551758e-01
6	31	8.567656278610229492e-01
2	35	8.137940168380737305e-01
1	35	8.128501176834106445e-01
1	33	8.114826083183288574e-01
2	32	7.653390169143676758e-01
3	31	7.623788118362426758e-01
5	30	7.417923212051391602e-01
7	30	7.333748340606689453e-01
7	31	7.309249639511108398e-01
4	30	6.807505488395690918e-01
6	29	6.400708556175231934e-01
5	29	4.911587834358215332e-01
1	29	3.548343181610107422e-01
2	28	2.581235766410827637e-01
1	30	2.361882925033569336e-01
2	29	2.166814506053924561e-01
3	28	1.757167577743530273e-01
3	27	1.643756330013275146e-01
1	28	1.502226293087005615e-01
