9	37	1.478844732046127319e-01
9	38	1.421728432178497314e-01
7	35	1.303466111421585083e-01
10	37	1.256590336561203003e-01
10	36	1.236917525529861450e-01
8	34	1.162897795438766479e-01
8	35	1.147533059120178223e-01
8	38	1.146631240844726562e-01
9	39	1.115914136171340942e-01
7	36	1.091674864292144775e-01
10	38	1.055466085672378540e-01
11	35	1.018230170011520386e-01
10	39	1.006779670715332031e-01
8	39	9.903280436992645264e-02
11	39	8.759744465351104736e-02
12	38	8.650992810726165771e-02
9	33	8.647763729095458984e-02
13	37	8.595661818981170654e-02
11	36	8.551900088787078857e-02
8	36	8.484932780265808105e-02
6	36	8.379901945590972900e-02
9	36	8.314701914787292480e-02
8	40	8.267378807067871094e-02
9	34	8.205153048038482666e-02
10	40	8.156135678291320801e-02
9	40	7.901920378208160400e-02
8	37	7.893653213977813721e-02
7	37	7.807555794715881348e-02
7	34	7.669058442115783691e-02
11	38	7.538849115371704102e-02
6	35	7.481217384338378906e-02
8	33	7.307524979114532471e-02
11	37	7.155093550682067871e-02
9	35	6.879074871540069580e-02
7	39	6.775201857089996338e-02
10	35	6.772746145725250244e-02
6	37	6.277447938919067383e-02
6	34	6.269444525241851807e-02
7	40	6.188884377479553223e-02
10	34	6.018649041652679443e-02
