#======================================================================
# PARAMETERS USED FOR THIS COMPUTATION: 
#      Sequence type: RNA
#      Total number of sequences in alignment data: 6
#      Length of sequences in alignment data: 36
#      Effective number of sequences: 6.0
#      Value of sequence identity: 0.8
#      Value of relative pseudocount: 0.5
# The First and Second columns represent sites and the
# Third column is MFDCA Frobenius norm, average product corrected (APC) DCA score
#======================================================================
2       35             0.7956410554257992                 
10      12             0.7604689388940469                 
12      25             0.7604689388940454                 
10      25             0.7604689388940449                 
7       30             0.7558465760280253                 
15      27             0.7433662365756983                 
4       33             0.7203173655486382                 
11      26             0.7165803938410142                 
16      17             0.6592965826878358                 
17      20             0.6592965826878356                 
16      20             0.6592965826878342                 
18      27             0.6383348042164235                 
8       29             0.6194595425902472                 
23      28             0.6088724928315244                 
14      28             0.6088724928315243                 
14      23             0.6088724928315243                 
9       23             0.6088724928315241                 
9       28             0.6088724928315241                 
9       14             0.6088724928315218                 
13      24             0.5155235461644728                 
34      36             0.48870061191536296                
1       3              0.4887006119153603                 
3       34             0.48870061191535796                
3       36             0.48870061191535785                
1       34             0.4887006119153571                 
1       36             0.48870061191535696                
12      31             0.48488888066496905                
10      31             0.4848888806649687                 
25      31             0.4848888806649677                 
19      30             0.4793197666815744                 
7       19             0.47931976668157295                
11      35             0.4775283505492304                 
2       11             0.47752835054923004                
26      35             0.4775283505492297                 
2       26             0.47752835054922926                
7       25             0.4762636814806086                 
7       10             0.47626368148060827                
25      30             0.47626368148060816                
10      30             0.47626368148060716                
12      30             0.47626368148060716                
7       12             0.4762636814806068                 
20      33             0.47539174454310784                
17      33             0.4753917445431076                 
16      33             0.4753917445431073                 
4       17             0.4753917445431063                 
4       20             0.4753917445431063                 
4       16             0.4753917445431063                 
15      33             0.46629250042844017                
4       15             0.4662925004284396                 
12      35             0.46558250017579295                
2       25             0.4655825001757925                 
2       10             0.4655825001757924                 
2       12             0.46558250017579206                
10      35             0.46558250017579184                
25      35             0.46558250017579095                
5       32             0.46477215441772624                
19      35             0.4255853091678592                 
2       19             0.4255853091678574                 
6       27             0.41350380646045537                
18      26             0.40598805196299415                
11      18             0.4059880519629877                 
19      25             0.400765155883781                  
10      19             0.4007651558837809                 
12      19             0.40076515588378053                
21      22             0.36885237221246037                
13      23             0.3667890450102058                 
14      24             0.36678904501020554                
13      28             0.36678904501020554                
9       24             0.36678904501020504                
13      14             0.36678904501020476                
9       13             0.3667890450102047                 
24      28             0.366789045010203                  
23      24             0.3667890450102027                 
8       28             0.3069147027686061                 
8       23             0.306914702768606                  
14      29             0.30691470276860533                
9       29             0.30691470276860466                
8       14             0.3069147027686042                 
23      29             0.3069147027686041                 
28      29             0.3069147027686039                 
8       9              0.3069147027686038                 
15      24             0.30137126842033757                
13      15             0.301371268420336                  
4       5              0.28580439980299055                
5       33             0.2858043998029903                 
4       32             0.28580439980299                   
32      33             0.28580439980298844                
9       31             0.2820194964897502                 
23      31             0.2820194964897502                 
28      31             0.2820194964897502                 
14      31             0.2820194964897499                 
6       26             0.2664594790733009                 
6       11             0.26645947907330014                
7       35             0.24344167955039486                
2       7              0.2434416795503943                 
2       30             0.24344167955039298                
30      35             0.2434416795503923                 
8       27             0.24043390444076518                
27      29             0.24043390444076418                
13      32             0.23744894839378766                
5       24             0.23744894839378705                
24      32             0.23744894839378677                
5       13             0.2374489483937866                 
24      29             0.22827309584173305                
8       24             0.22827309584172983                
13      29             0.22827309584172972                
8       13             0.22827309584172906                
32      34             0.21652555419758773                
32      36             0.21652555419758773                
5       34             0.2165255541975863                 
5       36             0.21652555419758607                
3       5              0.2165255541975859                 
3       32             0.2165255541975858                 
1       32             0.21652555419758557                
1       5              0.21652555419758523                
20      26             0.21220741497598256                
11      20             0.21220741497598128                
11      16             0.21220741497598128                
11      17             0.21220741497598083                
17      26             0.21220741497597967                
16      26             0.21220741497597934                
8       30             0.2075557122669226                 
7       29             0.2075557122669226                 
7       8              0.20755571226692193                
29      30             0.20755571226692082                
29      34             0.20644008714929762                
29      36             0.20644008714929762                
3       8              0.20644008714929563                
8       34             0.20644008714929507                
1       8              0.20644008714929496                
8       36             0.20644008714929496                
1       29             0.2064400871492944                 
3       29             0.2064400871492943                 
6       33             0.19719361086035636                
4       6              0.1971936108603557                 
18      35             0.19436945454543564                
2       18             0.1943694545454343                 
30      31             0.19215982711057833                
7       31             0.19215982711057455                
15      19             0.18818398911975742                
30      34             0.18660929284889716                
30      36             0.18660929284889716                
3       7              0.18660929284889594                
1       7              0.1866092928488955                 
7       34             0.18660929284889471                
7       36             0.18660929284889471                
1       30             0.18660929284889438                
3       30             0.18660929284889427                
18      28             0.18067350422290462                
18      23             0.1806735042229045                 
9       18             0.18067350422290374                
14      18             0.1806735042229033                 
2       31             0.17964232337224262                
31      35             0.1796423233722424                 
15      20             0.1753329903483134                 
15      16             0.1753329903483134                 
15      17             0.1753329903483133                 
22      27             0.15457177857699178                
21      27             0.15457177857699167                
19      31             0.1294737741400419                 
3       33             0.1284267367075741                 
1       33             0.12842673670757399                
4       34             0.12842673670757387                
4       36             0.12842673670757387                
33      36             0.12842673670757354                
1       4              0.12842673670757343                
3       4              0.12842673670757343                
33      34             0.12842673670757343                
1       15             0.1196344134793288                 
15      34             0.11963441347932768                
15      36             0.11963441347932768                
3       15             0.11963441347932735                
9       21             0.11730272568502242                
9       22             0.11730272568502237                
14      21             0.11730272568502143                
14      22             0.11730272568502126                
21      23             0.11730272568501915                
22      23             0.11730272568501915                
21      28             0.11730272568501893                
22      28             0.11730272568501882                
20      21             0.11314245838125292                
20      22             0.11314245838125292                
17      22             0.11314245838125231                
17      21             0.1131424583812522                 
16      21             0.11314245838125153                
16      22             0.11314245838125153                
6       35             0.10254894415451998                
2       6              0.10254894415451976                
13      31             0.10150264647660368                
24      31             0.10150264647660368                
6       15             0.10016492170242175                
5       22             0.1000869014133553                 
5       21             0.10008690141335519                
22      32             0.10008690141335319                
21      32             0.10008690141335314                
18      32             0.08993236234271174                
5       18             0.08993236234271162                
10      21             0.08875970179984455                
10      22             0.08875970179984444                
12      22             0.08875970179984372                
12      21             0.08875970179984355                
22      25             0.08875970179984305                
21      25             0.08875970179984294                
19      34             0.0836557890093027                 
19      36             0.0836557890093027                 
1       19             0.08365578900930148                
3       19             0.08365578900930148                
11      27             0.0801820694468931                 
26      27             0.08018206944689299                
13      33             0.07233246207046484                
4       13             0.07233246207046462                
4       24             0.07233246207046429                
24      33             0.07233246207046395                
15      21             0.04702418854998236                
15      22             0.04702418854998219                
6       17             0.046335027281088514               
6       16             0.046335027281088514               
6       20             0.04633502728108818                
18      29             0.03980862615400638                
8       18             0.039808626154006044               
1       11             0.03825686402237294                
3       11             0.03825686402237294                
1       26             0.03825686402237294                
3       26             0.03825686402237283                
11      36             0.03825686402237216                
11      34             0.03825686402237205                
26      34             0.038256864022370385               
26      36             0.038256864022370385               
13      27             0.0381074842711876                 
24      27             0.03810748427118604                
11      21             0.0333283515018149                 
11      22             0.0333283515018149                 
21      26             0.033328351501813736               
22      26             0.033328351501813736               
1       13             0.023531733461398918               
3       13             0.023531733461398918               
1       24             0.023531733461398807               
3       24             0.023531733461398585               
13      36             0.023531733461398474               
13      34             0.023531733461398363               
24      34             0.02353173346139814                
24      36             0.02353173346139814                
2       17             0.022324805516186208               
2       16             0.022324805516186097               
16      35             0.022324805516185653               
2       20             0.02232480551618543                
17      35             0.02232480551618532                
20      35             0.022324805516183432               
5       15             0.0208635546187268                 
15      32             0.02086355461872602                
9       27             0.018644572070802168               
14      27             0.01864457207080189                
27      28             0.01864457207080178                
23      27             0.01864457207080117                
15      23             0.01727092917253259                
15      28             0.017270929172532257               
9       15             0.017270929172531146               
14      15             0.017270929172531146               
15      18             0.016052659631182853               
6       21             0.01217357089047083                
6       22             0.012173570890470775               
25      27             0.01201575542586758                
12      27             0.012015755425864638               
10      27             0.012015755425863583               
29      31             0.008226139446906755               
8       31             0.008226139446904757               
18      24             0.000524464931415225               
13      18             0.0005244649314145589              
6       28             -0.01024386292070667               
6       23             -0.01024386292070667               
6       9              -0.010243862920707336              
6       14             -0.010243862920707503              
20      29             -0.022329086196202552              
8       20             -0.022329086196202663              
8       17             -0.022329086196202885              
8       16             -0.022329086196202885              
16      29             -0.02232908619620322               
17      29             -0.02232908619620355               
6       7              -0.023036410297301302              
6       30             -0.023036410297303855              
11      33             -0.023186196189890707              
4       26             -0.023186196189891484              
4       11             -0.023186196189891595              
26      33             -0.023186196189891817              
19      21             -0.02408144536786433               
19      22             -0.02408144536786433               
19      33             -0.025186708006222802              
4       19             -0.025186708006226133              
22      31             -0.03330184967732236               
21      31             -0.033301849677322415              
18      22             -0.03349271114682706               
18      21             -0.033492711146827114              
3       6              -0.03719576212371156               
1       6              -0.03719576212371245               
6       36             -0.03719576212371278               
6       34             -0.037195762123712894              
6       8              -0.04013609838925458               
6       29             -0.04013609838925569               
5       26             -0.04789352219421833               
26      32             -0.04789352219421866               
11      32             -0.04789352219421905               
5       11             -0.04789352219421961               
15      31             -0.05925624727379308               
6       32             -0.06126949476244076               
5       6              -0.06126949476244131               
27      35             -0.061901062953459096              
2       27             -0.06190106295346043               
21      36             -0.06402526435836936               
22      36             -0.06402526435836936               
21      34             -0.06402526435836942               
22      34             -0.06402526435836942               
1       22             -0.06402526435837169               
1       21             -0.06402526435837175               
3       21             -0.06402526435837219               
3       22             -0.06402526435837219               
24      26             -0.07465618625918358               
13      26             -0.07465618625918485               
11      13             -0.0746561862591853                
11      24             -0.07465618625918563               
18      36             -0.07667657333663547               
18      34             -0.07667657333663558               
1       18             -0.07667657333663613               
3       18             -0.0766765733366368                
6       31             -0.07858179039586766               
16      19             -0.08672968343214005               
17      19             -0.08672968343214049               
19      20             -0.08672968343214205               
6       18             -0.0903409751895432                
7       20             -0.09528527164796219               
16      30             -0.09528527164796241               
7       17             -0.09528527164796269               
7       16             -0.09528527164796269               
17      30             -0.09528527164796297               
20      30             -0.09528527164796463               
30      32             -0.0982967561568942                
5       7              -0.09829675615689443               
5       30             -0.09829675615689482               
7       32             -0.09829675615689487               
17      18             -0.10649535223249806               
18      20             -0.10649535223249806               
16      18             -0.10649535223249806               
11      19             -0.10941759851130517               
19      26             -0.10941759851130634               
12      18             -0.11145735227527326               
10      18             -0.11145735227527498               
18      25             -0.11145735227527637               
16      27             -0.113140680892578                 
17      27             -0.11314068089257862               
20      27             -0.11314068089258006               
5       23             -0.11609299325563471               
9       32             -0.11609299325563477               
5       28             -0.11609299325563482               
14      32             -0.11609299325563516               
5       14             -0.11609299325563527               
5       9              -0.1160929932556356                
23      32             -0.11609299325563699               
28      32             -0.11609299325563727               
19      32             -0.11962027739107467               
5       19             -0.11962027739107511               
11      31             -0.12008186828128598               
26      31             -0.12008186828128842               
4       27             -0.12175077630563874               
27      33             -0.12175077630563957               
5       25             -0.12451407669315229               
25      32             -0.12451407669315306               
5       10             -0.12451407669315323               
10      32             -0.12451407669315406               
12      32             -0.12451407669315417               
5       12             -0.12451407669315429               
12      23             -0.1258510296878515                
12      28             -0.12585102968785156               
9       25             -0.12585102968785172               
14      25             -0.12585102968785195               
10      23             -0.12585102968785233               
10      28             -0.12585102968785233               
10      14             -0.12585102968785278               
12      14             -0.1258510296878529                
9       10             -0.12585102968785328               
9       12             -0.12585102968785328               
25      28             -0.12585102968785433               
23      25             -0.12585102968785572               
20      23             -0.1301187766482415                
20      28             -0.13011877664824167               
14      16             -0.13011877664824312               
14      17             -0.13011877664824328               
9       16             -0.13011877664824356               
9       17             -0.13011877664824367               
16      23             -0.13011877664824373               
16      28             -0.1301187766482439                
14      20             -0.13011877664824406               
17      23             -0.13011877664824412               
17      28             -0.13011877664824417               
9       20             -0.13011877664824423               
16      25             -0.1305657482721314                
10      16             -0.13056574827213152               
10      17             -0.13056574827213174               
17      25             -0.13056574827213185               
12      20             -0.1305657482721338                
12      17             -0.1305657482721339                
12      16             -0.1305657482721339                
20      25             -0.13056574827213413               
10      20             -0.13056574827213469               
11      25             -0.13849272153351466               
10      26             -0.13849272153351466               
12      26             -0.13849272153351472               
10      11             -0.1384927215335156                
11      12             -0.13849272153351627               
25      26             -0.13849272153351644               
20      32             -0.13974858815299768               
16      32             -0.13974858815299862               
5       20             -0.13974858815299923               
5       16             -0.1397485881529994                
17      32             -0.1397485881529995                
5       17             -0.13974858815299956               
6       25             -0.1411652773645234                
6       12             -0.141165277364524                 
6       10             -0.1411652773645241                
13      21             -0.1415751975975775                
13      22             -0.1415751975975775                
22      24             -0.14157519759757858               
21      24             -0.1415751975975786                
4       21             -0.1421884310332171                
4       22             -0.1421884310332171                
22      33             -0.1421884310332194                
21      33             -0.14218843103321946               
24      35             -0.150138235062723                 
2       24             -0.15013823506272556               
13      35             -0.15013823506272572               
2       13             -0.15013823506272628               
5       35             -0.15326022608813683               
2       32             -0.15326022608813733               
2       5              -0.15326022608813794               
32      35             -0.15326022608813866               
3       20             -0.15623400079513766               
3       16             -0.1562340007951381                
3       17             -0.15623400079513816               
1       20             -0.15623400079513827               
1       16             -0.15623400079513844               
20      36             -0.15623400079513855               
1       17             -0.1562340007951386                
20      34             -0.1562340007951386                
16      36             -0.15623400079513872               
16      34             -0.15623400079513883               
17      36             -0.15623400079513883               
17      34             -0.15623400079513888               
8       32             -0.15861537950371524               
5       8              -0.15861537950371613               
5       29             -0.15861537950371646               
29      32             -0.15861537950371796               
18      33             -0.15932471906905454               
4       18             -0.1593247190690552                
27      32             -0.15979147460778353               
5       27             -0.1597914746077837                
2       33             -0.16277315734661224               
2       4              -0.16277315734661235               
4       35             -0.16277315734661235               
33      35             -0.16277315734661346               
9       26             -0.1645757224965516                
14      26             -0.16457572249655217               
11      23             -0.1645757224965525                
11      28             -0.1645757224965526                
9       11             -0.16457572249655295               
26      28             -0.16457572249655317               
23      26             -0.16457572249655317               
11      14             -0.16457572249655322               
29      33             -0.16761628556951874               
4       8              -0.16761628556951924               
8       33             -0.16761628556951935               
4       29             -0.1676162855695204                
27      30             -0.16931738861503043               
7       27             -0.16931738861503204               
2       36             -0.17699879055698425               
1       35             -0.1769987905569843                
3       35             -0.17699879055698448               
2       34             -0.1769987905569846                
2       3              -0.17699879055698542               
1       2              -0.17699879055698547               
35      36             -0.17699879055698664               
34      35             -0.17699879055698775               
7       22             -0.18143729913199227               
7       21             -0.18143729913199236               
21      30             -0.18143729913199363               
22      30             -0.18143729913199366               
8       22             -0.18203560059670804               
8       21             -0.18203560059670806               
21      29             -0.18203560059670895               
22      29             -0.182035600596709                 
27      31             -0.18499949679284233               
8       15             -0.18921875918303555               
15      29             -0.189218759183036                 
6       24             -0.1917897592995716                
6       13             -0.19178975929957193               
2       22             -0.1999629044000411                
2       21             -0.19996290440004114               
22      35             -0.19996290440004144               
21      35             -0.19996290440004147               
18      31             -0.20497490348299963               
15      25             -0.2124025856133958                
10      15             -0.2124025856133971                
12      15             -0.2124025856133972                
19      24             -0.21571322070149324               
13      19             -0.21571322070149335               
7       28             -0.2179135064765525                
7       23             -0.21791350647655255               
7       14             -0.21791350647655322               
14      30             -0.21791350647655333               
9       30             -0.2179135064765534                
7       9              -0.21791350647655344               
28      30             -0.21791350647655383               
23      30             -0.217913506476554                 
31      36             -0.2202998876636696                
31      34             -0.2202998876636697                
3       31             -0.22029988766367103               
1       31             -0.2202998876636712                
4       23             -0.221403766849822                 
4       28             -0.22140376684982205               
28      33             -0.2214037668498221                
23      33             -0.22140376684982233               
4       14             -0.22140376684982244               
4       9              -0.2214037668498225                
9       33             -0.22140376684982277               
14      33             -0.22140376684982283               
25      29             -0.22148650227317807               
12      29             -0.22148650227317812               
8       12             -0.22148650227317834               
8       25             -0.22148650227317862               
10      29             -0.2214865022731789                
8       10             -0.22148650227317912               
31      32             -0.22843040177101576               
5       31             -0.2284304017710163                
3       25             -0.23123662324324853               
1       12             -0.23123662324324862               
12      36             -0.23123662324324867               
3       10             -0.23123662324324873               
12      34             -0.23123662324324878               
3       12             -0.2312366232432488                
1       25             -0.23123662324324892               
25      36             -0.23123662324324912               
25      34             -0.23123662324324923               
1       10             -0.23123662324324928               
10      36             -0.2312366232432493                
10      34             -0.23123662324324934               
7       33             -0.23220333841116209               
4       7              -0.23220333841116308               
4       30             -0.23220333841116353               
30      33             -0.23220333841116453               
19      23             -0.2323221331472909                
19      28             -0.232322133147291                 
9       19             -0.2323221331472916                
14      19             -0.2323221331472926                
19      29             -0.23429709367088808               
8       19             -0.23429709367088858               
16      31             -0.23558004647042063               
17      31             -0.2355800464704208                
20      31             -0.23558004647042147               
3       28             -0.24911091685045153               
3       23             -0.24911091685045153               
3       14             -0.24911091685045175               
1       23             -0.2491109168504519                
1       28             -0.24911091685045195               
14      36             -0.24911091685045203               
14      34             -0.24911091685045206               
3       9              -0.2491109168504521                
23      36             -0.2491109168504522                
9       34             -0.24911091685045222               
9       36             -0.24911091685045225               
23      34             -0.24911091685045228               
1       14             -0.24911091685045234               
1       9              -0.24911091685045245               
28      36             -0.24911091685045256               
28      34             -0.24911091685045264               
7       24             -0.2551537517063568                
13      30             -0.2551537517063571                
24      30             -0.2551537517063571                
7       13             -0.25515375170635723               
27      36             -0.259173298905582                 
27      34             -0.2591732989055821                
1       27             -0.25917329890558294               
3       27             -0.25917329890558305               
2       23             -0.26024356644139784               
2       28             -0.26024356644139796               
23      35             -0.2602435664413983                
14      35             -0.26024356644139846               
28      35             -0.2602435664413985                
2       14             -0.2602435664413986                
9       35             -0.26024356644139873               
2       9              -0.26024356644139907               
19      27             -0.2987689335593366                
18      19             -0.3091092579570668                
15      26             -0.31482085337293775               
11      15             -0.31482085337293786               
13      16             -0.31490289425098505               
13      17             -0.31490289425098517               
16      24             -0.3149028942509856                
17      24             -0.31490289425098567               
20      24             -0.3149028942509858                
13      20             -0.31490289425098605               
13      25             -0.3209435433754536                
12      24             -0.3209435433754536                
12      13             -0.32094354337545383               
10      24             -0.32094354337545394               
10      13             -0.3209435433754543                
24      25             -0.32094354337545444               
12      33             -0.3249555390789921                
10      33             -0.32495553907899233               
4       25             -0.3249555390789925                
4       12             -0.32495553907899294               
4       10             -0.32495553907899316               
25      33             -0.324955539078994                 
7       26             -0.33539883794242387               
26      30             -0.3353988379424243                
11      30             -0.3353988379424246                
7       11             -0.335398837942425                 
26      29             -0.35628241723900395               
8       26             -0.3562824172390044                
11      29             -0.35628241723900517               
8       11             -0.3562824172390057                
4       31             -0.35850536890384616               
31      33             -0.3585053689038477                
6       19             -0.3663426336670167                
18      30             -0.3948331004463208                
7       18             -0.394833100446321                 
29      35             -0.40942275659413463               
8       35             -0.409422756594135                 
2       8              -0.40942275659413535               
2       29             -0.4094227565941355                
7       15             -0.4638815653921652                
15      30             -0.4638815653921666                
2       15             -0.5382196400769181                
15      35             -0.5382196400769182                
