#======================================================================
# PARAMETERS USED FOR THIS COMPUTATION: 
#      Sequence type: RNA
#      Total number of sequences in alignment data: 2
#      Length of sequences in alignment data: 44
#      Effective number of sequences: 1.0
#      Value of sequence identity: 0.8
#      Value of relative pseudocount: 0.5
# The First and Second columns represent sites and the
# Third column is MFDCA Frobenius norm, average product corrected (APC) DCA score
#======================================================================
37      38             1.9217395942308872                 
6       9              1.9217395942308872                 
6       37             1.9217395942308848                 
6       38             1.9217395942308844                 
9       37             1.921739594230884                  
9       38             1.921739594230884                  
2       3              0.01444825502152619                
14      23             0.014448255021525913               
14      24             0.014448255021525913               
14      26             0.01444825502152583                
3       8              0.014448255021525386               
1       8              0.014448255021524914               
3       24             0.014448255021524775               
3       7              0.01444825502152472                
3       23             0.014448255021524692               
23      24             0.014448255021524609               
17      24             0.01444825502152447                
23      26             0.01444825502152447                
24      26             0.01444825502152447                
13      23             0.014448255021524414               
2       7              0.014448255021524387               
17      26             0.014448255021524387               
10      44             0.014448255021524359               
10      28             0.014448255021524359               
10      31             0.014448255021524359               
10      40             0.014448255021524359               
4       8              0.014448255021524331               
10      42             0.014448255021524331               
10      30             0.014448255021524331               
10      32             0.014448255021524331               
10      41             0.014448255021524331               
3       26             0.014448255021524331               
13      24             0.014448255021524331               
17      23             0.014448255021524331               
10      29             0.014448255021524303               
10      43             0.014448255021524303               
10      39             0.014448255021524276               
13      26             0.014448255021524276               
10      33             0.014448255021524248               
10      34             0.014448255021524248               
10      36             0.014448255021524248               
2       25             0.01444825502152422                
10      35             0.01444825502152422                
11      12             0.014448255021524109               
12      41             0.014448255021524053               
12      36             0.014448255021524026               
12      44             0.014448255021524026               
12      34             0.014448255021524026               
12      43             0.014448255021524026               
12      39             0.014448255021523998               
12      40             0.014448255021523998               
12      28             0.014448255021523998               
12      29             0.014448255021523998               
13      14             0.014448255021523998               
14      25             0.014448255021523998               
12      31             0.01444825502152397                
12      42             0.01444825502152397                
12      33             0.01444825502152397                
3       14             0.01444825502152397                
3       4              0.014448255021523942               
12      35             0.014448255021523942               
2       27             0.014448255021523915               
12      32             0.014448255021523915               
11      44             0.014448255021523915               
11      32             0.014448255021523915               
11      34             0.014448255021523915               
11      43             0.014448255021523915               
5       28             0.014448255021523887               
12      30             0.014448255021523887               
11      36             0.014448255021523887               
11      40             0.014448255021523887               
11      28             0.014448255021523887               
11      35             0.014448255021523887               
11      41             0.014448255021523887               
25      26             0.014448255021523887               
5       32             0.01444825502152386                
11      42             0.01444825502152386                
11      31             0.01444825502152386                
10      17             0.014448255021523831               
11      39             0.014448255021523831               
11      29             0.014448255021523831               
11      30             0.014448255021523831               
7       36             0.014448255021523804               
7       39             0.014448255021523804               
7       34             0.014448255021523804               
7       41             0.014448255021523804               
7       43             0.014448255021523804               
22      40             0.014448255021523804               
5       44             0.014448255021523804               
5       34             0.014448255021523804               
5       39             0.014448255021523804               
11      33             0.014448255021523804               
7       31             0.014448255021523776               
7       40             0.014448255021523776               
7       28             0.014448255021523776               
22      30             0.014448255021523776               
22      34             0.014448255021523776               
5       27             0.014448255021523776               
5       30             0.014448255021523776               
5       36             0.014448255021523776               
5       40             0.014448255021523776               
5       41             0.014448255021523776               
5       43             0.014448255021523776               
10      27             0.014448255021523776               
7       42             0.014448255021523748               
7       44             0.014448255021523748               
1       3              0.014448255021523748               
7       29             0.014448255021523748               
7       30             0.014448255021523748               
7       32             0.014448255021523748               
7       33             0.014448255021523748               
22      36             0.014448255021523748               
22      28             0.014448255021523748               
22      41             0.014448255021523748               
22      43             0.014448255021523748               
1       25             0.014448255021523748               
5       42             0.014448255021523748               
5       25             0.014448255021523748               
5       35             0.014448255021523748               
12      27             0.014448255021523748               
1       7              0.01444825502152372                
22      42             0.01444825502152372                
22      39             0.01444825502152372                
22      29             0.01444825502152372                
22      33             0.01444825502152372                
5       29             0.01444825502152372                
5       31             0.01444825502152372                
7       35             0.014448255021523693               
22      44             0.014448255021523693               
22      31             0.014448255021523693               
4       7              0.014448255021523665               
1       4              0.014448255021523665               
20      33             0.014448255021523665               
20      43             0.014448255021523665               
22      32             0.014448255021523665               
22      35             0.014448255021523665               
10      19             0.014448255021523665               
2       41             0.014448255021523665               
16      28             0.014448255021523665               
5       33             0.014448255021523665               
12      25             0.014448255021523665               
4       24             0.014448255021523665               
20      35             0.014448255021523637               
20      41             0.014448255021523637               
16      31             0.014448255021523637               
16      40             0.014448255021523637               
2       43             0.014448255021523637               
16      30             0.014448255021523637               
16      32             0.014448255021523637               
4       23             0.014448255021523637               
11      25             0.014448255021523637               
11      27             0.014448255021523637               
10      16             0.01444825502152361                
16      44             0.01444825502152361                
2       33             0.01444825502152361                
14      27             0.01444825502152361                
20      31             0.014448255021523582               
20      29             0.014448255021523582               
20      34             0.014448255021523582               
3       25             0.014448255021523582               
16      36             0.014448255021523582               
16      39             0.014448255021523582               
2       36             0.014448255021523582               
2       39             0.014448255021523582               
16      29             0.014448255021523582               
16      34             0.014448255021523582               
16      41             0.014448255021523582               
13      39             0.014448255021523582               
13      33             0.014448255021523582               
13      35             0.014448255021523582               
20      39             0.014448255021523554               
8       34             0.014448255021523554               
16      42             0.014448255021523554               
2       42             0.014448255021523554               
2       28             0.014448255021523554               
2       30             0.014448255021523554               
2       31             0.014448255021523554               
2       32             0.014448255021523554               
16      35             0.014448255021523554               
16      43             0.014448255021523554               
20      26             0.014448255021523554               
13      34             0.014448255021523554               
13      43             0.014448255021523554               
1       23             0.014448255021523554               
20      42             0.014448255021523526               
20      44             0.014448255021523526               
20      28             0.014448255021523526               
20      30             0.014448255021523526               
20      32             0.014448255021523526               
22      27             0.014448255021523526               
8       44             0.014448255021523526               
8       41             0.014448255021523526               
8       43             0.014448255021523526               
2       15             0.014448255021523526               
2       44             0.014448255021523526               
2       29             0.014448255021523526               
2       34             0.014448255021523526               
2       35             0.014448255021523526               
2       40             0.014448255021523526               
13      40             0.014448255021523526               
13      42             0.014448255021523526               
13      41             0.014448255021523526               
4       26             0.014448255021523526               
1       24             0.014448255021523526               
8       16             0.014448255021523498               
8       39             0.014448255021523498               
8       40             0.014448255021523498               
8       28             0.014448255021523498               
8       30             0.014448255021523498               
8       32             0.014448255021523498               
13      44             0.014448255021523498               
20      36             0.01444825502152347                
20      40             0.01444825502152347                
8       36             0.01444825502152347                
8       29             0.01444825502152347                
8       35             0.01444825502152347                
10      18             0.01444825502152347                
16      33             0.01444825502152347                
13      31             0.01444825502152347                
13      29             0.01444825502152347                
13      32             0.01444825502152347                
11      17             0.01444825502152347                
8       42             0.014448255021523443               
8       33             0.014448255021523443               
18      28             0.014448255021523443               
5       17             0.014448255021523443               
13      36             0.014448255021523443               
20      24             0.014448255021523443               
3       13             0.014448255021523415               
1       27             0.014448255021523415               
4       25             0.014448255021523415               
10      25             0.014448255021523415               
13      30             0.014448255021523415               
8       31             0.014448255021523387               
10      21             0.014448255021523387               
4       34             0.014448255021523387               
20      23             0.014448255021523387               
8       27             0.01444825502152336                
4       39             0.01444825502152336                
4       27             0.01444825502152336                
4       35             0.01444825502152336                
18      32             0.01444825502152336                
18      34             0.01444825502152336                
13      28             0.01444825502152336                
7       27             0.014448255021523332               
5       8              0.014448255021523332               
8       25             0.014448255021523332               
18      42             0.014448255021523332               
18      44             0.014448255021523332               
4       40             0.014448255021523332               
18      31             0.014448255021523332               
18      36             0.014448255021523332               
18      40             0.014448255021523332               
4       41             0.014448255021523332               
4       43             0.014448255021523332               
18      43             0.014448255021523332               
15      28             0.014448255021523332               
15      32             0.014448255021523332               
17      21             0.014448255021523332               
14      41             0.014448255021523332               
4       42             0.014448255021523304               
4       44             0.014448255021523304               
4       36             0.014448255021523304               
18      39             0.014448255021523304               
4       33             0.014448255021523304               
15      42             0.014448255021523304               
4       28             0.014448255021523276               
4       30             0.014448255021523276               
4       32             0.014448255021523276               
18      30             0.014448255021523276               
18      41             0.014448255021523276               
15      30             0.014448255021523276               
16      27             0.014448255021523276               
21      28             0.014448255021523276               
21      41             0.014448255021523276               
21      43             0.014448255021523276               
14      30             0.014448255021523276               
14      43             0.014448255021523276               
20      27             0.014448255021523249               
3       27             0.014448255021523249               
4       29             0.014448255021523249               
18      29             0.014448255021523249               
18      33             0.014448255021523249               
18      35             0.014448255021523249               
15      44             0.014448255021523249               
21      36             0.014448255021523249               
21      39             0.014448255021523249               
15      31             0.014448255021523249               
15      36             0.014448255021523249               
19      32             0.014448255021523249               
13      27             0.014448255021523249               
14      44             0.014448255021523249               
14      31             0.014448255021523249               
14      39             0.014448255021523249               
22      25             0.01444825502152322                
21      42             0.01444825502152322                
21      44             0.01444825502152322                
21      40             0.01444825502152322                
15      29             0.01444825502152322                
15      34             0.01444825502152322                
15      35             0.01444825502152322                
15      39             0.01444825502152322                
15      40             0.01444825502152322                
15      41             0.01444825502152322                
15      43             0.01444825502152322                
21      32             0.01444825502152322                
21      34             0.01444825502152322                
19      44             0.01444825502152322                
13      25             0.01444825502152322                
17      19             0.01444825502152322                
11      16             0.01444825502152322                
14      34             0.01444825502152322                
14      35             0.01444825502152322                
7       17             0.014448255021523193               
5       16             0.014448255021523193               
4       31             0.014448255021523193               
21      25             0.014448255021523193               
21      31             0.014448255021523193               
21      27             0.014448255021523193               
19      34             0.014448255021523193               
19      41             0.014448255021523193               
21      23             0.014448255021523193               
14      36             0.014448255021523193               
14      40             0.014448255021523193               
14      32             0.014448255021523193               
7       25             0.014448255021523165               
1       36             0.014448255021523165               
1       39             0.014448255021523165               
1       40             0.014448255021523165               
1       32             0.014448255021523165               
16      25             0.014448255021523165               
21      30             0.014448255021523165               
21      33             0.014448255021523165               
19      42             0.014448255021523165               
19      31             0.014448255021523165               
22      26             0.014448255021523165               
2       17             0.014448255021523165               
14      42             0.014448255021523165               
14      33             0.014448255021523165               
8       15             0.014448255021523138               
1       42             0.014448255021523138               
1       44             0.014448255021523138               
15      33             0.014448255021523138               
21      35             0.014448255021523138               
19      28             0.014448255021523138               
19      35             0.014448255021523138               
19      39             0.014448255021523138               
19      40             0.014448255021523138               
14      28             0.014448255021523138               
14      29             0.014448255021523138               
10      22             0.01444825502152311                
20      25             0.01444825502152311                
8       17             0.01444825502152311                
15      16             0.01444825502152311                
1       28             0.01444825502152311                
1       33             0.01444825502152311                
1       34             0.01444825502152311                
1       35             0.01444825502152311                
1       41             0.01444825502152311                
1       43             0.01444825502152311                
19      43             0.01444825502152311                
12      17             0.01444825502152311                
11      18             0.01444825502152311                
21      24             0.01444825502152311                
10      20             0.014448255021523082               
1       31             0.014448255021523082               
10      15             0.014448255021523082               
1       30             0.014448255021523082               
15      27             0.014448255021523082               
19      29             0.014448255021523082               
19      30             0.014448255021523082               
19      33             0.014448255021523082               
19      36             0.014448255021523082               
1       29             0.014448255021523054               
17      18             0.014448255021523054               
21      29             0.014448255021523054               
1       15             0.014448255021523027               
22      23             0.014448255021523027               
4       16             0.014448255021522999               
12      18             0.014448255021522999               
12      16             0.014448255021522999               
11      21             0.014448255021522999               
21      26             0.014448255021522999               
12      21             0.014448255021522971               
12      19             0.014448255021522971               
1       26             0.014448255021522971               
11      19             0.014448255021522971               
5       24             0.014448255021522971               
22      24             0.014448255021522943               
4       14             0.014448255021522943               
7       19             0.014448255021522916               
3       35             0.014448255021522916               
3       41             0.014448255021522916               
12      15             0.014448255021522916               
13      19             0.014448255021522916               
5       23             0.014448255021522916               
14      17             0.014448255021522916               
7       21             0.014448255021522888               
7       15             0.014448255021522888               
8       19             0.014448255021522888               
2       18             0.014448255021522888               
3       28             0.014448255021522888               
18      27             0.014448255021522888               
4       17             0.014448255021522888               
2       23             0.014448255021522888               
1       16             0.01444825502152286                
17      20             0.01444825502152286                
3       44             0.01444825502152286                
3       39             0.01444825502152286                
3       32             0.01444825502152286                
3       34             0.01444825502152286                
5       21             0.01444825502152286                
19      27             0.01444825502152286                
13      17             0.01444825502152286                
14      19             0.01444825502152286                
2       24             0.01444825502152286                
7       18             0.014448255021522832               
8       21             0.014448255021522832               
4       15             0.014448255021522832               
3       42             0.014448255021522832               
3       36             0.014448255021522832               
5       18             0.014448255021522832               
3       30             0.014448255021522832               
18      25             0.014448255021522832               
15      25             0.014448255021522832               
14      21             0.014448255021522832               
23      25             0.014448255021522832               
17      22             0.014448255021522804               
3       31             0.014448255021522804               
3       29             0.014448255021522804               
3       43             0.014448255021522804               
13      21             0.014448255021522804               
10      11             0.014448255021522804               
5       26             0.014448255021522804               
24      25             0.014448255021522804               
23      27             0.014448255021522804               
24      27             0.014448255021522804               
7       16             0.014448255021522777               
8       18             0.014448255021522777               
3       40             0.014448255021522777               
13      18             0.014448255021522777               
3       33             0.014448255021522749               
5       19             0.014448255021522749               
19      25             0.014448255021522749               
12      20             0.014448255021522721               
3       16             0.014448255021522693               
12      22             0.014448255021522693               
11      15             0.014448255021522693               
11      23             0.014448255021522693               
11      24             0.014448255021522693               
13      15             0.014448255021522666               
10      12             0.014448255021522666               
1       14             0.014448255021522666               
26      27             0.014448255021522666               
7       22             0.014448255021522638               
4       19             0.014448255021522638               
19      21             0.014448255021522638               
11      22             0.014448255021522638               
15      17             0.014448255021522638               
17      25             0.014448255021522638               
17      28             0.014448255021522638               
17      30             0.014448255021522638               
14      18             0.014448255021522638               
23      28             0.014448255021522638               
11      26             0.014448255021522638               
4       21             0.01444825502152261                
15      21             0.01444825502152261                
5       15             0.01444825502152261                
15      19             0.01444825502152261                
17      27             0.01444825502152261                
17      32             0.01444825502152261                
7       20             0.014448255021522582               
2       21             0.014448255021522582               
1       17             0.014448255021522582               
17      42             0.014448255021522582               
2       26             0.014448255021522582               
23      29             0.014448255021522582               
24      28             0.014448255021522582               
8       20             0.014448255021522555               
17      36             0.014448255021522555               
17      34             0.014448255021522555               
24      29             0.014448255021522555               
2       19             0.014448255021522527               
17      31             0.014448255021522527               
17      39             0.014448255021522527               
17      40             0.014448255021522527               
17      44             0.014448255021522527               
17      29             0.014448255021522527               
17      41             0.014448255021522527               
19      26             0.014448255021522527               
23      43             0.014448255021522527               
5       20             0.0144482550215225                 
5       22             0.0144482550215225                 
4       18             0.0144482550215225                 
11      20             0.0144482550215225                 
14      20             0.0144482550215225                 
26      28             0.0144482550215225                 
26      29             0.0144482550215225                 
23      36             0.0144482550215225                 
24      36             0.0144482550215225                 
23      30             0.0144482550215225                 
23      32             0.0144482550215225                 
24      43             0.0144482550215225                 
18      21             0.014448255021522471               
5       13             0.014448255021522471               
17      33             0.014448255021522471               
17      35             0.014448255021522471               
17      43             0.014448255021522471               
19      24             0.014448255021522471               
23      44             0.014448255021522471               
24      44             0.014448255021522471               
23      31             0.014448255021522471               
24      31             0.014448255021522471               
24      32             0.014448255021522471               
24      34             0.014448255021522471               
8       22             0.014448255021522444               
14      22             0.014448255021522444               
23      34             0.014448255021522444               
23      41             0.014448255021522444               
24      30             0.014448255021522444               
24      41             0.014448255021522444               
11      14             0.014448255021522444               
14      16             0.014448255021522416               
26      44             0.014448255021522416               
26      31             0.014448255021522416               
26      32             0.014448255021522416               
26      34             0.014448255021522416               
26      43             0.014448255021522416               
23      39             0.014448255021522416               
23      40             0.014448255021522416               
24      39             0.014448255021522416               
24      40             0.014448255021522416               
23      33             0.014448255021522416               
23      35             0.014448255021522416               
24      35             0.014448255021522416               
13      22             0.014448255021522388               
15      18             0.014448255021522388               
1       19             0.014448255021522388               
19      23             0.014448255021522388               
26      42             0.014448255021522388               
26      36             0.014448255021522388               
26      40             0.014448255021522388               
23      42             0.014448255021522388               
24      42             0.014448255021522388               
24      33             0.014448255021522388               
5       7              0.01444825502152236                
13      20             0.01444825502152236                
13      16             0.01444825502152236                
2       14             0.01444825502152236                
26      39             0.01444825502152236                
26      30             0.01444825502152236                
4       22             0.014448255021522333               
2       8              0.014448255021522333               
16      17             0.014448255021522333               
26      33             0.014448255021522333               
26      35             0.014448255021522333               
26      41             0.014448255021522333               
2       22             0.014448255021522305               
19      20             0.014448255021522305               
18      19             0.014448255021522305               
25      27             0.014448255021522305               
1       18             0.014448255021522277               
4       20             0.01444825502152225                
2       20             0.01444825502152225                
3       15             0.01444825502152225                
1       21             0.01444825502152225                
12      26             0.01444825502152225                
12      23             0.01444825502152225                
19      22             0.014448255021522222               
5       12             0.014448255021522222               
12      24             0.014448255021522222               
15      20             0.014448255021522194               
2       4              0.014448255021522194               
15      22             0.014448255021522166               
1       13             0.014448255021522166               
3       17             0.014448255021522166               
5       10             0.014448255021522166               
14      15             0.014448255021522166               
16      21             0.014448255021522138               
16      19             0.014448255021522138               
4       13             0.014448255021522138               
16      26             0.014448255021522138               
16      24             0.014448255021522138               
8       11             0.01444825502152211                
27      28             0.01444825502152211                
18      26             0.01444825502152211                
15      26             0.01444825502152211                
16      23             0.01444825502152211                
1       20             0.014448255021522083               
3       5              0.014448255021522083               
33      44             0.014448255021522083               
34      44             0.014448255021522083               
27      29             0.014448255021522083               
32      34             0.014448255021522083               
32      43             0.014448255021522083               
33      34             0.014448255021522083               
33      43             0.014448255021522083               
2       16             0.014448255021522055               
36      42             0.014448255021522055               
36      44             0.014448255021522055               
39      44             0.014448255021522055               
40      44             0.014448255021522055               
42      43             0.014448255021522055               
25      28             0.014448255021522055               
25      29             0.014448255021522055               
32      36             0.014448255021522055               
32      42             0.014448255021522055               
32      44             0.014448255021522055               
33      36             0.014448255021522055               
33      42             0.014448255021522055               
35      36             0.014448255021522055               
36      43             0.014448255021522055               
41      42             0.014448255021522055               
41      44             0.014448255021522055               
27      41             0.014448255021522055               
28      29             0.014448255021522055               
28      32             0.014448255021522055               
29      32             0.014448255021522055               
29      35             0.014448255021522055               
29      43             0.014448255021522055               
34      41             0.014448255021522055               
34      43             0.014448255021522055               
41      43             0.014448255021522055               
1       22             0.014448255021522027               
18      20             0.014448255021522027               
31      44             0.014448255021522027               
36      39             0.014448255021522027               
36      40             0.014448255021522027               
39      42             0.014448255021522027               
27      31             0.014448255021522027               
27      42             0.014448255021522027               
27      44             0.014448255021522027               
28      36             0.014448255021522027               
28      42             0.014448255021522027               
28      44             0.014448255021522027               
29      44             0.014448255021522027               
30      31             0.014448255021522027               
31      34             0.014448255021522027               
32      39             0.014448255021522027               
32      40             0.014448255021522027               
33      40             0.014448255021522027               
34      36             0.014448255021522027               
34      39             0.014448255021522027               
34      40             0.014448255021522027               
34      42             0.014448255021522027               
35      39             0.014448255021522027               
35      40             0.014448255021522027               
40      41             0.014448255021522027               
40      43             0.014448255021522027               
27      30             0.014448255021522027               
27      32             0.014448255021522027               
27      34             0.014448255021522027               
29      34             0.014448255021522027               
30      32             0.014448255021522027               
30      41             0.014448255021522027               
35      41             0.014448255021522027               
18      24             0.014448255021522027               
3       21             0.014448255021522                  
16      18             0.014448255021522                  
42      44             0.014448255021522                  
25      44             0.014448255021522                  
31      36             0.014448255021522                  
31      40             0.014448255021522                  
31      42             0.014448255021522                  
39      40             0.014448255021522                  
25      32             0.014448255021522                  
28      31             0.014448255021522                  
29      31             0.014448255021522                  
29      36             0.014448255021522                  
29      39             0.014448255021522                  
29      40             0.014448255021522                  
29      42             0.014448255021522                  
30      44             0.014448255021522                  
31      32             0.014448255021522                  
31      43             0.014448255021522                  
33      39             0.014448255021522                  
35      42             0.014448255021522                  
35      44             0.014448255021522                  
39      43             0.014448255021522                  
43      44             0.014448255021522                  
30      35             0.014448255021522                  
32      33             0.014448255021522                  
32      41             0.014448255021522                  
18      23             0.014448255021522                  
5       11             0.014448255021522                  
15      24             0.014448255021522                  
11      13             0.014448255021522                  
18      22             0.014448255021521972               
25      31             0.014448255021521972               
25      36             0.014448255021521972               
25      42             0.014448255021521972               
31      39             0.014448255021521972               
40      42             0.014448255021521972               
25      43             0.014448255021521972               
30      36             0.014448255021521972               
30      42             0.014448255021521972               
27      43             0.014448255021521972               
28      33             0.014448255021521972               
28      34             0.014448255021521972               
28      41             0.014448255021521972               
28      43             0.014448255021521972               
29      41             0.014448255021521972               
30      34             0.014448255021521972               
30      43             0.014448255021521972               
32      35             0.014448255021521972               
33      35             0.014448255021521972               
33      41             0.014448255021521972               
34      35             0.014448255021521972               
35      43             0.014448255021521972               
15      23             0.014448255021521972               
2       13             0.014448255021521944               
25      34             0.014448255021521944               
25      41             0.014448255021521944               
27      36             0.014448255021521944               
27      39             0.014448255021521944               
27      40             0.014448255021521944               
28      39             0.014448255021521944               
28      40             0.014448255021521944               
31      33             0.014448255021521944               
31      41             0.014448255021521944               
36      41             0.014448255021521944               
39      41             0.014448255021521944               
28      30             0.014448255021521944               
28      35             0.014448255021521944               
29      30             0.014448255021521944               
29      33             0.014448255021521944               
30      33             0.014448255021521944               
3       18             0.014448255021521916               
3       19             0.014448255021521916               
25      39             0.014448255021521916               
25      40             0.014448255021521916               
25      30             0.014448255021521916               
25      33             0.014448255021521916               
25      35             0.014448255021521916               
30      40             0.014448255021521916               
31      35             0.014448255021521916               
27      35             0.014448255021521916               
8       10             0.014448255021521889               
27      33             0.014448255021521889               
30      39             0.01444825502152186                
5       14             0.014448255021521833               
4       10             0.014448255021521805               
21      22             0.014448255021521778               
16      22             0.014448255021521722               
8       12             0.014448255021521722               
7       11             0.014448255021521722               
16      20             0.014448255021521694               
3       20             0.014448255021521667               
3       22             0.014448255021521667               
7       12             0.014448255021521528               
20      21             0.014448255021521444               
7       10             0.014448255021521444               
3       10             0.014448255021521361               
12      14             0.014448255021521306               
20      22             0.014448255021521167               
1       5              0.014448255021520973               
8       24             0.014448255021520945               
1       2              0.014448255021520917               
8       26             0.01444825502152089                
12      13             0.01444825502152089                
8       23             0.014448255021520834               
2       12             0.014448255021520695               
2       11             0.014448255021520667               
2       5              0.014448255021520584               
7       26             0.0144482550215205                 
1       10             0.014448255021520473               
7       24             0.014448255021520362               
7       8              0.014448255021520334               
7       23             0.014448255021520334               
2       10             0.014448255021520306               
1       12             0.014448255021520251               
8       14             0.014448255021520223               
1       11             0.014448255021520195               
4       11             0.014448255021520195               
4       5              0.01444825502152014                
4       12             0.01444825502152014                
3       11             0.014448255021520001               
3       12             0.014448255021519973               
10      23             0.014448255021519862               
10      26             0.014448255021519835               
7       14             0.014448255021519724               
8       13             0.014448255021519668               
10      24             0.014448255021519613               
10      14             0.014448255021519363               
7       13             0.014448255021519224               
10      13             0.014448255021518863               
1       37             -0.14228856282522379               
1       38             -0.1422885628252238                
13      38             -0.14228856282522384               
13      37             -0.14228856282522387               
9       25             -0.14228856282522387               
9       27             -0.1422885628252239                
6       25             -0.14228856282522395               
4       37             -0.142288562825224                 
4       38             -0.142288562825224                 
11      37             -0.1422885628252241                
11      38             -0.1422885628252241                
6       27             -0.14228856282522412               
9       29             -0.14228856282522426               
9       33             -0.14228856282522426               
9       34             -0.14228856282522426               
9       35             -0.14228856282522426               
6       23             -0.14228856282522426               
6       24             -0.14228856282522426               
9       42             -0.14228856282522429               
9       30             -0.14228856282522429               
9       32             -0.14228856282522429               
9       41             -0.14228856282522429               
9       43             -0.14228856282522429               
14      37             -0.14228856282522429               
9       31             -0.1422885628252243                
9       36             -0.1422885628252243                
9       39             -0.1422885628252243                
9       40             -0.1422885628252243                
9       44             -0.1422885628252243                
9       28             -0.1422885628252243                
14      38             -0.1422885628252243                
6       41             -0.14228856282522434               
6       43             -0.14228856282522434               
6       28             -0.14228856282522437               
6       34             -0.14228856282522437               
6       39             -0.1422885628252244                
6       29             -0.1422885628252244                
12      37             -0.14228856282522442               
6       31             -0.14228856282522442               
6       36             -0.14228856282522442               
6       40             -0.14228856282522442               
6       42             -0.14228856282522442               
6       44             -0.14228856282522442               
6       30             -0.14228856282522442               
6       32             -0.14228856282522442               
6       35             -0.14228856282522442               
12      38             -0.14228856282522445               
6       33             -0.14228856282522445               
1       9              -0.14228856282522448               
15      37             -0.1422885628252245                
16      37             -0.1422885628252245                
1       6              -0.1422885628252245                
19      38             -0.1422885628252245                
17      37             -0.1422885628252245                
6       26             -0.1422885628252245                
15      38             -0.14228856282522453               
16      38             -0.14228856282522453               
19      37             -0.14228856282522453               
17      38             -0.14228856282522456               
6       14             -0.14228856282522462               
18      37             -0.14228856282522465               
3       37             -0.14228856282522467               
3       38             -0.1422885628252247                
6       8              -0.1422885628252247                
5       37             -0.1422885628252247                
10      38             -0.1422885628252247                
9       17             -0.1422885628252247                
18      38             -0.14228856282522473               
5       38             -0.14228856282522473               
10      37             -0.14228856282522473               
9       19             -0.14228856282522476               
6       17             -0.14228856282522478               
8       37             -0.1422885628252248                
8       38             -0.1422885628252248                
6       15             -0.1422885628252248                
2       6              -0.14228856282522487               
4       9              -0.14228856282522492               
9       15             -0.142288562825225                 
9       21             -0.142288562825225                 
6       21             -0.142288562825225                 
6       19             -0.142288562825225                 
9       18             -0.14228856282522503               
9       11             -0.14228856282522503               
23      37             -0.14228856282522503               
24      37             -0.14228856282522503               
20      37             -0.14228856282522506               
20      38             -0.14228856282522506               
6       7              -0.14228856282522506               
6       18             -0.14228856282522506               
3       6              -0.1422885628252251                
9       16             -0.1422885628252251                
23      38             -0.1422885628252251                
37      43             -0.14228856282522512               
24      38             -0.14228856282522512               
37      39             -0.14228856282522515               
37      44             -0.14228856282522515               
37      41             -0.14228856282522515               
37      40             -0.14228856282522517               
37      42             -0.14228856282522517               
38      40             -0.14228856282522517               
38      41             -0.14228856282522517               
38      43             -0.14228856282522517               
7       37             -0.1422885628252252                
7       38             -0.1422885628252252                
6       16             -0.1422885628252252                
38      39             -0.1422885628252252                
38      42             -0.1422885628252252                
38      44             -0.1422885628252252                
2       37             -0.14228856282522528               
2       38             -0.1422885628252253                
6       13             -0.1422885628252253                
5       6              -0.14228856282522537               
3       9              -0.1422885628252254                
9       20             -0.14228856282522542               
6       20             -0.14228856282522542               
6       11             -0.14228856282522542               
26      37             -0.14228856282522545               
9       22             -0.14228856282522548               
6       22             -0.1422885628252255                
9       10             -0.1422885628252255                
26      38             -0.1422885628252255                
4       6              -0.14228856282522556               
21      37             -0.1422885628252256                
9       12             -0.1422885628252256                
22      37             -0.14228856282522562               
22      38             -0.14228856282522562               
21      38             -0.14228856282522565               
8       9              -0.14228856282522576               
25      37             -0.14228856282522576               
5       9              -0.14228856282522578               
25      38             -0.1422885628252258                
6       10             -0.1422885628252258                
9       23             -0.1422885628252258                
9       24             -0.1422885628252258                
27      37             -0.14228856282522595               
27      38             -0.14228856282522595               
29      37             -0.14228856282522595               
29      38             -0.14228856282522595               
32      37             -0.14228856282522595               
33      37             -0.14228856282522595               
34      37             -0.14228856282522595               
6       12             -0.14228856282522595               
28      37             -0.14228856282522598               
30      37             -0.14228856282522598               
30      38             -0.14228856282522598               
32      38             -0.14228856282522598               
33      38             -0.14228856282522598               
34      38             -0.14228856282522598               
35      37             -0.14228856282522598               
31      37             -0.142288562825226                 
36      37             -0.142288562825226                 
28      38             -0.142288562825226                 
35      38             -0.142288562825226                 
31      38             -0.14228856282522603               
36      38             -0.14228856282522603               
9       26             -0.14228856282522606               
9       14             -0.14228856282522634               
7       9              -0.14228856282522673               
9       13             -0.14228856282522673               
2       9              -0.1422885628252269                
