#======================================================================
# PARAMETERS USED FOR THIS COMPUTATION: 
#      Sequence type: RNA
#      Total number of sequences in alignment data: 3
#      Length of sequences in alignment data: 40
#      Effective number of sequences: 3.0
#      Value of sequence identity: 0.8
#      Value of relative pseudocount: 0.5
# The First and Second columns represent sites and the
# Third column is MFDCA Frobenius norm, average product corrected (APC) DCA score
#======================================================================
6       11             0.4058361474472516                 
6       32             0.40583614744725016                
6       34             0.40583614744724983                
6       35             0.40583614744724983                
32      34             0.39195833245109657                
32      35             0.39195833245109657                
34      35             0.39195833245109657                
11      32             0.3919583324510949                 
11      34             0.3919583324510948                 
11      35             0.39195833245109457                
17      38             0.3759162167945712                 
16      38             0.37591621679457116                
17      31             0.37591621679457105                
16      31             0.37591621679457105                
17      33             0.37591621679457093                
16      25             0.3759162167945709                 
16      33             0.3759162167945708                 
17      25             0.37591621679457077                
17      24             0.37591621679457066                
16      24             0.37591621679457066                
9       12             0.37591621679457005                
3       38             0.37591621679456977                
3       24             0.37591621679456966                
3       31             0.3759162167945696                 
3       33             0.3759162167945695                 
3       25             0.3759162167945693                 
13      40             0.37591621679456916                
13      28             0.3759162167945691                 
13      30             0.3759162167945689                 
12      14             0.3759162167945687                 
13      14             0.3759162167945687                 
14      40             0.3759162167945687                 
9       14             0.3759162167945687                 
14      28             0.37591621679456866                
3       17             0.37591621679456855                
3       16             0.37591621679456855                
9       13             0.3759162167945685                 
9       40             0.3759162167945685                 
14      30             0.37591621679456844                
12      13             0.37591621679456827                
9       22             0.3759162167945682                 
9       28             0.3759162167945682                 
9       30             0.3759162167945681                 
12      28             0.37591621679456805                
12      40             0.37591621679456805                
12      30             0.3759162167945677                 
13      22             0.37591621679456766                
14      22             0.37591621679456755                
33      38             0.3759162167945665                 
24      38             0.37591621679456627                
31      38             0.37591621679456627                
25      38             0.37591621679456616                
31      33             0.3759162167945661                 
22      40             0.3759162167945661                 
12      22             0.37591621679456605                
25      33             0.37591621679456605                
28      40             0.375916216794566                  
24      25             0.3759162167945659                 
24      31             0.3759162167945658                 
24      33             0.3759162167945658                 
25      31             0.3759162167945658                 
30      40             0.3759162167945658                 
22      30             0.37591621679456577                
22      28             0.37591621679456566                
28      30             0.37591621679456566                
16      17             0.3759162167945654                 
11      40             0.18500386075631414                
9       11             0.18500386075631414                
32      40             0.18500386075631414                
11      28             0.18500386075631403                
11      38             0.18500386075631403                
34      40             0.18500386075631403                
11      33             0.18500386075631392                
35      40             0.18500386075631392                
11      31             0.1850038607563138                 
22      34             0.1850038607563138                 
28      34             0.1850038607563138                 
22      32             0.1850038607563138                 
28      32             0.1850038607563138                 
30      32             0.1850038607563138                 
30      34             0.1850038607563138                 
11      24             0.1850038607563137                 
11      30             0.1850038607563137                 
28      35             0.1850038607563137                 
11      25             0.1850038607563136                 
22      35             0.1850038607563136                 
30      35             0.1850038607563136                 
11      14             0.18500386075631337                
11      16             0.18500386075631337                
11      13             0.18500386075631303                
14      34             0.18500386075631303                
14      32             0.18500386075631303                
11      12             0.18500386075631292                
31      32             0.18500386075631292                
33      34             0.18500386075631292                
33      35             0.18500386075631292                
24      32             0.1850038607563128                 
14      35             0.1850038607563128                 
31      34             0.1850038607563128                 
31      35             0.1850038607563128                 
24      34             0.1850038607563127                 
24      35             0.1850038607563127                 
25      32             0.1850038607563127                 
11      17             0.1850038607563127                 
9       32             0.1850038607563127                 
25      34             0.1850038607563126                 
9       35             0.1850038607563126                 
12      32             0.18500386075631237                
25      35             0.18500386075631237                
3       35             0.18500386075631237                
9       34             0.18500386075631237                
12      34             0.18500386075631226                
11      22             0.18500386075631226                
3       32             0.18500386075631226                
12      35             0.18500386075631214                
13      34             0.18500386075631214                
13      32             0.18500386075631214                
3       11             0.18500386075631214                
3       34             0.18500386075631214                
13      35             0.18500386075631203                
35      38             0.18500386075631203                
32      38             0.18500386075631192                
34      38             0.1850038607563118                 
16      35             0.1850038607563117                 
16      32             0.1850038607563117                 
32      33             0.1850038607563116                 
16      34             0.1850038607563116                 
17      32             0.18500386075631126                
17      34             0.18500386075631114                
17      35             0.18500386075631114                
15      21             0.13539648471535332                
18      20             0.1353964847153518                 
19      20             0.13539648471535157                
18      19             0.13539648471535146                
19      21             0.13539648471535096                
20      21             0.13539648471535054                
18      21             0.13539648471534996                
10      21             0.13539648471534885                
36      39             0.1353964847153485                 
37      39             0.1353964847153485                 
36      37             0.1353964847153485                 
4       8              0.1353964847153482                 
4       5              0.13539648471534776                
2       8              0.13539648471534751                
1       4              0.13539648471534738                
4       7              0.13539648471534735                
2       23             0.13539648471534657                
2       5              0.13539648471534654                
5       7              0.13539648471534652                
2       4              0.13539648471534643                
5       23             0.13539648471534643                
23      27             0.13539648471534643                
23      26             0.13539648471534643                
2       26             0.13539648471534638                
23      29             0.13539648471534635                
2       27             0.13539648471534632                
2       29             0.1353964847153463                 
5       8              0.13539648471534627                
5       27             0.13539648471534627                
1       23             0.13539648471534627                
1       8              0.13539648471534624                
2       7              0.1353964847153462                 
5       29             0.1353964847153462                 
5       26             0.1353964847153462                 
2       37             0.13539648471534618                
26      27             0.13539648471534618                
1       26             0.13539648471534615                
27      29             0.13539648471534615                
26      29             0.13539648471534615                
1       29             0.13539648471534613                
21      23             0.13539648471534613                
8       23             0.1353964847153461                 
1       27             0.1353964847153461                 
23      37             0.1353964847153461                 
4       21             0.13539648471534607                
2       36             0.13539648471534607                
7       23             0.13539648471534604                
5       37             0.13539648471534604                
8       27             0.13539648471534604                
8       26             0.13539648471534604                
23      39             0.13539648471534604                
23      36             0.13539648471534604                
2       39             0.13539648471534602                
5       39             0.135396484715346                  
5       36             0.135396484715346                  
21      26             0.135396484715346                  
26      37             0.135396484715346                  
8       29             0.13539648471534596                
26      39             0.13539648471534596                
1       37             0.13539648471534593                
26      36             0.13539648471534593                
7       26             0.13539648471534588                
1       36             0.13539648471534588                
21      27             0.13539648471534588                
29      37             0.13539648471534588                
27      36             0.13539648471534588                
27      37             0.13539648471534588                
7       27             0.13539648471534582                
10      23             0.13539648471534582                
1       39             0.13539648471534582                
29      39             0.13539648471534582                
27      39             0.13539648471534582                
29      36             0.13539648471534582                
7       29             0.1353964847153458                 
7       37             0.13539648471534574                
21      29             0.13539648471534574                
8       36             0.1353964847153457                 
8       37             0.1353964847153457                 
7       36             0.13539648471534568                
8       39             0.13539648471534566                
2       21             0.13539648471534566                
21      37             0.13539648471534563                
10      26             0.1353964847153456                 
21      36             0.13539648471534557                
10      27             0.13539648471534554                
7       39             0.13539648471534552                
21      39             0.13539648471534552                
10      29             0.13539648471534546                
1       10             0.13539648471534543                
10      36             0.13539648471534543                
10      37             0.13539648471534543                
7       8              0.1353964847153454                 
4       23             0.13539648471534538                
1       7              0.13539648471534535                
10      39             0.13539648471534532                
4       26             0.13539648471534532                
4       29             0.13539648471534527                
4       27             0.1353964847153452                 
2       10             0.13539648471534518                
4       37             0.1353964847153451                 
5       10             0.13539648471534504                
4       39             0.135396484715345                  
4       36             0.135396484715345                  
5       20             0.1353964847153449                 
2       20             0.13539648471534485                
15      20             0.13539648471534482                
5       21             0.1353964847153448                 
1       21             0.1353964847153448                 
1       20             0.1353964847153448                 
4       10             0.13539648471534466                
5       19             0.13539648471534466                
2       19             0.13539648471534463                
1       18             0.13539648471534463                
15      19             0.1353964847153446                 
8       10             0.13539648471534454                
7       20             0.13539648471534452                
1       19             0.13539648471534452                
1       5              0.1353964847153445                 
5       18             0.1353964847153445                 
1       15             0.1353964847153445                 
8       21             0.13539648471534446                
2       18             0.13539648471534446                
5       15             0.1353964847153444                 
15      18             0.13539648471534432                
7       10             0.1353964847153443                 
2       15             0.13539648471534427                
7       19             0.13539648471534424                
7       18             0.13539648471534418                
8       19             0.13539648471534418                
1       2              0.13539648471534418                
8       20             0.13539648471534418                
8       18             0.13539648471534413                
8       15             0.13539648471534402                
10      20             0.13539648471534402                
7       21             0.135396484715344                  
7       15             0.135396484715344                  
10      18             0.1353964847153439                 
10      19             0.13539648471534385                
15      27             0.13539648471534385                
15      26             0.1353964847153438                 
15      23             0.1353964847153438                 
15      29             0.1353964847153437                 
4       18             0.13539648471534366                
4       20             0.13539648471534363                
15      36             0.13539648471534357                
19      23             0.13539648471534355                
15      39             0.13539648471534352                
15      37             0.13539648471534352                
4       19             0.1353964847153435                 
18      23             0.1353964847153435                 
10      15             0.13539648471534346                
4       15             0.1353964847153434                 
18      27             0.13539648471534338                
19      27             0.13539648471534338                
18      29             0.13539648471534335                
19      29             0.13539648471534335                
18      26             0.13539648471534332                
19      26             0.13539648471534332                
18      37             0.1353964847153432                 
19      37             0.13539648471534316                
18      36             0.1353964847153431                 
18      39             0.135396484715343                  
19      39             0.135396484715343                  
19      36             0.135396484715343                  
20      23             0.13539648471534246                
20      29             0.1353964847153424                 
20      27             0.13539648471534238                
20      26             0.13539648471534235                
20      37             0.13539648471534224                
20      39             0.13539648471534219                
20      36             0.13539648471534213                
6       22             0.04774854347388957                
6       12             0.04774854347388846                
6       38             0.04774854347388813                
6       31             0.047748543473887906               
6       33             0.047748543473887795               
6       40             0.047748543473887795               
6       24             0.04774854347388757                
6       25             0.04774854347388746                
6       28             0.04774854347388746                
6       30             0.04774854347388724                
3       6              0.047748543473886684               
6       17             0.04774854347388657                
6       16             0.04774854347388646                
6       14             0.04774854347388613                
6       13             0.04774854347388602                
6       9              0.047748543473885685               
20      40             -0.09111966546935513               
15      16             -0.0911196654693553                
15      38             -0.09111966546935532               
20      28             -0.09111966546935532               
20      30             -0.09111966546935535               
15      17             -0.09111966546935538               
18      38             -0.09111966546935546               
1       22             -0.09111966546935549               
15      31             -0.09111966546935552               
15      22             -0.09111966546935552               
12      23             -0.09111966546935552               
18      40             -0.09111966546935552               
15      33             -0.09111966546935554               
9       23             -0.09111966546935557               
15      24             -0.09111966546935563               
15      25             -0.09111966546935565               
18      31             -0.09111966546935565               
18      33             -0.09111966546935565               
12      26             -0.09111966546935568               
2       22             -0.09111966546935574               
18      28             -0.09111966546935574               
12      27             -0.09111966546935577               
18      30             -0.09111966546935577               
9       26             -0.09111966546935577               
18      25             -0.09111966546935579               
9       27             -0.09111966546935579               
18      24             -0.09111966546935582               
9       29             -0.09111966546935582               
12      29             -0.09111966546935585               
1       12             -0.09111966546935593               
15      40             -0.09111966546935601               
20      38             -0.09111966546935601               
7       16             -0.0911196654693561                
12      36             -0.0911196654693561                
9       37             -0.0911196654693561                
19      40             -0.0911196654693561                
14      23             -0.0911196654693561                
12      37             -0.09111966546935613               
9       36             -0.09111966546935613               
7       38             -0.09111966546935618               
12      39             -0.09111966546935618               
4       40             -0.09111966546935618               
20      33             -0.09111966546935618               
15      28             -0.09111966546935624               
9       39             -0.09111966546935624               
19      38             -0.09111966546935624               
20      31             -0.09111966546935624               
15      30             -0.09111966546935632               
19      28             -0.09111966546935632               
20      22             -0.09111966546935632               
20      25             -0.09111966546935635               
19      30             -0.09111966546935635               
7       33             -0.09111966546935638               
19      31             -0.09111966546935638               
14      27             -0.09111966546935638               
20      24             -0.09111966546935638               
18      22             -0.09111966546935638               
19      22             -0.09111966546935638               
7       31             -0.0911196654693564                
4       13             -0.0911196654693564                
19      33             -0.0911196654693564                
14      26             -0.0911196654693564                
3       23             -0.0911196654693564                
7       25             -0.09111966546935643               
4       22             -0.09111966546935643               
4       28             -0.09111966546935643               
5       38             -0.09111966546935643               
13      23             -0.09111966546935643               
7       17             -0.09111966546935646               
25      26             -0.09111966546935646               
7       24             -0.09111966546935649               
2       12             -0.09111966546935649               
4       14             -0.09111966546935649               
4       30             -0.09111966546935649               
24      26             -0.09111966546935649               
10      40             -0.09111966546935651               
5       16             -0.09111966546935651               
4       38             -0.09111966546935651               
19      25             -0.09111966546935651               
14      29             -0.09111966546935651               
7       40             -0.09111966546935654               
25      27             -0.09111966546935654               
3       27             -0.09111966546935654               
9       20             -0.09111966546935654               
8       40             -0.09111966546935657               
24      27             -0.09111966546935657               
22      23             -0.09111966546935657               
19      24             -0.0911196654693566                
2       3              -0.0911196654693566                
3       29             -0.0911196654693566                
25      29             -0.09111966546935663               
9       21             -0.09111966546935663               
5       33             -0.09111966546935665               
24      29             -0.09111966546935665               
13      26             -0.09111966546935665               
3       26             -0.09111966546935665               
10      16             -0.09111966546935668               
10      38             -0.09111966546935668               
8       38             -0.09111966546935668               
4       16             -0.09111966546935668               
14      37             -0.09111966546935668               
9       15             -0.09111966546935668               
7       14             -0.09111966546935671               
7       28             -0.09111966546935671               
10      13             -0.09111966546935671               
4       12             -0.09111966546935671               
31      36             -0.09111966546935671               
31      37             -0.09111966546935671               
33      37             -0.09111966546935671               
14      36             -0.09111966546935671               
7       30             -0.09111966546935674               
10      28             -0.09111966546935674               
10      30             -0.09111966546935674               
33      36             -0.09111966546935674               
13      27             -0.09111966546935674               
13      20             -0.09111966546935674               
7       13             -0.09111966546935676               
8       16             -0.09111966546935676               
5       25             -0.09111966546935676               
5       31             -0.09111966546935676               
31      39             -0.09111966546935676               
9       19             -0.09111966546935676               
10      17             -0.09111966546935679               
10      33             -0.09111966546935679               
8       28             -0.09111966546935679               
8       30             -0.09111966546935679               
5       17             -0.09111966546935679               
4       31             -0.09111966546935679               
4       33             -0.09111966546935679               
33      39             -0.09111966546935679               
13      29             -0.09111966546935679               
22      26             -0.09111966546935679               
10      31             -0.09111966546935682               
10      14             -0.09111966546935682               
4       17             -0.09111966546935682               
13      21             -0.09111966546935682               
14      39             -0.09111966546935682               
13      19             -0.09111966546935682               
16      23             -0.09111966546935682               
8       33             -0.09111966546935685               
8       13             -0.09111966546935685               
22      27             -0.09111966546935685               
9       18             -0.09111966546935685               
4       24             -0.09111966546935688               
5       24             -0.09111966546935688               
24      37             -0.09111966546935688               
4       9              -0.09111966546935688               
1       3              -0.09111966546935688               
13      18             -0.09111966546935688               
8       31             -0.0911196654693569                
4       25             -0.0911196654693569                
25      36             -0.0911196654693569                
25      37             -0.0911196654693569                
3       36             -0.0911196654693569                
8       17             -0.09111966546935693               
10      25             -0.09111966546935696               
8       14             -0.09111966546935696               
24      36             -0.09111966546935696               
3       37             -0.09111966546935696               
22      29             -0.09111966546935696               
28      29             -0.09111966546935696               
16      26             -0.09111966546935696               
10      24             -0.09111966546935699               
13      36             -0.09111966546935699               
8       24             -0.09111966546935701               
24      39             -0.09111966546935701               
25      39             -0.09111966546935701               
1       16             -0.09111966546935701               
13      37             -0.09111966546935701               
13      15             -0.09111966546935701               
16      27             -0.09111966546935701               
14      21             -0.09111966546935704               
1       38             -0.09111966546935704               
38      39             -0.09111966546935704               
3       39             -0.09111966546935704               
16      29             -0.09111966546935704               
8       25             -0.09111966546935707               
3       8              -0.09111966546935707               
28      36             -0.0911196654693571                
22      36             -0.09111966546935713               
28      37             -0.09111966546935713               
30      36             -0.09111966546935713               
30      37             -0.09111966546935713               
14      20             -0.09111966546935713               
22      37             -0.09111966546935715               
1       17             -0.09111966546935718               
13      39             -0.09111966546935718               
7       9              -0.09111966546935721               
5       22             -0.09111966546935724               
1       33             -0.09111966546935724               
5       40             -0.09111966546935724               
8       9              -0.09111966546935726               
1       31             -0.09111966546935726               
28      39             -0.09111966546935726               
14      19             -0.09111966546935726               
22      39             -0.09111966546935729               
30      39             -0.09111966546935729               
14      18             -0.09111966546935729               
16      36             -0.09111966546935732               
3       21             -0.09111966546935732               
5       14             -0.09111966546935735               
16      37             -0.09111966546935735               
1       24             -0.09111966546935737               
12      20             -0.09111966546935737               
1       25             -0.0911196654693574                
3       20             -0.0911196654693574                
3       5              -0.09111966546935743               
12      21             -0.09111966546935746               
5       28             -0.09111966546935746               
16      39             -0.09111966546935746               
8       22             -0.09111966546935749               
12      15             -0.09111966546935749               
12      18             -0.09111966546935749               
5       30             -0.09111966546935751               
17      23             -0.09111966546935751               
12      19             -0.09111966546935754               
3       19             -0.09111966546935754               
2       38             -0.0911196654693576                
14      15             -0.0911196654693576                
23      40             -0.09111966546935762               
5       13             -0.09111966546935765               
17      20             -0.09111966546935765               
3       18             -0.09111966546935765               
2       40             -0.09111966546935768               
2       16             -0.09111966546935771               
17      26             -0.09111966546935771               
2       31             -0.09111966546935776               
1       13             -0.09111966546935776               
5       9              -0.09111966546935776               
1       40             -0.09111966546935776               
17      29             -0.09111966546935776               
17      27             -0.09111966546935776               
3       15             -0.09111966546935776               
26      40             -0.09111966546935776               
23      38             -0.09111966546935776               
2       33             -0.09111966546935779               
2       28             -0.09111966546935779               
27      40             -0.09111966546935779               
23      28             -0.09111966546935779               
7       22             -0.09111966546935782               
10      22             -0.09111966546935782               
17      19             -0.09111966546935782               
9       10             -0.09111966546935785               
2       17             -0.09111966546935785               
2       30             -0.09111966546935785               
17      18             -0.09111966546935785               
2       24             -0.09111966546935787               
2       25             -0.09111966546935787               
23      30             -0.09111966546935787               
2       14             -0.0911196654693579                
26      38             -0.0911196654693579                
29      40             -0.0911196654693579                
8       12             -0.09111966546935793               
16      20             -0.09111966546935793               
5       12             -0.09111966546935796               
2       13             -0.09111966546935796               
1       28             -0.09111966546935796               
1       30             -0.09111966546935796               
26      28             -0.09111966546935796               
26      30             -0.09111966546935799               
23      33             -0.09111966546935799               
3       4              -0.09111966546935801               
27      28             -0.09111966546935801               
27      30             -0.09111966546935801               
27      38             -0.09111966546935801               
23      31             -0.09111966546935801               
3       7              -0.09111966546935804               
1       14             -0.09111966546935804               
23      25             -0.09111966546935804               
29      38             -0.09111966546935804               
23      24             -0.09111966546935807               
17      36             -0.0911196654693581                
17      37             -0.0911196654693581                
1       9              -0.0911196654693581                
16      19             -0.0911196654693581                
29      30             -0.0911196654693581                
16      18             -0.09111966546935812               
17      39             -0.09111966546935815               
26      31             -0.09111966546935815               
26      33             -0.09111966546935815               
27      31             -0.09111966546935818               
7       12             -0.09111966546935821               
10      12             -0.09111966546935821               
29      31             -0.09111966546935821               
27      33             -0.09111966546935821               
2       9              -0.09111966546935826               
29      33             -0.09111966546935826               
21      40             -0.09111966546935829               
37      40             -0.09111966546935829               
36      40             -0.09111966546935837               
3       10             -0.0911196654693584                
21      38             -0.0911196654693584                
21      28             -0.09111966546935846               
39      40             -0.09111966546935846               
21      30             -0.09111966546935851               
21      33             -0.0911196654693586                
21      31             -0.09111966546935868               
21      24             -0.09111966546935871               
21      25             -0.09111966546935871               
21      22             -0.09111966546935885               
17      21             -0.09111966546935904               
16      21             -0.09111966546935965               
36      38             -0.09111966546935982               
37      38             -0.09111966546935982               
6       23             -0.1148368060653997                
6       26             -0.11483680606539987               
6       29             -0.11483680606539998               
6       27             -0.11483680606539998               
4       6              -0.11483680606540031               
6       36             -0.11483680606540037               
6       37             -0.11483680606540042               
1       6              -0.11483680606540048               
6       39             -0.11483680606540048               
2       6              -0.11483680606540092               
6       8              -0.11483680606540125               
6       10             -0.11483680606540148               
6       20             -0.11483680606540153               
6       15             -0.1148368060654017                
6       18             -0.1148368060654017                
6       19             -0.1148368060654017                
5       6              -0.11483680606540209               
6       7              -0.11483680606540225               
6       21             -0.11483680606540253               
38      40             -0.20498203886492125               
28      38             -0.20498203886492167               
30      38             -0.20498203886492167               
22      38             -0.2049820388649217                
33      40             -0.20498203886492172               
31      40             -0.20498203886492175               
3       9              -0.20498203886492175               
30      31             -0.2049820388649218                
28      33             -0.20498203886492186               
30      33             -0.20498203886492186               
28      31             -0.2049820388649219                
17      22             -0.20498203886492192               
22      33             -0.20498203886492192               
22      31             -0.20498203886492197               
24      40             -0.204982038864922                 
25      40             -0.20498203886492203               
22      25             -0.20498203886492206               
22      24             -0.20498203886492208               
9       16             -0.20498203886492217               
9       38             -0.20498203886492217               
24      28             -0.20498203886492222               
3       40             -0.20498203886492225               
25      28             -0.20498203886492228               
24      30             -0.2049820388649223                
25      30             -0.20498203886492233               
9       33             -0.2049820388649224                
14      38             -0.20498203886492242               
9       31             -0.20498203886492244               
9       17             -0.20498203886492256               
3       13             -0.20498203886492256               
3       28             -0.20498203886492256               
16      22             -0.20498203886492258               
14      31             -0.2049820388649226                
3       30             -0.2049820388649226                
13      38             -0.20498203886492264               
14      33             -0.20498203886492267               
9       24             -0.20498203886492267               
9       25             -0.20498203886492267               
13      16             -0.20498203886492275               
14      24             -0.20498203886492283               
14      25             -0.20498203886492283               
12      16             -0.20498203886492294               
13      31             -0.20498203886492294               
13      33             -0.20498203886492294               
13      17             -0.20498203886492297               
3       14             -0.204982038864923                 
13      24             -0.20498203886492314               
13      25             -0.20498203886492317               
12      38             -0.20498203886492347               
14      17             -0.20498203886492347               
14      16             -0.20498203886492347               
12      17             -0.2049820388649235                
12      31             -0.20498203886492367               
12      33             -0.20498203886492372               
12      24             -0.20498203886492383               
12      25             -0.2049820388649239                
3       12             -0.20498203886492394               
16      40             -0.20498203886492425               
17      40             -0.20498203886492444               
16      28             -0.2049820388649245                
16      30             -0.20498203886492453               
3       22             -0.20498203886492453               
17      28             -0.20498203886492478               
17      30             -0.2049820388649248                
15      32             -0.2299074886045353                
15      34             -0.22990748860453536               
15      35             -0.2299074886045354                
11      23             -0.22990748860453553               
18      32             -0.22990748860453555               
18      34             -0.2299074886045356                
18      35             -0.22990748860453564               
11      26             -0.22990748860453575               
20      32             -0.22990748860453575               
20      34             -0.22990748860453578               
20      35             -0.22990748860453578               
11      27             -0.2299074886045358                
11      29             -0.2299074886045359                
4       32             -0.22990748860453597               
4       34             -0.229907488604536                 
35      37             -0.229907488604536                 
19      32             -0.229907488604536                 
34      37             -0.22990748860453603               
35      36             -0.22990748860453603               
4       35             -0.22990748860453605               
32      37             -0.22990748860453605               
32      39             -0.22990748860453608               
32      36             -0.22990748860453608               
34      36             -0.22990748860453608               
19      34             -0.22990748860453608               
19      35             -0.22990748860453608               
35      39             -0.22990748860453614               
5       32             -0.22990748860453616               
11      21             -0.22990748860453616               
34      39             -0.22990748860453616               
11      37             -0.22990748860453616               
11      36             -0.2299074886045362                
4       11             -0.22990748860453625               
5       34             -0.22990748860453625               
5       35             -0.22990748860453625               
1       11             -0.22990748860453628               
11      39             -0.22990748860453628               
7       32             -0.2299074886045363                
8       32             -0.2299074886045363                
7       34             -0.22990748860453633               
7       35             -0.22990748860453633               
1       32             -0.22990748860453633               
8       35             -0.22990748860453636               
8       34             -0.2299074886045364                
1       35             -0.2299074886045364                
1       34             -0.22990748860453641               
2       11             -0.22990748860453647               
2       32             -0.22990748860453647               
10      32             -0.2299074886045365                
2       34             -0.22990748860453653               
2       35             -0.22990748860453653               
10      34             -0.22990748860453655               
10      35             -0.22990748860453655               
23      32             -0.22990748860453655               
5       11             -0.22990748860453658               
11      20             -0.22990748860453658               
23      35             -0.22990748860453658               
23      34             -0.2299074886045366                
10      11             -0.2299074886045367                
11      19             -0.22990748860453677               
26      35             -0.2299074886045368                
26      32             -0.2299074886045368                
11      18             -0.22990748860453683               
26      34             -0.22990748860453683               
27      32             -0.22990748860453686               
8       11             -0.2299074886045369                
27      34             -0.2299074886045369                
27      35             -0.22990748860453694               
29      32             -0.22990748860453694               
11      15             -0.22990748860453697               
29      34             -0.229907488604537                 
29      35             -0.229907488604537                 
7       11             -0.2299074886045372                
21      32             -0.22990748860453739               
21      35             -0.2299074886045374                
21      34             -0.22990748860453744               
