#======================================================================
# PARAMETERS USED FOR THIS COMPUTATION: 
#      Sequence type: RNA
#      Total number of sequences in alignment data: 3
#      Length of sequences in alignment data: 47
#      Effective number of sequences: 2.0
#      Value of sequence identity: 0.8
#      Value of relative pseudocount: 0.5
# The First and Second columns represent sites and the
# Third column is MFDCA Frobenius norm, average product corrected (APC) DCA score
#======================================================================
23      45             3.281382588850505                  
46      47             0.6662965440289186                 
28      46             0.6662965440289179                 
28      47             0.6662965440289179                 
1       2              0.6662965440289165                 
2       28             0.6662965440289137                 
1       28             0.6662965440289134                 
2       46             0.666296544028913                  
2       47             0.666296544028913                  
1       47             0.6662965440289128                 
1       46             0.6662965440289127                 
2       23             0.5152704982930959                 
1       23             0.5152704982930956                 
28      45             0.5152704982930933                 
23      28             0.5152704982930929                 
2       45             0.5152704982930925                 
1       45             0.5152704982930922                 
45      46             0.5152704982930922                 
45      47             0.515270498293092                  
23      46             0.5152704982930887                 
23      47             0.5152704982930886                 
26      46             0.3661158389832095                 
27      28             0.36611583898320926                
26      28             0.36611583898320915                
25      28             0.36611583898320915                
27      46             0.3661158389832091                 
25      46             0.366115838983209                  
26      47             0.3661158389832088                 
25      47             0.3661158389832088                 
27      47             0.3661158389832088                 
2       26             0.36611583898320793                
2       25             0.3661158389832078                 
2       27             0.3661158389832077                 
1       25             0.3661158389832069                 
1       27             0.3661158389832069                 
1       26             0.36611583898320665                
23      25             0.29875410754426684                
23      27             0.2987541075442666                 
23      26             0.29875410754426646                
25      45             0.2987541075442659                 
26      45             0.2987541075442653                 
27      45             0.29875410754426523                
25      26             0.2486879046313548                 
26      27             0.24868790463135435                
25      27             0.24868790463135385                
13      14             0.034081558398896955               
13      31             0.03408155839889648                
13      30             0.03408155839889637                
4       9              0.034081558398895956               
5       9              0.034081558398895706               
19      30             0.03408155839889568                
16      31             0.03408155839889565                
19      31             0.03408155839889565                
4       10             0.03408155839889562                
16      30             0.03408155839889557                
3       10             0.03408155839889557                
6       9              0.03408155839889554                
4       12             0.03408155839889551                
3       12             0.03408155839889551                
29      39             0.034081558398895456               
29      38             0.03408155839889543                
37      39             0.03408155839889543                
33      39             0.0340815583988954                 
29      44             0.0340815583988954                 
29      42             0.0340815583988954                 
32      39             0.03408155839889537                
18      30             0.034081558398895345               
32      43             0.034081558398895345               
37      38             0.034081558398895345               
37      42             0.034081558398895345               
5       10             0.03408155839889532                
3       11             0.03408155839889532                
32      38             0.03408155839889532                
32      42             0.03408155839889532                
29      40             0.03408155839889532                
33      38             0.03408155839889532                
29      37             0.03408155839889529                
35      38             0.03408155839889529                
35      39             0.03408155839889529                
37      44             0.03408155839889529                
29      43             0.03408155839889529                
37      43             0.03408155839889529                
6       10             0.03408155839889526                
3       9              0.03408155839889526                
36      39             0.03408155839889526                
37      40             0.03408155839889526                
33      42             0.03408155839889526                
33      43             0.03408155839889526                
18      31             0.034081558398895234               
4       11             0.034081558398895234               
29      35             0.034081558398895234               
32      41             0.034081558398895234               
33      41             0.034081558398895234               
34      39             0.034081558398895234               
36      38             0.034081558398895234               
35      44             0.034081558398895234               
29      41             0.034081558398895234               
37      41             0.034081558398895234               
35      43             0.034081558398895234               
36      42             0.034081558398895206               
33      44             0.034081558398895206               
35      42             0.034081558398895206               
36      37             0.03408155839889518                
29      32             0.03408155839889518                
32      37             0.03408155839889518                
32      40             0.03408155839889518                
33      37             0.03408155839889518                
35      37             0.03408155839889518                
32      44             0.03408155839889518                
34      38             0.03408155839889518                
34      42             0.03408155839889518                
35      40             0.03408155839889518                
36      43             0.03408155839889518                
29      36             0.03408155839889515                
36      40             0.03408155839889515                
33      40             0.03408155839889515                
14      31             0.03408155839889512                
36      41             0.03408155839889512                
34      44             0.03408155839889512                
36      44             0.03408155839889512                
34      43             0.03408155839889512                
35      41             0.03408155839889512                
29      34             0.034081558398895095               
34      40             0.034081558398895095               
6       11             0.03408155839889507                
34      37             0.03408155839889507                
34      41             0.03408155839889507                
33      34             0.03408155839889504                
33      35             0.03408155839889504                
29      33             0.03408155839889504                
14      30             0.03408155839889501                
5       8              0.03408155839889501                
32      35             0.034081558398894984               
32      34             0.03408155839889496                
32      33             0.03408155839889496                
21      30             0.03408155839889493                
5       11             0.03408155839889493                
34      35             0.03408155839889493                
5       12             0.0340815583988949                 
33      36             0.0340815583988949                 
35      36             0.0340815583988949                 
6       12             0.03408155839889487                
6       8              0.034081558398894846               
32      36             0.034081558398894846               
34      36             0.03408155839889482                
21      31             0.03408155839889479                
7       12             0.03408155839889471                
39      43             0.03408155839889471                
38      39             0.03408155839889468                
38      43             0.03408155839889468                
15      31             0.03408155839889465                
7       8              0.03408155839889465                
38      41             0.03408155839889465                
39      40             0.03408155839889465                
41      43             0.03408155839889465                
39      44             0.03408155839889465                
38      44             0.034081558398894624               
42      44             0.034081558398894624               
43      44             0.034081558398894624               
38      42             0.034081558398894624               
39      42             0.034081558398894624               
41      44             0.034081558398894596               
42      43             0.034081558398894596               
38      40             0.03408155839889457                
39      41             0.03408155839889457                
40      43             0.03408155839889457                
41      42             0.03408155839889457                
40      44             0.03408155839889454                
40      42             0.03408155839889454                
40      41             0.03408155839889451                
15      30             0.034081558398894485               
7       9              0.0340815583988944                 
12      13             0.034081558398894374               
7       11             0.03408155839889432                
12      14             0.03408155839889415                
30      39             0.03408155839889407                
31      39             0.03408155839889407                
30      38             0.03408155839889401                
7       10             0.03408155839889401                
31      38             0.034081558398893985               
31      42             0.034081558398893985               
8       11             0.034081558398893985               
8       21             0.034081558398893985               
31      41             0.03408155839889396                
30      42             0.03408155839889396                
31      43             0.03408155839889396                
8       10             0.03408155839889396                
4       21             0.03408155839889396                
30      44             0.03408155839889393                
30      43             0.03408155839889393                
31      44             0.03408155839889393                
31      37             0.0340815583988939                 
30      40             0.0340815583988939                 
31      40             0.0340815583988939                 
31      35             0.034081558398893846               
30      37             0.034081558398893846               
30      41             0.034081558398893846               
4       16             0.034081558398893846               
4       17             0.034081558398893846               
8       17             0.034081558398893846               
3       17             0.034081558398893846               
20      31             0.03408155839889382                
22      30             0.03408155839889382                
12      30             0.03408155839889379                
12      31             0.03408155839889379                
20      30             0.03408155839889379                
5       7              0.03408155839889379                
6       16             0.03408155839889379                
4       24             0.03408155839889379                
30      36             0.03408155839889376                
22      31             0.03408155839889376                
31      32             0.03408155839889376                
5       6              0.03408155839889376                
8       19             0.03408155839889376                
30      32             0.034081558398893735               
5       16             0.034081558398893735               
8       18             0.034081558398893735               
3       16             0.034081558398893735               
30      35             0.03408155839889371                
31      33             0.03408155839889371                
3       5              0.03408155839889371                
5       15             0.03408155839889371                
4       18             0.03408155839889371                
4       19             0.03408155839889371                
8       24             0.03408155839889371                
3       21             0.03408155839889371                
31      36             0.03408155839889368                
10      21             0.03408155839889368                
9       21             0.03408155839889368                
21      24             0.03408155839889368                
31      34             0.03408155839889365                
3       6              0.03408155839889365                
30      33             0.034081558398893624               
10      16             0.034081558398893624               
11      13             0.034081558398893624               
30      34             0.0340815583988936                 
12      21             0.0340815583988936                 
6       21             0.0340815583988936                 
4       22             0.03408155839889357                
4       15             0.03408155839889357                
11      21             0.03408155839889357                
5       21             0.03408155839889357                
8       16             0.03408155839889354                
3       24             0.03408155839889354                
9       11             0.03408155839889351                
8       20             0.03408155839889351                
8       22             0.03408155839889351                
3       18             0.03408155839889351                
10      12             0.034081558398893486               
10      17             0.034081558398893486               
10      24             0.034081558398893486               
6       7              0.034081558398893486               
3       15             0.034081558398893486               
9       24             0.034081558398893486               
6       18             0.03408155839889343                
9       18             0.0340815583988934                 
9       17             0.0340815583988934                 
5       24             0.0340815583988934                 
6       15             0.034081558398893375               
3       19             0.034081558398893375               
4       20             0.03408155839889335                
21      22             0.03408155839889335                
9       19             0.03408155839889332                
8       15             0.03408155839889332                
12      24             0.03408155839889332                
11      17             0.03408155839889332                
7       15             0.03408155839889332                
9       12             0.03408155839889329                
9       15             0.03408155839889329                
3       22             0.03408155839889329                
6       19             0.03408155839889329                
11      24             0.03408155839889329                
6       24             0.03408155839889329                
7       21             0.03408155839889329                
17      31             0.034081558398893264               
24      31             0.034081558398893264               
10      18             0.034081558398893264               
10      19             0.034081558398893264               
6       22             0.034081558398893264               
12      17             0.034081558398893264               
5       17             0.034081558398893264               
6       17             0.034081558398893264               
11      14             0.034081558398893264               
5       22             0.034081558398893236               
7       24             0.034081558398893236               
24      30             0.03408155839889321                
6       20             0.03408155839889321                
12      18             0.03408155839889321                
5       19             0.03408155839889321                
13      21             0.03408155839889321                
10      22             0.03408155839889318                
7       17             0.03408155839889318                
17      30             0.03408155839889315                
9       22             0.03408155839889315                
9       16             0.03408155839889315                
11      19             0.03408155839889315                
8       9              0.034081558398893125               
3       20             0.034081558398893125               
11      22             0.034081558398893125               
12      19             0.034081558398893125               
5       18             0.034081558398893125               
7       19             0.034081558398893125               
9       10             0.0340815583988931                 
10      15             0.0340815583988931                 
7       18             0.0340815583988931                 
12      15             0.03408155839889307                
14      17             0.03408155839889307                
14      21             0.03408155839889307                
12      16             0.03408155839889304                
11      18             0.03408155839889304                
8       12             0.034081558398893014               
5       20             0.034081558398893014               
12      22             0.034081558398893014               
15      21             0.034081558398893014               
7       22             0.034081558398892986               
13      24             0.034081558398892986               
10      20             0.03408155839889296                
9       20             0.03408155839889296                
11      15             0.03408155839889296                
7       16             0.03408155839889296                
15      19             0.03408155839889296                
14      19             0.03408155839889296                
11      31             0.03408155839889293                
4       6              0.03408155839889293                
3       8              0.03408155839889293                
14      24             0.03408155839889293                
15      24             0.0340815583988929                 
14      18             0.0340815583988929                 
10      11             0.034081558398892875               
3       7              0.034081558398892875               
11      20             0.03408155839889285                
14      22             0.03408155839889285                
11      30             0.03408155839889282                
12      20             0.03408155839889282                
7       20             0.03408155839889282                
15      17             0.03408155839889282                
11      12             0.03408155839889279                
14      16             0.03408155839889279                
13      22             0.03408155839889279                
11      16             0.034081558398892764               
15      22             0.034081558398892764               
15      18             0.034081558398892764               
13      17             0.034081558398892764               
14      15             0.034081558398892736               
18      21             0.03408155839889271                
13      19             0.03408155839889271                
13      18             0.03408155839889268                
18      19             0.034081558398892625               
13      15             0.034081558398892625               
7       13             0.034081558398892625               
13      16             0.034081558398892625               
18      24             0.0340815583988926                 
19      21             0.03408155839889257                
14      20             0.034081558398892514               
17      21             0.034081558398892486               
19      24             0.03408155839889246                
13      20             0.03408155839889243                
4       5              0.0340815583988924                 
15      20             0.0340815583988924                 
4       7              0.034081558398892375               
15      16             0.03408155839889235                
17      24             0.03408155839889235                
18      22             0.03408155839889229                
4       8              0.03408155839889218                
18      20             0.03408155839889218                
19      22             0.03408155839889218                
17      18             0.03408155839889215                
17      22             0.0340815583988921                 
20      39             0.0340815583988921                 
19      20             0.03408155839889207                
20      38             0.03408155839889207                
17      19             0.03408155839889207                
20      42             0.03408155839889204                
5       13             0.03408155839889204                
20      44             0.034081558398892015               
20      43             0.034081558398892015               
20      32             0.03408155839889199                
20      40             0.03408155839889199                
22      24             0.03408155839889199                
20      29             0.03408155839889196                
20      41             0.03408155839889196                
17      20             0.03408155839889193                
20      37             0.03408155839889193                
14      39             0.03408155839889193                
7       14             0.034081558398891904               
14      32             0.034081558398891904               
14      29             0.034081558398891904               
14      38             0.034081558398891904               
7       31             0.03408155839889185                
20      35             0.03408155839889185                
22      29             0.03408155839889185                
10      13             0.03408155839889182                
14      44             0.03408155839889182                
14      42             0.03408155839889182                
14      43             0.03408155839889182                
20      36             0.03408155839889179                
20      33             0.03408155839889179                
16      29             0.03408155839889179                
20      34             0.034081558398891765               
22      32             0.034081558398891765               
17      29             0.03408155839889174                
14      41             0.03408155839889174                
20      21             0.03408155839889171                
14      40             0.03408155839889171                
17      32             0.03408155839889168                
14      37             0.03408155839889168                
7       30             0.034081558398891654               
22      39             0.034081558398891654               
6       13             0.034081558398891654               
5       31             0.034081558398891626               
16      32             0.034081558398891626               
8       43             0.0340815583988916                 
16      38             0.0340815583988916                 
6       31             0.03408155839889157                
8       38             0.03408155839889157                
5       14             0.03408155839889157                
14      33             0.03408155839889157                
14      35             0.03408155839889157                
10      14             0.03408155839889154                
16      42             0.03408155839889154                
17      39             0.03408155839889154                
20      24             0.034081558398891515               
8       42             0.034081558398891515               
22      38             0.034081558398891515               
17      38             0.034081558398891515               
8       40             0.03408155839889149                
8       44             0.03408155839889149                
8       39             0.03408155839889149                
22      42             0.03408155839889149                
17      42             0.03408155839889149                
17      43             0.03408155839889149                
6       30             0.03408155839889146                
8       41             0.03408155839889146                
19      29             0.03408155839889146                
16      44             0.03408155839889146                
16      39             0.03408155839889146                
16      43             0.03408155839889146                
14      34             0.03408155839889146                
14      36             0.03408155839889146                
4       43             0.03408155839889143                
16      40             0.03408155839889143                
16      41             0.03408155839889143                
22      43             0.03408155839889143                
17      40             0.03408155839889143                
17      44             0.03408155839889143                
5       30             0.034081558398891404               
4       38             0.034081558398891404               
4       42             0.034081558398891404               
22      40             0.034081558398891404               
22      41             0.034081558398891404               
22      44             0.034081558398891404               
17      41             0.034081558398891404               
8       37             0.034081558398891376               
16      37             0.034081558398891376               
24      29             0.034081558398891376               
24      38             0.034081558398891376               
24      42             0.034081558398891376               
24      43             0.034081558398891376               
8       33             0.03408155839889135                
4       41             0.03408155839889135                
4       44             0.03408155839889135                
22      33             0.03408155839889135                
22      35             0.03408155839889135                
4       39             0.03408155839889135                
22      37             0.03408155839889135                
17      33             0.03408155839889135                
17      37             0.03408155839889135                
24      44             0.03408155839889135                
24      39             0.03408155839889135                
20      22             0.03408155839889132                
22      34             0.03408155839889132                
4       40             0.03408155839889132                
24      32             0.03408155839889132                
24      40             0.03408155839889132                
8       35             0.03408155839889129                
16      33             0.03408155839889129                
18      29             0.03408155839889129                
10      38             0.034081558398891265               
4       33             0.034081558398891265               
19      32             0.034081558398891265               
17      34             0.034081558398891265               
24      41             0.034081558398891265               
13      29             0.034081558398891265               
8       36             0.03408155839889124                
4       37             0.03408155839889124                
17      36             0.03408155839889124                
17      35             0.03408155839889124                
3       4              0.03408155839889121                
8       34             0.03408155839889121                
22      36             0.03408155839889121                
16      35             0.03408155839889121                
3       43             0.03408155839889121                
16      21             0.03408155839889121                
24      37             0.03408155839889121                
3       13             0.03408155839889121                
10      39             0.03408155839889118                
10      42             0.03408155839889118                
4       34             0.03408155839889118                
16      36             0.03408155839889118                
4       35             0.034081558398891154               
9       39             0.034081558398891154               
16      34             0.034081558398891154               
3       38             0.034081558398891154               
3       42             0.034081558398891154               
19      42             0.034081558398891154               
10      44             0.034081558398891126               
9       38             0.034081558398891126               
18      32             0.034081558398891126               
3       44             0.034081558398891126               
24      35             0.034081558398891126               
3       40             0.0340815583988911                 
24      33             0.0340815583988911                 
13      32             0.0340815583988911                 
10      31             0.03408155839889107                
10      40             0.03408155839889107                
10      43             0.03408155839889107                
12      29             0.03408155839889107                
4       29             0.03408155839889107                
8       29             0.03408155839889107                
9       44             0.03408155839889107                
9       42             0.03408155839889107                
9       43             0.03408155839889107                
5       38             0.03408155839889107                
5       39             0.03408155839889107                
3       41             0.03408155839889107                
19      40             0.03408155839889107                
19      41             0.03408155839889107                
19      44             0.03408155839889107                
18      38             0.03408155839889107                
19      38             0.03408155839889107                
19      39             0.03408155839889107                
19      43             0.03408155839889107                
10      33             0.03408155839889104                
10      41             0.03408155839889104                
4       36             0.03408155839889104                
3       29             0.03408155839889104                
5       44             0.03408155839889104                
5       42             0.03408155839889104                
3       39             0.03408155839889104                
16      17             0.03408155839889104                
18      39             0.03408155839889104                
18      42             0.03408155839889104                
10      37             0.034081558398891015               
9       40             0.034081558398891015               
5       43             0.034081558398891015               
6       38             0.034081558398891015               
24      36             0.034081558398891015               
10      35             0.03408155839889099                
3       34             0.03408155839889099                
9       41             0.03408155839889099                
5       40             0.03408155839889099                
5       41             0.03408155839889099                
6       43             0.03408155839889099                
18      44             0.03408155839889099                
7       39             0.03408155839889099                
10      34             0.03408155839889096                
3       36             0.03408155839889096                
3       33             0.03408155839889096                
3       35             0.03408155839889096                
12      39             0.03408155839889096                
12      42             0.03408155839889096                
6       44             0.03408155839889096                
6       39             0.03408155839889096                
18      43             0.03408155839889096                
10      36             0.03408155839889093                
12      32             0.03408155839889093                
9       35             0.03408155839889093                
9       37             0.03408155839889093                
3       32             0.03408155839889093                
12      38             0.03408155839889093                
12      43             0.03408155839889093                
3       37             0.03408155839889093                
6       40             0.03408155839889093                
6       42             0.03408155839889093                
24      34             0.03408155839889093                
16      24             0.03408155839889093                
18      40             0.03408155839889093                
7       38             0.03408155839889093                
7       42             0.03408155839889093                
9       33             0.034081558398890904               
8       32             0.034081558398890904               
5       37             0.034081558398890904               
19      37             0.034081558398890904               
12      44             0.03408155839889088                
11      38             0.03408155839889088                
19      33             0.03408155839889088                
7       43             0.03408155839889088                
4       32             0.03408155839889085                
5       33             0.03408155839889085                
12      41             0.03408155839889085                
6       41             0.03408155839889085                
11      39             0.03408155839889085                
19      34             0.03408155839889085                
19      36             0.03408155839889085                
18      37             0.03408155839889085                
18      41             0.03408155839889085                
7       44             0.03408155839889085                
5       36             0.03408155839889082                
12      40             0.03408155839889082                
11      41             0.03408155839889082                
11      44             0.03408155839889082                
11      42             0.03408155839889082                
11      43             0.03408155839889082                
15      29             0.03408155839889082                
7       41             0.03408155839889082                
10      30             0.03408155839889079                
10      29             0.03408155839889079                
9       36             0.03408155839889079                
12      37             0.03408155839889079                
6       33             0.03408155839889079                
11      40             0.03408155839889079                
16      19             0.03408155839889079                
18      33             0.03408155839889079                
19      35             0.03408155839889079                
7       40             0.03408155839889079                
10      32             0.034081558398890766               
9       34             0.034081558398890766               
6       36             0.034081558398890766               
6       35             0.034081558398890766               
6       37             0.034081558398890766               
18      35             0.034081558398890766               
6       14             0.034081558398890766               
11      32             0.03408155839889074                
11      29             0.03408155839889074                
15      32             0.03408155839889074                
7       33             0.03408155839889074                
15      38             0.03408155839889074                
15      42             0.03408155839889074                
12      36             0.03408155839889071                
12      33             0.03408155839889071                
11      37             0.03408155839889071                
18      36             0.03408155839889071                
7       35             0.03408155839889071                
7       37             0.03408155839889071                
15      44             0.03408155839889071                
15      39             0.03408155839889071                
12      35             0.03408155839889068                
5       35             0.03408155839889068                
7       34             0.03408155839889068                
16      22             0.03408155839889068                
16      18             0.03408155839889068                
15      37             0.03408155839889068                
4       14             0.03408155839889068                
6       34             0.034081558398890655               
7       36             0.034081558398890655               
18      34             0.034081558398890655               
15      40             0.034081558398890655               
15      43             0.034081558398890655               
21      29             0.034081558398890655               
13      38             0.034081558398890655               
11      35             0.03408155839889063                
9       29             0.03408155839889063                
15      35             0.03408155839889063                
9       32             0.0340815583988906                 
5       34             0.0340815583988906                 
11      33             0.0340815583988906                 
15      41             0.0340815583988906                 
13      39             0.0340815583988906                 
13      42             0.03408155839889057                
13      43             0.03408155839889057                
11      36             0.034081558398890544               
13      41             0.034081558398890544               
11      34             0.034081558398890516               
16      20             0.034081558398890516               
15      33             0.034081558398890516               
9       14             0.034081558398890516               
12      34             0.03408155839889049                
7       29             0.03408155839889049                
4       13             0.03408155839889049                
29      31             0.03408155839889046                
13      40             0.03408155839889046                
13      44             0.03408155839889046                
29      30             0.034081558398890405               
15      34             0.034081558398890405               
15      36             0.034081558398890405               
13      37             0.034081558398890405               
5       29             0.03408155839889038                
6       29             0.03408155839889038                
21      32             0.03408155839889038                
5       32             0.03408155839889035                
13      33             0.03408155839889035                
13      35             0.03408155839889035                
6       32             0.03408155839889032                
7       32             0.03408155839889032                
21      39             0.03408155839889032                
13      34             0.034081558398890294               
21      38             0.034081558398890266               
9       13             0.034081558398890266               
21      41             0.03408155839889024                
13      36             0.03408155839889024                
21      42             0.03408155839889021                
21      43             0.03408155839889018                
9       31             0.03408155839889013                
21      37             0.03408155839889013                
21      40             0.03408155839889013                
21      44             0.03408155839889013                
21      33             0.03408155839889007                
9       30             0.034081558398890016               
21      35             0.034081558398890016               
3       31             0.03408155839888999                
21      34             0.03408155839888996                
21      36             0.034081558398889905               
3       30             0.03408155839888982                
4       31             0.03408155839888968                
8       13             0.034081558398889655               
4       30             0.03408155839888963                
3       14             0.03408155839888949                
30      31             0.03408155839888896                
8       14             0.03408155839888896                
8       30             0.034081558398888934               
8       31             0.034081558398888906               
13      25             -0.07949481884345823               
13      26             -0.07949481884345828               
13      27             -0.0794948188434586                
16      25             -0.07949481884345926               
16      26             -0.07949481884345933               
16      27             -0.07949481884345941               
14      25             -0.07949481884345956               
14      26             -0.07949481884345963               
21      25             -0.07949481884345964               
14      27             -0.07949481884345973               
5       27             -0.07949481884345978               
18      25             -0.07949481884345978               
21      26             -0.07949481884345978               
6       27             -0.0794948188434598                
3       27             -0.07949481884345984               
3       25             -0.07949481884345985               
18      26             -0.07949481884345985               
15      25             -0.07949481884345988               
3       26             -0.07949481884345991               
21      27             -0.07949481884345991               
15      26             -0.07949481884345994               
18      27             -0.07949481884345995               
7       27             -0.07949481884346                  
15      27             -0.07949481884346                  
19      25             -0.07949481884346002               
5       25             -0.07949481884346005               
6       25             -0.07949481884346007               
5       26             -0.0794948188434601                
19      26             -0.0794948188434601                
6       26             -0.07949481884346012               
7       25             -0.0794948188434602                
22      25             -0.07949481884346023               
19      27             -0.07949481884346024               
7       26             -0.07949481884346025               
17      26             -0.07949481884346028               
17      25             -0.07949481884346028               
22      26             -0.07949481884346031               
11      25             -0.0794948188434604                
17      27             -0.07949481884346042               
11      26             -0.07949481884346045               
11      27             -0.07949481884346045               
22      27             -0.07949481884346049               
12      25             -0.07949481884346055               
24      25             -0.07949481884346063               
12      26             -0.07949481884346066               
4       27             -0.07949481884346069               
24      26             -0.07949481884346069               
12      27             -0.07949481884346073               
24      27             -0.07949481884346074               
27      42             -0.07949481884346074               
27      43             -0.07949481884346074               
25      43             -0.07949481884346075               
25      38             -0.07949481884346077               
25      39             -0.07949481884346077               
25      42             -0.07949481884346077               
27      38             -0.07949481884346077               
27      39             -0.07949481884346077               
4       25             -0.07949481884346078               
26      43             -0.07949481884346078               
26      38             -0.0794948188434608                
26      39             -0.0794948188434608                
26      42             -0.0794948188434608                
27      44             -0.07949481884346081               
4       26             -0.07949481884346082               
20      25             -0.07949481884346082               
25      44             -0.07949481884346082               
20      27             -0.07949481884346084               
26      44             -0.07949481884346084               
27      41             -0.07949481884346084               
20      26             -0.07949481884346085               
25      41             -0.07949481884346085               
27      40             -0.07949481884346085               
10      27             -0.07949481884346088               
9       27             -0.07949481884346088               
26      40             -0.07949481884346088               
26      41             -0.07949481884346088               
25      40             -0.0794948188434609                
27      37             -0.07949481884346092               
27      33             -0.07949481884346093               
25      29             -0.07949481884346095               
25      37             -0.07949481884346095               
27      29             -0.07949481884346095               
26      37             -0.07949481884346096               
26      33             -0.07949481884346098               
27      35             -0.07949481884346098               
26      29             -0.07949481884346099               
25      35             -0.079494818843461                 
27      34             -0.07949481884346102               
26      35             -0.07949481884346102               
25      33             -0.07949481884346102               
9       25             -0.07949481884346103               
10      25             -0.07949481884346105               
25      36             -0.07949481884346105               
27      36             -0.07949481884346105               
25      34             -0.07949481884346106               
26      36             -0.07949481884346109               
26      34             -0.0794948188434611                
9       26             -0.07949481884346112               
10      26             -0.07949481884346113               
8       27             -0.07949481884346113               
27      32             -0.07949481884346113               
26      32             -0.07949481884346114               
25      32             -0.07949481884346116               
8       25             -0.07949481884346125               
8       26             -0.07949481884346134               
27      31             -0.0794948188434628                
25      31             -0.07949481884346281               
26      31             -0.07949481884346288               
27      30             -0.07949481884346288               
25      30             -0.0794948188434629                
26      30             -0.07949481884346295               
1       3              -0.12756830470734085               
13      28             -0.12756830470734146               
2       3              -0.12756830470734168               
13      46             -0.1275683047073419                
13      47             -0.12756830470734193               
7       47             -0.12756830470734196               
14      47             -0.12756830470734198               
1       4              -0.127568304707342                 
6       47             -0.127568304707342                 
7       46             -0.127568304707342                 
6       46             -0.12756830470734204               
14      46             -0.12756830470734207               
5       47             -0.12756830470734218               
5       46             -0.12756830470734223               
2       4              -0.1275683047073423                
7       28             -0.12756830470734237               
5       28             -0.12756830470734243               
6       28             -0.12756830470734243               
1       10             -0.1275683047073425                
21      47             -0.12756830470734254               
1       9              -0.12756830470734257               
2       9              -0.12756830470734257               
21      46             -0.12756830470734257               
15      47             -0.12756830470734268               
1       21             -0.12756830470734268               
1       5              -0.1275683047073427                
1       11             -0.12756830470734273               
3       28             -0.12756830470734273               
16      28             -0.12756830470734273               
2       11             -0.12756830470734276               
15      46             -0.12756830470734276               
1       12             -0.12756830470734282               
16      47             -0.12756830470734284               
24      47             -0.12756830470734284               
14      28             -0.12756830470734284               
1       17             -0.12756830470734287               
1       24             -0.12756830470734287               
2       10             -0.1275683047073429                
16      46             -0.1275683047073429                
21      28             -0.1275683047073429                
24      46             -0.1275683047073429                
2       21             -0.12756830470734293               
1       16             -0.12756830470734298               
3       47             -0.12756830470734298               
3       46             -0.127568304707343                 
2       12             -0.12756830470734304               
1       18             -0.12756830470734307               
17      47             -0.12756830470734307               
1       19             -0.1275683047073431                
17      46             -0.1275683047073431                
8       47             -0.12756830470734312               
2       24             -0.12756830470734312               
1       22             -0.12756830470734315               
8       46             -0.12756830470734315               
1       7              -0.12756830470734315               
2       16             -0.12756830470734318               
2       17             -0.12756830470734318               
18      47             -0.12756830470734318               
18      46             -0.1275683047073432                
2       5              -0.12756830470734323               
1       15             -0.12756830470734323               
2       15             -0.12756830470734323               
9       47             -0.12756830470734326               
2       19             -0.12756830470734326               
19      47             -0.12756830470734326               
9       46             -0.1275683047073433                
19      46             -0.1275683047073433                
20      47             -0.12756830470734334               
18      28             -0.12756830470734334               
1       20             -0.12756830470734337               
15      28             -0.12756830470734337               
20      46             -0.1275683047073434                
2       7              -0.1275683047073434                
2       18             -0.1275683047073434                
22      47             -0.12756830470734343               
10      46             -0.12756830470734346               
10      47             -0.12756830470734346               
2       22             -0.12756830470734346               
22      46             -0.12756830470734346               
8       28             -0.12756830470734357               
2       8              -0.1275683047073436                
11      46             -0.1275683047073436                
2       20             -0.12756830470734362               
11      47             -0.12756830470734362               
17      28             -0.12756830470734365               
1       6              -0.12756830470734368               
19      28             -0.1275683047073437                
9       28             -0.12756830470734373               
4       28             -0.12756830470734373               
24      28             -0.12756830470734373               
1       13             -0.12756830470734373               
1       8              -0.1275683047073438                
11      28             -0.12756830470734382               
2       13             -0.1275683047073439                
2       6              -0.12756830470734395               
22      28             -0.12756830470734398               
4       47             -0.12756830470734404               
4       46             -0.12756830470734407               
20      28             -0.12756830470734412               
10      28             -0.12756830470734415               
1       38             -0.12756830470734418               
12      46             -0.1275683047073442                
1       39             -0.1275683047073442                
1       42             -0.1275683047073442                
1       43             -0.1275683047073442                
12      47             -0.12756830470734423               
1       44             -0.12756830470734426               
1       40             -0.12756830470734432               
1       41             -0.12756830470734432               
1       29             -0.12756830470734437               
28      38             -0.12756830470734437               
28      39             -0.12756830470734437               
2       39             -0.1275683047073444                
2       43             -0.1275683047073444                
28      42             -0.1275683047073444                
28      43             -0.1275683047073444                
12      28             -0.12756830470734443               
1       37             -0.12756830470734443               
28      44             -0.12756830470734443               
2       42             -0.12756830470734443               
2       44             -0.12756830470734445               
2       38             -0.12756830470734445               
1       33             -0.12756830470734448               
1       14             -0.12756830470734448               
28      41             -0.1275683047073445                
1       35             -0.12756830470734454               
2       41             -0.12756830470734454               
28      40             -0.12756830470734454               
28      37             -0.12756830470734457               
2       40             -0.12756830470734457               
2       14             -0.12756830470734457               
1       32             -0.1275683047073446                
2       29             -0.1275683047073446                
1       36             -0.12756830470734462               
1       34             -0.12756830470734465               
28      33             -0.12756830470734465               
2       37             -0.12756830470734465               
28      35             -0.12756830470734468               
28      29             -0.1275683047073447                
2       33             -0.12756830470734473               
2       32             -0.12756830470734476               
2       35             -0.12756830470734476               
29      47             -0.12756830470734482               
28      36             -0.12756830470734484               
37      47             -0.12756830470734484               
29      46             -0.12756830470734487               
2       34             -0.1275683047073449                
28      34             -0.1275683047073449                
28      32             -0.1275683047073449                
33      47             -0.1275683047073449                
35      47             -0.1275683047073449                
37      46             -0.1275683047073449                
2       36             -0.12756830470734493               
32      47             -0.12756830470734495               
33      46             -0.12756830470734498               
35      46             -0.12756830470734498               
32      46             -0.127568304707345                 
34      47             -0.12756830470734506               
36      46             -0.12756830470734506               
36      47             -0.12756830470734506               
34      46             -0.1275683047073451                
38      47             -0.12756830470734587               
39      47             -0.12756830470734587               
42      47             -0.12756830470734587               
39      46             -0.1275683047073459                
38      46             -0.12756830470734593               
42      46             -0.12756830470734593               
43      47             -0.12756830470734593               
2       31             -0.12756830470734595               
43      46             -0.12756830470734595               
41      47             -0.12756830470734598               
44      47             -0.12756830470734598               
40      47             -0.127568304707346                 
44      46             -0.127568304707346                 
1       31             -0.12756830470734604               
40      46             -0.12756830470734604               
41      46             -0.12756830470734604               
2       30             -0.12756830470734612               
1       30             -0.1275683047073462                
31      46             -0.12756830470734665               
31      47             -0.12756830470734665               
30      47             -0.12756830470734676               
30      46             -0.1275683047073468                
28      31             -0.12756830470734767               
28      30             -0.12756830470734778               
14      45             -0.1801335256195994                
13      45             -0.1801335256195995                
24      45             -0.18013352561959997               
13      23             -0.18013352561959997               
21      45             -0.18013352561960005               
19      45             -0.18013352561960022               
15      45             -0.18013352561960036               
7       45             -0.1801335256196004                
14      23             -0.1801335256196004                
16      45             -0.1801335256196004                
18      45             -0.18013352561960044               
21      23             -0.18013352561960047               
20      45             -0.18013352561960055               
6       45             -0.18013352561960058               
5       45             -0.1801335256196007                
17      45             -0.1801335256196007                
8       45             -0.18013352561960083               
3       45             -0.18013352561960083               
7       23             -0.18013352561960091               
22      45             -0.18013352561960094               
15      23             -0.180133525619601                 
11      45             -0.18013352561960103               
19      23             -0.18013352561960108               
6       23             -0.1801335256196011                
18      23             -0.1801335256196011                
9       45             -0.1801335256196011                
5       23             -0.18013352561960122               
17      23             -0.18013352561960125               
12      45             -0.18013352561960128               
3       23             -0.18013352561960133               
23      24             -0.18013352561960133               
8       23             -0.1801335256196014                
10      45             -0.18013352561960144               
4       45             -0.18013352561960144               
11      23             -0.1801335256196015                
22      23             -0.1801335256196016                
23      43             -0.1801335256196016                
23      42             -0.1801335256196016                
23      38             -0.1801335256196016                
23      39             -0.1801335256196016                
9       23             -0.18013352561960166               
23      44             -0.18013352561960166               
12      23             -0.18013352561960175               
16      23             -0.18013352561960175               
23      40             -0.18013352561960178               
23      41             -0.18013352561960178               
23      29             -0.18013352561960183               
23      37             -0.18013352561960183               
29      45             -0.18013352561960183               
37      45             -0.18013352561960183               
20      23             -0.18013352561960186               
10      23             -0.18013352561960191               
4       23             -0.18013352561960191               
33      45             -0.18013352561960191               
35      45             -0.18013352561960194               
32      45             -0.18013352561960197               
23      33             -0.180133525619602                 
23      35             -0.180133525619602                 
34      45             -0.18013352561960203               
36      45             -0.18013352561960203               
42      45             -0.18013352561960205               
38      45             -0.18013352561960205               
39      45             -0.18013352561960205               
43      45             -0.18013352561960208               
23      34             -0.1801335256196021                
23      36             -0.1801335256196021                
23      32             -0.1801335256196021                
44      45             -0.1801335256196021                
40      45             -0.18013352561960216               
41      45             -0.18013352561960216               
31      45             -0.18013352561960366               
30      45             -0.18013352561960372               
23      31             -0.18013352561960375               
23      30             -0.18013352561960377               
