#======================================================================
# PARAMETERS USED FOR THIS COMPUTATION: 
#      Sequence type: RNA
#      Total number of sequences in alignment data: 258
#      Length of sequences in alignment data: 35
#      Effective number of sequences: 32.05979756947857
#      Value of sequence identity: 0.8
#      Value of relative pseudocount: 0.5
# The First and Second columns represent sites and the
# Third column is MFDCA Frobenius norm, average product corrected (APC) DCA score
#======================================================================
9       23             3.169543001331678                  
10      22             2.915521507854577                  
11      21             1.5567407181092845                 
2       30             1.5210782115145185                 
3       29             1.1780592436186006                 
1       31             1.104049812490734                  
6       26             0.9757920964791791                 
8       24             0.8439268838718392                 
17      19             0.8211316330379022                 
12      20             0.7496448413614183                 
27      29             0.6610326571915799                 
5       27             0.6540802834915376                 
13      14             0.6130628065005262                 
12      13             0.6110602008402541                 
4       31             0.5805368536979482                 
4       28             0.5335319834275488                 
3       26             0.5288882090229599                 
26      29             0.5201861194244424                 
14      15             0.5085671787662345                 
13      20             0.477869101922398                  
27      34             0.4712978307711879                 
7       18             0.4641908329314661                 
7       25             0.44658962006274505                
16      17             0.4240631354573041                 
5       24             0.41349131566415775                
8       10             0.40449468386141413                
29      30             0.3927208820264261                 
15      17             0.39170948466948546                
10      21             0.38417452894780546                
31      34             0.3775104662106533                 
27      28             0.3755641011433658                 
28      33             0.36846324247294376                
18      19             0.36711810922147675                
28      32             0.3608598657119164                 
20      25             0.3553119081586359                 
17      18             0.3530638901877588                 
6       32             0.3519634661522143                 
11      31             0.337338719738689                  
16      19             0.3339146475215493                 
15      19             0.32671164732141833                
25      32             0.3255795516922735                 
34      35             0.32391906302618284                
4       5              0.32063576442981023                
33      35             0.3188171423744004                 
8       11             0.3187798377167637                 
1       34             0.3144059482168868                 
32      33             0.3136195904200479                 
17      20             0.3030524005131903                 
21      22             0.2999795613003384                 
5       6              0.29846267612155863                
19      20             0.29247633918345356                
30      35             0.2913589740683223                 
13      32             0.28764273079514846                
15      34             0.28195322502792824                
2       24             0.2806788862740718                 
15      16             0.26737269164873495                
3       5              0.26460659179640333                
7       34             0.26208426287089426                
1       28             0.261043050671687                  
14      21             0.2591793023774959                 
25      34             0.256283057846403                  
3       4              0.24675961443822747                
29      35             0.24411291181946793                
4       30             0.2415743788960394                 
4       7              0.23823283985959676                
12      15             0.23759542735244243                
3       6              0.23662925333133245                
7       15             0.2358269627977429                 
25      31             0.23543478255697492                
4       32             0.2340887402969658                 
4       27             0.23327367346241024                
24      30             0.23199528307178308                
7       21             0.23055680493609243                
1       2              0.22892888356542962                
12      14             0.22811071939653185                
8       22             0.22266493112024577                
1       3              0.2216076103409842                 
16      21             0.21976479296721496                
12      19             0.2145849055257718                 
14      17             0.21208107186281977                
11      24             0.20135901508992166                
25      29             0.20062743275823103                
8       23             0.1975665561934456                 
7       23             0.1943386557018132                 
1       7              0.19242711300926452                
21      24             0.19225306792010577                
2       13             0.19136374705114534                
20      23             0.18532265057095815                
18      26             0.18164839779445247                
3       27             0.18009714459199883                
32      35             0.17970566159578844                
18      24             0.17590314129802137                
14      19             0.17312951408626465                
13      30             0.16842811127663654                
26      32             0.16821854320578705                
4       34             0.16794773896565185                
1       5              0.16562329097014938                
13      15             0.15977026210652567                
30      32             0.15973297469152087                
27      33             0.15837156055550683                
8       29             0.15812268678800334                
4       6              0.15629897464196996                
6       24             0.15565379134476087                
7       31             0.15280313378040444                
2       5              0.151519562127841                  
2       11             0.14831061409535773                
5       8              0.14526975660294023                
1       30             0.14477532842815743                
12      35             0.14211327413745803                
12      17             0.14200944223607473                
2       35             0.14140512147222506                
31      33             0.1407971079102353                 
8       31             0.1385649591099738                 
2       3              0.13481701129901957                
6       29             0.13474174708535358                
28      29             0.1332496161296055                 
12      33             0.13196000400119565                
18      20             0.12661729059110832                
9       25             0.12530805711969084                
7       10             0.12036815778375676                
11      28             0.1190735899861618                 
4       29             0.118034339207299                  
24      28             0.11683759751206813                
2       29             0.1163413170225498                 
4       20             0.11450408662443123                
14      32             0.1112195749296791                 
13      19             0.11099434288068755                
3       25             0.10883364997565981                
24      27             0.10620297885418051                
15      18             0.10419989108216282                
5       7              0.10210589377770274                
15      35             0.1006621417199347                 
25      28             0.09612010129994564                
5       11             0.09561853904238898                
16      18             0.09403438816755944                
11      14             0.09262659674435136                
24      25             0.09222358500134731                
9       31             0.09179611721124281                
23      33             0.09148020943211577                
1       16             0.08769303243807669                
7       26             0.08748928058357291                
17      34             0.08665863166501192                
15      21             0.08662207053488452                
13      35             0.0845938731500287                 
8       25             0.08442243515964154                
1       4              0.08423738950127435                
6       19             0.08388569664660267                
7       8              0.08347443441916902                
10      11             0.08200681823902384                
14      20             0.0809520837835731                 
17      35             0.07914049825715719                
6       17             0.07851784382601656                
19      35             0.07729393804094453                
6       31             0.07729113097150175                
9       20             0.07729008371529161                
2       32             0.0769067477806164                 
9       35             0.07652278051958034                
16      26             0.07418528804776214                
2       14             0.07355876503291608                
2       31             0.0714159989497748                 
6       22             0.07113892505996822                
14      35             0.06999706646522105                
6       9              0.06999327790952559                
14      28             0.06876719474072213                
17      25             0.0642071944708833                 
13      28             0.06270103922368142                
9       33             0.06135196597307413                
4       9              0.05646828610349319                
12      18             0.053803867310499964               
3       22             0.05342029285681943                
28      31             0.05278827670758801                
10      16             0.05121326439454299                
20      33             0.04896854217210128                
18      28             0.04752862732218921                
14      30             0.04529555825953929                
17      33             0.045154279771872446               
3       16             0.04480206210021431                
10      28             0.04317653925774112                
13      33             0.04259415692269927                
14      16             0.04221511564800429                
19      34             0.042142459358607                  
10      23             0.04168798312301569                
13      17             0.04154962271628629                
26      35             0.04138696536746456                
4       11             0.04055318394775209                
11      16             0.03968109831428268                
17      26             0.037005520182077534               
15      25             0.03671580833293059                
22      34             0.036388241179536485               
8       16             0.036365787414652795               
27      35             0.03521507175882982                
22      28             0.0350212609970052                 
2       18             0.03254329373279857                
15      33             0.030877060356415686               
1       25             0.030843382257719987               
20      35             0.02945139055280227                
22      23             0.029387498865188655               
16      22             0.027480497708319618               
14      33             0.02746376160150027                
16      20             0.026909906753919965               
18      25             0.026023255826372937               
6       28             0.02422398097924433                
1       33             0.02305995020950241                
15      24             0.022370606445003938               
9       24             0.022236588981819794               
18      31             0.021394857890723595               
7       11             0.0211781069231326                 
1       23             0.021073540036948946               
15      31             0.018739765481445125               
10      34             0.01702805084726905                
8       19             0.01631491954668024                
19      33             0.01583157881712488                
7       14             0.015510161892900831               
33      34             0.014099839554900462               
17      32             0.012304360328317221               
8       33             0.011926589939400656               
23      25             0.011464305609932945               
6       12             0.011095150454184022               
12      16             0.010772771307151485               
12      21             0.01072066314814446                
3       9              0.010097383804422821               
10      25             0.009315966652219343               
16      34             0.009202947770617309               
5       20             0.008738503917247897               
5       21             0.006626688503206302               
2       4              0.0037123632508100357              
23      30             0.0020204072170584286              
21      27             0.001958513532476669               
5       29             0.0017552012960336816              
5       30             0.0014001389479309512              
9       32             0.0010395439310841859              
7       22             -0.0007952692167135789             
19      25             -0.004811748423500961              
2       9              -0.00510593519000524               
12      27             -0.005944812398310684              
11      22             -0.006324917939846131              
13      18             -0.0071090155064678084             
7       9              -0.007811115744094543              
26      33             -0.011675690573280273              
9       30             -0.011925686628117549              
3       30             -0.012048709568423743              
21      35             -0.012845730567943692              
6       7              -0.01360473644296567               
17      21             -0.014729267871014584              
3       32             -0.014998510025722667              
4       33             -0.01523988935914733               
1       8              -0.016809700966547603              
25      27             -0.01887476968834767               
14      26             -0.01897392857568514               
26      30             -0.020468594205350354              
3       8              -0.02182372983378361               
23      24             -0.022344244076370534              
16      35             -0.022747527706716453              
5       34             -0.023292196180789537              
13      21             -0.023716302439352133              
5       12             -0.024018494945678537              
11      12             -0.024578033647420672              
11      34             -0.026205205204755333              
1       15             -0.026234495630841348              
23      29             -0.026764895730682525              
21      33             -0.027602368191417537              
5       28             -0.027920393782023323              
15      20             -0.028063637159933652              
6       13             -0.03055428623910328               
4       18             -0.030992968566572576              
10      18             -0.031397338839966926              
12      26             -0.03344701090376562               
21      31             -0.033565515040278604              
2       8              -0.03414931660618176               
9       16             -0.03529254967740103               
23      35             -0.03529911717301615               
21      23             -0.035585320112148267              
14      18             -0.03610900666224254               
13      16             -0.03661635220505799               
8       15             -0.037185520910069436              
24      26             -0.03934440793635752               
26      28             -0.03958316714443716               
7       27             -0.03991269087876892               
15      32             -0.04009348582302269               
11      15             -0.04055842989152081               
16      30             -0.04080128009394979               
2       25             -0.04097292969475719               
5       19             -0.04165737284971563               
11      20             -0.04197838098295259               
8       17             -0.04221445694929604               
5       17             -0.044531541371032685              
19      32             -0.04500318028781822               
7       17             -0.045519442023846446              
6       27             -0.04706861884207586               
25      33             -0.04876859591548138               
19      21             -0.049162763669947984              
1       24             -0.04931496740059432               
31      32             -0.05001169574004849               
18      30             -0.05108169405264468               
24      32             -0.05145307874849536               
22      24             -0.05236347505695832               
16      33             -0.05308211195580945               
13      34             -0.05456461220980688               
3       31             -0.05604404447162448               
7       28             -0.05737563976433646               
27      31             -0.05747503490894057               
18      22             -0.05771501791824912               
5       14             -0.05795529790277837               
6       20             -0.058870469262003344              
22      32             -0.05887498505411731               
5       31             -0.05947969640995582               
7       16             -0.059651132860305434              
15      26             -0.06096236536593008               
1       9              -0.06133509255918135               
16      24             -0.062274106616314495              
18      35             -0.06293507360800984               
20      26             -0.06344824563807805               
25      30             -0.06609906728872561               
22      31             -0.0661911357617645                
11      13             -0.06652239308681379               
5       35             -0.06721725687121485               
23      28             -0.06729784123287086               
12      34             -0.0674227197723                   
20      21             -0.06742807887292013               
4       25             -0.06742847556587328               
9       18             -0.067839626464204                 
30      33             -0.06827653123680882               
20      32             -0.06906569899322618               
19      26             -0.06943629219781572               
16      29             -0.07019000605291803               
18      23             -0.07116274078258211               
11      35             -0.07160747337565038               
2       26             -0.07179688863640477               
25      26             -0.07293200369608244               
1       22             -0.07322442674741836               
4       13             -0.07491493314936809               
1       14             -0.07636819333530392               
2       27             -0.07859647797469044               
19      23             -0.07873068673631817               
32      34             -0.08087183937458903               
28      35             -0.08138857557249807               
16      23             -0.08293092004124353               
29      31             -0.08372007994993302               
30      31             -0.08514807668907276               
3       20             -0.08522137686968823               
12      29             -0.08567991214569043               
10      35             -0.08674196569952652               
10      12             -0.08694277609596929               
12      32             -0.08727887448311616               
15      27             -0.08793480186350602               
13      26             -0.08803760943320024               
8       26             -0.08931409159992626               
14      34             -0.09279546596679605               
11      17             -0.09309232261525019               
6       33             -0.09344917741042302               
29      32             -0.09374024074257664               
5       13             -0.09703605660373302               
1       6              -0.09708335395537732               
16      25             -0.09917359396738873               
8       27             -0.09958095753193841               
22      29             -0.10014246761176177               
4       14             -0.10082915632845652               
6       15             -0.10190428252751396               
7       24             -0.10214351516408443               
14      27             -0.10285022095384222               
28      30             -0.10290731943513076               
9       26             -0.10354753024549457               
2       28             -0.10359423148254354               
23      26             -0.10481964891577267               
5       33             -0.10496086549718373               
8       35             -0.10509323768891904               
10      29             -0.10563971186210314               
6       35             -0.10606793261347561               
4       23             -0.10609757520313051               
18      32             -0.10722510849900674               
7       19             -0.10732339625426021               
8       28             -0.10760152337646739               
3       18             -0.10842014703246955               
20      34             -0.10845581124421441               
3       24             -0.10919373875784794               
5       15             -0.11017399809162304               
8       21             -0.1116008878491555                
1       12             -0.11193371995402668               
10      31             -0.11304526375859053               
20      27             -0.11313756112777168               
22      35             -0.11316070785357091               
11      30             -0.11381874601677355               
8       13             -0.11388286709302509               
9       10             -0.11482288576994587               
11      18             -0.11490050698606563               
11      19             -0.11525277249712915               
1       13             -0.11603449678360211               
18      29             -0.11651173515437657               
11      33             -0.11700867036622942               
12      24             -0.11709183113129393               
30      34             -0.11738641417954848               
6       14             -0.1183438662220723                
8       12             -0.11892967239711746               
12      22             -0.1192414393939987                
17      27             -0.12057628462558187               
6       10             -0.12106493920608175               
26      34             -0.1217023595805028                
3       33             -0.12217949342333442               
27      32             -0.12235466903224407               
12      30             -0.12241457370603653               
9       19             -0.12249266768306852               
18      33             -0.12375769677095588               
18      27             -0.12567420587919848               
9       28             -0.12608755556365214               
8       9              -0.1267360567786428                
21      26             -0.12789990364629417               
3       12             -0.12844098390936481               
12      28             -0.12938258907668443               
6       16             -0.12983121280792456               
29      33             -0.13005100707117864               
13      27             -0.13034759983843297               
16      27             -0.1311512224356545                
1       20             -0.13224016252513587               
1       18             -0.13325767752213247               
10      13             -0.1337739601308068                
2       20             -0.13394709664436166               
26      27             -0.13446071789971675               
24      35             -0.13471153897786947               
24      33             -0.1348344590875603                
19      28             -0.1355875342313443                
11      26             -0.13644502409622183               
13      22             -0.13865399498525352               
4       26             -0.14006412773441862               
1       10             -0.1408403258950145                
17      24             -0.14171623910709552               
2       12             -0.14320264787453607               
12      25             -0.1434712714788528                
15      29             -0.14352948430992898               
9       22             -0.14443912312945756               
1       21             -0.14451977416061856               
13      29             -0.14453411707333363               
6       18             -0.145307569692916                 
18      34             -0.14630045326815974               
3       15             -0.14634128412045905               
3       21             -0.1485236410500489                
16      32             -0.15019331418905474               
22      25             -0.15021577461526225               
4       16             -0.15062656654348533               
2       22             -0.15103236265538927               
9       29             -0.15196885413920425               
5       26             -0.15227958683846868               
4       24             -0.15240273946814054               
28      34             -0.15307684154390455               
1       26             -0.15401035320889772               
3       10             -0.1558680662943881                
23      27             -0.15630394450968693               
16      31             -0.15714331855763347               
6       25             -0.15767745871327127               
11      23             -0.1593332173358974                
10      19             -0.16010640048403119               
5       18             -0.16047551646179575               
8       34             -0.16100287715178332               
14      31             -0.16107470731408974               
14      22             -0.1627132658273624                
1       32             -0.16374114168510973               
19      27             -0.16435197440671517               
5       9              -0.1646324823076396                
27      30             -0.16580353049521962               
2       19             -0.1662957673469083                
21      34             -0.16657857476560273               
9       27             -0.16664772961407942               
10      30             -0.16697020785990307               
3       34             -0.1675051043230181                
2       21             -0.16760677716611255               
20      30             -0.16825444106755721               
7       12             -0.1691287807787502                
17      23             -0.16974124763214238               
6       34             -0.16998068739903424               
22      27             -0.1701027236344655                
10      14             -0.17069339298830385               
15      30             -0.17098195106131006               
7       13             -0.1710585551909071                
29      34             -0.17113949588712274               
8       18             -0.17144046264265195               
16      28             -0.17178306114742642               
1       11             -0.17245760547545824               
2       6              -0.17273905736037687               
10      27             -0.17280448330703824               
3       17             -0.1741913302351317                
3       13             -0.1749079659012297                
8       32             -0.17526955370926012               
21      25             -0.17541644581350668               
5       16             -0.17637252066361747               
17      30             -0.17697119987417384               
14      24             -0.17850363382007728               
3       28             -0.17876815479992214               
13      24             -0.17888259499143527               
19      24             -0.18099688521192792               
4       8              -0.1816669977222269                
21      30             -0.18182772331015312               
24      31             -0.18407299046258585               
21      32             -0.18470055172030603               
6       21             -0.1848298969082247                
10      33             -0.18531266161365362               
8       20             -0.18549432830279264               
12      23             -0.18732944713813143               
3       7              -0.187495818314243                 
22      30             -0.1881863442277018                
10      20             -0.18883915427708511               
24      34             -0.19103660518027787               
8       14             -0.19155370628107649               
1       19             -0.19250124002732355               
3       35             -0.19399702269736618               
17      29             -0.19525647099418517               
10      26             -0.19648257792496024               
12      31             -0.19749227389948046               
5       32             -0.19798665412260674               
18      21             -0.19877646063161672               
14      25             -0.20160060590040962               
7       32             -0.2027876386993614                
3       19             -0.20292911370092548               
2       10             -0.20515871082128895               
2       16             -0.20621664569093975               
11      27             -0.2067321862188206                
6       8              -0.20688569417605046               
1       35             -0.20964645446513866               
2       17             -0.20993538282936264               
4       17             -0.21142106740195613               
23      34             -0.2117970710441484                
5       22             -0.21189665320284973               
1       17             -0.21470797317978707               
19      30             -0.21510446662852378               
11      32             -0.215276271771012                 
4       19             -0.21682229096413885               
19      22             -0.21933749686796158               
7       30             -0.21961101277874856               
20      22             -0.22056051791644754               
2       33             -0.22170988939413655               
7       35             -0.22171489109242679               
10      24             -0.22236458744188592               
22      33             -0.22328603781271195               
9       34             -0.22431281123618135               
19      31             -0.22525468909074933               
20      29             -0.22646160720741373               
14      29             -0.23007032345215997               
10      17             -0.23093181654586542               
2       34             -0.23166194853594085               
2       23             -0.2319921784087019                
20      24             -0.2321032597186197                
10      32             -0.23290457189849093               
10      15             -0.23343179212159026               
3       11             -0.23534671326264045               
23      31             -0.23648136624427518               
22      26             -0.23697975606767252               
11      25             -0.2372853837961456                
1       29             -0.23794438731052597               
7       33             -0.23990343313059112               
23      32             -0.2403448591032851                
6       23             -0.24229697376108766               
5       10             -0.24245270033502012               
31      35             -0.24369768137730682               
6       11             -0.24378150789772035               
15      22             -0.2454488557815493                
3       14             -0.24659078276822327               
21      28             -0.24972129251185632               
13      25             -0.24990227086709996               
19      29             -0.25069319711859384               
20      31             -0.25125605942407525               
9       12             -0.25403326176888097               
21      29             -0.25425155884152406               
20      28             -0.2575312528901481                
14      23             -0.2582459938292293                
9       15             -0.2586481059249408                
13      23             -0.2603433937631384                
1       27             -0.26183856557091423               
9       17             -0.262151862772654                 
4       12             -0.26260838179249735               
4       35             -0.2636866212605681                
9       11             -0.26400190451063016               
4       22             -0.26415806526521474               
2       7              -0.2671658735896074                
17      31             -0.2756062446938271                
2       15             -0.2765637359003775                
25      35             -0.27708757431055525               
17      28             -0.27956221633838363               
17      22             -0.2804447966108819                
7       20             -0.28260256754721524               
15      28             -0.2852444782895193                
24      29             -0.2881797863310258                
4       15             -0.2895956108795554                
9       14             -0.2901537649618705                
5       23             -0.29074071639851773               
15      23             -0.2977263791700474                
6       30             -0.3108152529248983                
3       23             -0.3114249452298715                
13      31             -0.3142064262808824                
11      29             -0.3180728230996315                
9       13             -0.322812184128514                 
4       10             -0.333393718492564                 
9       21             -0.3391711050105282                
26      31             -0.3563512218425499                
8       30             -0.3566939217071994                
4       21             -0.3659093257015965                
7       29             -0.3667553658129019                
5       25             -0.3904181475391971                
