#======================================================================
# PARAMETERS USED FOR THIS COMPUTATION: 
#      Sequence type: RNA
#      Total number of sequences in alignment data: 504
#      Length of sequences in alignment data: 47
#      Effective number of sequences: 17.35837848781439
#      Value of sequence identity: 0.8
#      Value of relative pseudocount: 0.5
# The First and Second columns represent sites and the
# Third column is MFDCA Frobenius norm, average product corrected (APC) DCA score
#======================================================================
7       43             3.469019498378888                  
8       42             3.339388052883264                  
5       45             3.334826609383379                  
6       44             3.3199011755929306                 
21      27             2.8482329764394514                 
20      28             2.2785731987333984                 
3       47             1.6206387685458874                 
4       46             1.4853257105713633                 
22      26             1.225234182906008                  
9       41             1.1325731376050183                 
19      31             0.7890341691915722                 
31      37             0.7469526114139424                 
3       45             0.7344435964493048                 
12      44             0.6626201234609138                 
19      37             0.6487597807582072                 
18      32             0.6476690435450279                 
9       10             0.637307094319777                  
13      32             0.6012885182145804                 
12      14             0.5819156600283444                 
1       4              0.5780526337497442                 
3       5              0.5577255445190413                 
46      47             0.5345926945835271                 
2       4              0.5270078135777433                 
13      18             0.5220671549781513                 
1       2              0.5105816913491912                 
10      41             0.4767459698318027                 
4       35             0.45538750193624966                
15      29             0.44642545659249827                
18      29             0.44416043693920587                
15      18             0.4434862160517327                 
26      30             0.4405361574109785                 
13      17             0.4355746053317984                 
38      39             0.4339091880532815                 
39      40             0.42536990794078233                
6       30             0.408841211773763                  
37      38             0.4055022208783865                 
33      34             0.39520630224999254                
22      30             0.3909563274537569                 
25      36             0.3820635509692495                 
10      11             0.3739645632936025                 
36      38             0.3735873062713476                 
3       46             0.34698835448832077                
40      41             0.33075895148198486                
36      41             0.3269927011283529                 
34      36             0.32613713814309997                
38      40             0.3198327319880479                 
15      16             0.31906089949833627                
13      35             0.31557950280629976                
11      39             0.3138594403961511                 
3       12             0.3135363538713166                 
34      38             0.2975692689447115                 
4       47             0.29712973333075177                
14      35             0.28238971576188654                
2       20             0.2817626533856042                 
37      39             0.28127687176189464                
23      24             0.27899921867312394                
17      32             0.278449288187676                  
2       43             0.2733517543866286                 
36      39             0.27259849085401755                
6       12             0.27207118564553145                
11      16             0.2704914147059513                 
5       6              0.26960491962122124                
4       45             0.26315310072741005                
1       47             0.2627257248937178                 
2       46             0.258707764749215                  
27      35             0.25696951759216063                
1       46             0.2566317551828393                 
33      36             0.2558085033616778                 
17      18             0.2557585337951543                 
2       28             0.25291947575094864                
32      33             0.2511677540422522                 
42      43             0.24880740770338056                
21      35             0.24529856316037751                
33      38             0.24260382330058472                
1       43             0.24242988524722986                
2       47             0.24183676253052055                
16      38             0.23818367288990372                
12      45             0.23462173174769868                
16      34             0.23291113907365382                
36      37             0.231703799530252                  
12      27             0.23074085980904957                
5       12             0.23072445363567406                
2       8              0.22906037503860238                
4       25             0.22627343127438232                
11      14             0.22561224151127365                
11      15             0.22075014562406473                
10      40             0.22033229363742907                
10      16             0.21560911947306519                
16      33             0.21477442054948137                
1       20             0.2099583546236085                 
9       11             0.20972740124247696                
31      33             0.20966204143032457                
11      40             0.20953559712227543                
34      39             0.20827329443313639                
32      35             0.20791399669382488                
30      46             0.20319148081163235                
34      37             0.2028534094015585                 
7       42             0.20244097278455314                
2       6              0.20038765280182314                
1       21             0.19659658351797776                
1       9              0.19259413454146596                
2       18             0.1922956260071731                 
33      39             0.1919622017642222                 
1       28             0.19106794109694974                
30      44             0.19037991913445573                
14      16             0.18892087001547078                
5       9              0.18672256442506624                
36      40             0.18662877013955279                
18      35             0.18469882481663696                
31      34             0.18157310382960518                
16      36             0.18149768703845387                
10      39             0.1812457318372821                 
6       26             0.18051387693425053                
5       30             0.18020990698781497                
3       30             0.1797125718254477                 
15      38             0.17726905072607974                
34      40             0.1766322608016868                 
1       27             0.1766116034013096                 
15      34             0.17632284802431059                
6       47             0.17550671299482146                
24      29             0.17506246302933187                
39      41             0.17386290236376398                
24      25             0.17362362466796588                
19      23             0.17333600845682362                
4       5              0.17282452642392865                
33      40             0.17193770754137036                
2       44             0.17108060522563695                
16      17             0.1699041160161261                 
16      39             0.16718181741108099                
10      14             0.1644507460486859                 
8       28             0.16429903779069738                
31      32             0.16309141636552382                
2       17             0.16292521439637753                
37      40             0.16186077677792582                
16      40             0.1618150869731804                 
32      34             0.16174216786804396                
12      21             0.16151371651012603                
19      24             0.16137404010446543                
23      29             0.16073485040441898                
15      33             0.15857186720189462                
23      25             0.15820473269736893                
14      39             0.15806703728630878                
10      15             0.15728972689625786                
41      45             0.15706949307817897                
6       22             0.15615407118595226                
12      46             0.15578932558719688                
7       12             0.15439712511151477                
20      25             0.15199433952034425                
2       5              0.15176395071321447                
11      34             0.15119709598718029                
11      13             0.14909568407639215                
8       20             0.14880913668247486                
14      19             0.14748327156108276                
15      40             0.14604884053054457                
13      15             0.1448603409135718                 
3       26             0.141588547994962                  
11      33             0.14137067973361556                
24      26             0.13946213057048232                
25      27             0.13749472797491252                
3       22             0.13683606772535084                
14      15             0.13671720254890538                
9       16             0.13519030956070632                
23      26             0.13478626724949602                
19      32             0.13473379192751012                
1       35             0.13374593612449803                
38      41             0.13318418989845932                
28      42             0.13304642155469476                
8       12             0.13188750276773265                
17      34             0.131722723608755                  
35      37             0.13006428483381832                
15      36             0.13002157897591546                
21      30             0.1291810814904512                 
22      24             0.12783306827097052                
16      19             0.1269727799090244                 
16      24             0.12585024105505424                
17      38             0.12523812700240694                
25      28             0.12497501837460673                
20      24             0.12356218203439265                
7       8              0.12167206818298854                
14      34             0.12077357753683471                
27      36             0.12019501764253326                
3       37             0.12002393815304646                
27      41             0.11966833640554597                
23      33             0.11789676789831827                
1       41             0.11759546462422499                
13      16             0.11668046819719755                
11      19             0.115907511412502                  
20      42             0.11487743703470027                
18      23             0.11450241219659749                
17      24             0.11446102653240925                
31      35             0.1135015402905728                 
16      23             0.11322887101412221                
6       46             0.11316883005787526                
8       43             0.11311910534396435                
18      19             0.11064081199169068                
11      38             0.10868738518951843                
14      31             0.10855291451654425                
29      31             0.10838508925279905                
44      47             0.10784578739156803                
18      31             0.10620935907145984                
10      34             0.10608356388896564                
2       12             0.10607884221334202                
13      23             0.10510571522302381                
44      46             0.1043287205563973                 
4       26             0.10427112613916761                
14      38             0.10404230195910749                
14      40             0.10395289733794225                
9       45             0.10358642210919744                
10      33             0.10122444481830342                
12      47             0.10114176949649811                
22      23             0.10108368395553105                
1       7              0.10090794815369863                
16      37             0.09995738206970156                
11      17             0.09989430915392683                
4       13             0.09932183636031011                
13      34             0.0989205944187099                 
35      43             0.09850494128432874                
11      36             0.09818606681906786                
15      17             0.09812791127723414                
34      35             0.09795652212547457                
24      31             0.09717237191049596                
33      35             0.09714727433092063                
15      39             0.09689637618210636                
6       7              0.09673987536316841                
1       30             0.09644650331191112                
17      23             0.0943633676966604                 
10      13             0.09361394770962053                
2       7              0.09333735481362737                
7       46             0.09330834626598106                
18      24             0.09313898572306958                
45      46             0.0922823804321643                 
24      28             0.09081872931987009                
19      25             0.08930018643204635                
13      46             0.08917614025004178                
21      28             0.08728672673378157                
26      44             0.08718086529879915                
35      47             0.08670395208756387                
4       44             0.08635038634026915                
13      39             0.08581614477845848                
5       41             0.0852029648084559                 
2       32             0.0840575317329249                 
20      21             0.08366269578112506                
4       6              0.08282478300269924                
23      31             0.08278554672750527                
9       15             0.07931028111478547                
13      40             0.07903005090486431                
37      43             0.07897218417403129                
12      43             0.07850489021674595                
11      23             0.07592709836929992                
32      38             0.07560564177406356                
11      35             0.07499778503482885                
17      33             0.0730608675604596                 
31      36             0.07285895961146127                
19      29             0.07207657618625285                
32      36             0.07105854091099226                
15      19             0.07104993690709777                
15      24             0.07089119595063875                
2       13             0.07088907240960729                
17      36             0.06977285339636469                
17      39             0.06931172665896626                
10      38             0.06869318642122188                
26      45             0.0683987659231961                 
13      24             0.06804702535509116                
4       32             0.067614818186442                  
22      44             0.0675401693630649                 
18      37             0.06748922919738115                
43      46             0.06743412775394553                
37      47             0.06642007991512255                
5       21             0.0662004558969756                 
5       26             0.06603363584755689                
14      36             0.06592928035045328                
6       8              0.06586384540709855                
10      24             0.06549235074770518                
35      39             0.06505842072967394                
29      37             0.06411239348087425                
25      41             0.06410244945860469                
28      44             0.06408978775576352                
11      24             0.06407749511045732                
15      23             0.0636284405549021                 
12      30             0.06247017476546607                
29      32             0.06171452794643745                
23      32             0.060992483943356435               
7       22             0.06071947014789453                
5       27             0.06067889899492129                
13      19             0.06061830292675979                
21      25             0.06061623966420676                
24      37             0.059321774893608265               
14      23             0.05819588603114664                
16      29             0.05744369133860494                
24      32             0.05697358348717538                
16      25             0.05644948092843724                
14      24             0.05637452345811844                
28      47             0.05631815386082617                
10      17             0.05596798277552706                
13      14             0.05442507881846148                
28      29             0.05433774062316901                
3       4              0.05425645941993951                
31      38             0.0524671976811929                 
22      45             0.051875247416105164               
24      34             0.05181208771811399                
20      44             0.05150322929421275                
13      33             0.05137735523236925                
14      33             0.05066351245610862                
5       22             0.050443635236716355               
24      38             0.04914360316295588                
2       42             0.04860793930697055                
30      33             0.04858996793726936                
20      23             0.04837331100017758                
24      33             0.04815055477258956                
3       6              0.04769964359926426                
27      28             0.047633204392046435               
25      29             0.04733622136058477                
10      23             0.046417699707457155               
2       29             0.046041141992330004               
21      29             0.045931772291558925               
29      34             0.04574823857168153                
32      46             0.045268207892872                  
13      31             0.04454616511760234                
4       18             0.04437490134131322                
9       39             0.04384505087564047                
21      24             0.04359554326200857                
7       30             0.04300813252572949                
29      33             0.04291629730710844                
18      33             0.04210317278395026                
34      41             0.0410970400394666                 
27      29             0.04085257346559851                
7       35             0.040225598168125654               
17      40             0.04008094825227515                
16      31             0.03925112957635915                
42      46             0.03901792224376627                
32      37             0.03804865224351672                
20      27             0.037315290857207695               
4       43             0.037132819268419714               
13      38             0.03694738622751556                
33      37             0.036701242084542784               
2       37             0.035227662977178886               
9       34             0.03474401376464534                
42      45             0.03382422612178554                
9       40             0.032936615125730095               
25      46             0.03253855527076982                
21      23             0.03245744192322905                
16      18             0.03201167748768191                
23      34             0.03176050955758178                
3       7              0.031583946341010694               
19      33             0.031123989963376092               
19      26             0.029337628663575865               
44      45             0.0293133028731003                 
9       14             0.028881720053555437               
23      28             0.028636220887366226               
20      47             0.028583422700386385               
24      27             0.0285065133365682                 
31      47             0.027396230366307173               
35      38             0.027283893168879914               
17      46             0.027155447509583874               
15      37             0.02700673121330832                
17      29             0.026660726215453817               
26      29             0.02619575530667284                
12      26             0.025916804576647412               
31      40             0.025793239156580328               
23      37             0.025457993524942935               
23      38             0.02539776157895604                
3       25             0.02534546663773385                
4       12             0.02469065829738193                
35      36             0.024554961827948196               
2       3              0.024341244551293273               
23      27             0.023410996742878415               
35      40             0.023096204632654327               
8       45             0.022817481817839158               
22      43             0.02253921472536513                
10      19             0.021409492725875223               
23      39             0.021402959154543932               
11      41             0.020636531126288132               
31      39             0.02008976784114755                
25      31             0.0197895455861975                 
6       35             0.01977947874574809                
2       31             0.019218721773916148               
30      47             0.018955247917265328               
1       3              0.01891556997176136                
9       33             0.018680843170444272               
14      32             0.018638249311057398               
24      40             0.018629670246963242               
10      36             0.0180369052163597                 
8       35             0.017826073637977335               
4       22             0.017741721434586633               
3       19             0.017348168391838836               
3       31             0.01670966715016914                
25      45             0.015686290224424915               
30      34             0.014853788630885795               
43      44             0.013768858097225167               
22      29             0.013223041189223822               
37      41             0.012509328094650551               
22      47             0.011921489617156                  
4       8              0.011691466140943074               
3       32             0.01006257260989829                
32      39             0.009900173668430046               
25      26             0.009262287968810179               
9       13             0.009206498291739751               
4       7              0.009006366510010855               
14      18             0.008854751840621011               
29      38             0.008807464860915465               
1       12             0.008423152702502323               
11      25             0.007982586211098014               
1       17             0.007548398919317134               
19      35             0.007395314511470186               
16      30             0.0072770653480392355              
24      39             0.006369371588011458               
33      41             0.0051276872941234675              
16      41             0.005041817414511457               
19      39             0.004657271721206502               
25      47             0.004031594608909228               
11      18             0.003950312401324013               
24      35             0.003330166990558492               
19      22             0.003130873816572677               
8       46             0.002162064111574491               
26      47             0.0020309264896503643              
8       17             0.0018934570289312336              
16      32             0.0008354407586028956              
13      36             0.0007415314852766142              
22      25             -0.00042660215521928               
1       45             -0.0006673171160742619             
30      45             -0.0006727087663173648             
25      33             -0.0007284469999990495             
29      44             -0.0018477983828784628             
19      38             -0.0019751473492223004             
31      43             -0.0023511787859619715             
24      36             -0.0027385215202881674             
27      30             -0.0028898743594528153             
40      42             -0.0031956754423654588             
9       17             -0.0034144264884226616             
7       47             -0.0038463639626454826             
19      34             -0.004462120506711409              
32      40             -0.004889062444568298              
11      29             -0.0051276297599335                
23      40             -0.006653105459115155              
11      31             -0.006770595401678459              
9       23             -0.006960064762719931              
17      35             -0.007418661978946417              
1       14             -0.00797977815956502               
12      22             -0.008069465422961053              
15      44             -0.009429454056270992              
41      47             -0.00955650865122265               
11      37             -0.010003514597185098              
4       42             -0.010050011989425123              
3       14             -0.011018681056015722              
25      30             -0.012461050711702448              
7       31             -0.012663411273712066              
9       47             -0.012753916701124135              
3       27             -0.013818526825697397              
12      40             -0.015781788146481124              
15      41             -0.01593534267088534               
10      18             -0.01595264362872789               
18      38             -0.016729188318898358              
3       17             -0.016985366677226277              
15      25             -0.018115332411939356              
19      47             -0.018176168294911366              
15      31             -0.018733889925963365              
16      20             -0.018830841412718735              
9       19             -0.019734647538980687              
7       19             -0.019964149003693255              
1       13             -0.020515127465120464              
20      29             -0.020689960977198302              
32      47             -0.020712427210488438              
21      46             -0.02202928794212694               
16      22             -0.022178245334477487              
16      35             -0.022350234665941937              
2       19             -0.02255322069982507               
29      30             -0.02284340252752723               
19      40             -0.023591329135422057              
9       20             -0.02424958009540018               
8       9              -0.024378558445973975              
26      43             -0.025013798015165678              
5       47             -0.02511228080860195               
26      46             -0.025442797276649276              
3       41             -0.026209842690626595              
13      26             -0.026495160242256455              
1       29             -0.026827957051467843              
12      42             -0.027589651951090033              
30      43             -0.028047664378719417              
27      44             -0.02809644538301953               
35      44             -0.028098011357350183              
14      47             -0.028241102068935653              
1       44             -0.0283017155059353                
7       26             -0.028769640420775067              
3       9              -0.028809937254353712              
36      42             -0.029072697237799122              
14      25             -0.02907927994175849               
8       11             -0.029082699762016023              
14      30             -0.029349869588914446              
23      36             -0.03004316040688554               
5       25             -0.030304020174779733              
25      38             -0.0303614555454855                
6       17             -0.030874639339803722              
9       28             -0.03088311231679175               
1       42             -0.03097522222356469               
16      26             -0.03115061337984945               
17      42             -0.031175164580199588              
11      26             -0.031300501445169576              
8       16             -0.0315755572824446                
14      17             -0.03200793009843517               
30      38             -0.03268540364509365               
11      20             -0.033187611600194594              
29      36             -0.0332226766553311                
4       14             -0.033503050891352304              
9       24             -0.0335354511924241                
28      33             -0.03364060901813282               
12      35             -0.034529644411943006              
18      43             -0.034557187045635485              
22      42             -0.03481691844442103               
18      25             -0.03488939626932519               
28      30             -0.035051765879893504              
17      25             -0.035360788605488136              
1       25             -0.03557260220709196               
35      46             -0.03608532410788823               
25      42             -0.03671813767221782               
33      47             -0.03772269483120233               
20      30             -0.03776642390527746               
43      47             -0.03787290591699233               
13      29             -0.03819630559992124               
25      37             -0.03826181106749285               
30      32             -0.03838665003277858               
22      31             -0.03908901550249955               
30      31             -0.03915738237498945               
13      22             -0.03948880328861515               
41      42             -0.0400072392575454                
11      12             -0.04084701569863508               
9       38             -0.04106463343052391               
16      28             -0.04120139587492347               
10      25             -0.041743795317947446              
25      43             -0.04215614481068952               
38      42             -0.04240719134245044               
8       24             -0.042641190513850846              
14      37             -0.042709981623592935              
15      35             -0.04276572604369322               
39      42             -0.04384810783243415               
18      34             -0.04388555769805433               
1       23             -0.043904682022876174              
21      44             -0.04525037371070517               
14      29             -0.04532186959457879               
28      34             -0.04576280679355607               
10      29             -0.04601493647120647               
25      40             -0.046076204216045                 
25      39             -0.046586794348722094              
5       44             -0.04728711406341607               
9       12             -0.048284277406335785              
12      17             -0.04833904319631416               
36      44             -0.04834146437164061               
6       29             -0.0485999708045326                
10      31             -0.048995786809998054              
19      36             -0.049562014585463915              
30      39             -0.049568124084268445              
29      39             -0.04960555701613388               
30      36             -0.050741923569938174              
3       18             -0.050959584907006306              
11      28             -0.050983860997053654              
21      36             -0.052061210538275615              
18      39             -0.05237382421341258               
6       10             -0.05327065057623548               
25      34             -0.053380758720145915              
1       40             -0.053434547448861724              
3       43             -0.05371564898730752               
2       22             -0.05390335238255478               
15      32             -0.054545606683279374              
2       41             -0.054725548231502885              
8       30             -0.054889893694666736              
22      37             -0.05546241235535071               
27      46             -0.05558764637954039               
7       37             -0.05566273020477597               
7       18             -0.05587090981119541               
11      30             -0.05632959156376957               
12      41             -0.05772881270136626               
18      40             -0.05793522384550742               
1       10             -0.05893691452598704               
1       8              -0.05904257416194014               
4       41             -0.059342358640368464              
9       36             -0.05988711214102732               
7       32             -0.061615132397332406              
11      32             -0.06179139077973428               
26      31             -0.06181206430087677               
23      35             -0.06198217935617989               
7       25             -0.06235918901733106               
24      42             -0.06238844673314925               
22      32             -0.06259844697909481               
17      22             -0.06261930810119548               
15      30             -0.06277307061259679               
18      22             -0.06311988971633148               
10      32             -0.06326402385004568               
25      32             -0.0632887395546782                
18      46             -0.06338887849776959               
10      35             -0.06349170801143839               
4       9              -0.06382241758095336               
26      32             -0.06396716780507886               
17      26             -0.06408241938587317               
26      37             -0.06419891818820367               
19      20             -0.0642530494642774                
19      43             -0.06429746281196874               
1       6              -0.06454159719611968               
13      25             -0.0646116542979468                
40      44             -0.06510412793242584               
10      22             -0.06622764934199482               
13      37             -0.06667500139356608               
19      21             -0.06711418589889995               
28      38             -0.06784073662434609               
34      42             -0.0682256661199685                
11      22             -0.06827055175780614               
43      45             -0.06836017270908895               
22      38             -0.0684703292500761                
26      42             -0.06880812598934899               
20      40             -0.06904175570271351               
2       26             -0.06925900346543296               
29      40             -0.07002870700430937               
24      30             -0.0705852111469365                
17      45             -0.07067306166748288               
13      41             -0.07185393477141544               
29      45             -0.07200521418836028               
26      39             -0.07214400435740032               
20      41             -0.07241740728367715               
8       47             -0.07303599115148546               
18      36             -0.07352229417771763               
16      21             -0.07392181154056934               
6       45             -0.07397209461040694               
19      27             -0.0740494014303063                
18      26             -0.07410574976652518               
26      38             -0.07432477387672706               
30      40             -0.0747762066994356                
11      21             -0.07616436783575614               
28      32             -0.0763637187030494                
20      46             -0.07686574590769474               
22      33             -0.07720313620266833               
10      26             -0.07729203091924744               
5       29             -0.07824515427728562               
29      43             -0.07861946231065561               
28      41             -0.0790275911033726                
28      31             -0.07928938376243877               
4       19             -0.07956291850473535               
10      37             -0.08003698936031453               
41      46             -0.0801483779130378                
1       22             -0.08024795453935707               
22      40             -0.08056826999128261               
20      22             -0.08080534452124491               
12      23             -0.08108611067567534               
6       41             -0.08129767570814167               
3       21             -0.08131812568497393               
20      33             -0.0813998536839464                
30      42             -0.08141378139133981               
22      34             -0.0816369082765512                
9       42             -0.08215663846125576               
2       14             -0.0824751957280434                
27      45             -0.08363205444187205               
23      30             -0.08374380831460373               
17      37             -0.08380650800957812               
9       18             -0.08383774083957479               
17      20             -0.08410873773721927               
26      33             -0.084189493120398                 
29      47             -0.08446616473704754               
16      27             -0.08479063023239261               
1       33             -0.08498824232489832               
28      40             -0.08499607807658535               
28      46             -0.08522246292223773               
20      26             -0.08577277127590077               
22      28             -0.08589845215031974               
23      47             -0.08602773471457495               
2       9              -0.08625757153053026               
21      45             -0.08678823635732019               
17      21             -0.08682382114606071               
20      34             -0.08695698147053627               
11      27             -0.08708544639241075               
2       10             -0.08717024247689004               
15      20             -0.08735530044600504               
17      41             -0.08746412370173975               
4       10             -0.08747918295330259               
7       29             -0.08768712852628363               
19      28             -0.08769568794189384               
10      21             -0.08817193901440662               
28      39             -0.08897891948378642               
3       8              -0.0891299987501849                
5       46             -0.09006703710495562               
21      40             -0.09031554999127993               
21      33             -0.09035123607200932               
8       14             -0.09055535383925786               
8       41             -0.09069420505488204               
5       23             -0.09167268929275382               
14      41             -0.0917717298120746                
4       29             -0.09181044472685462               
20      31             -0.09206498113650075               
26      34             -0.09265394046213685               
5       8              -0.09289397446524128               
15      22             -0.09322372577260588               
22      39             -0.09322520125772715               
10      20             -0.09501334744385531               
21      31             -0.09527098347711932               
1       18             -0.09539826368396453               
26      40             -0.09590824210273521               
3       13             -0.09601376657004757               
23      44             -0.096187041764036                 
22      46             -0.09664324425053111               
21      22             -0.09708238619882659               
5       7              -0.0973632872089476                
8       25             -0.09746141102427713               
38      44             -0.09760122967521093               
17      28             -0.09790170217729433               
4       33             -0.0979772209479744                
39      43             -0.09806890040213023               
20      38             -0.09843430912385703               
1       37             -0.09845738541529903               
19      30             -0.09849268440628292               
13      20             -0.09859573766773036               
35      42             -0.09873026784837696               
24      47             -0.09888187828436767               
21      38             -0.09900076236307748               
21      26             -0.09902550502956653               
2       34             -0.09909924288722485               
33      42             -0.09937470143776006               
10      30             -0.09943303159908584               
21      34             -0.09981059976689252               
12      15             -0.10012301699626211               
27      40             -0.10087353900636588               
27      33             -0.10134947376916903               
13      28             -0.10142142898335119               
15      26             -0.10256289962412582               
6       23             -0.1028972515922619                
10      28             -0.1030128479953222                
24      44             -0.10312900830685301               
38      45             -0.10322837314018815               
36      46             -0.10340120191737356               
27      31             -0.1041284146676367                
26      28             -0.10414276538929473               
9       29             -0.10426535949784999               
6       9              -0.10471683506397225               
6       11             -0.10513938553605193               
39      45             -0.1052184996489807                
14      20             -0.1053692061670018                
20      45             -0.10570393294959746               
8       22             -0.10663221893699892               
6       28             -0.1070253923102874                
28      45             -0.107070872723321                 
15      21             -0.10746153889377155               
14      22             -0.10760231272390156               
21      39             -0.10803798387970436               
15      28             -0.10825959084291958               
7       15             -0.10863513236634231               
8       10             -0.10878174450118028               
13      21             -0.10890860387040308               
5       17             -0.10897361404190886               
17      27             -0.11019320286221626               
4       17             -0.11019340326478039               
18      20             -0.11028704704071396               
10      47             -0.11030046102124047               
32      41             -0.11030596490068234               
40      43             -0.11048101575345681               
1       32             -0.11062093823875019               
8       39             -0.11142519848231724               
4       31             -0.11198629333442917               
5       11             -0.112335661851863                 
23      45             -0.11260580319608507               
20      32             -0.11287369964230562               
19      46             -0.11319370462805334               
29      46             -0.1132563803220657                
32      43             -0.11356491858119105               
9       25             -0.11371124746793716               
21      42             -0.11395526721291066               
27      42             -0.1139691181518673                
1       5              -0.11400449999330264               
20      39             -0.11401211269261163               
39      44             -0.11416384744457986               
8       29             -0.11500322049520681               
9       32             -0.11561393416642865               
14      46             -0.11564466473515944               
27      34             -0.11588468961479984               
8       40             -0.11603365933239157               
22      27             -0.11603680731019062               
9       26             -0.11620029886320477               
6       36             -0.1162203793520021                
7       21             -0.11664366410992988               
5       15             -0.11687688023404519               
9       44             -0.1171036916932775                
4       24             -0.11722487967863973               
5       43             -0.11740637462168668               
23      41             -0.11790502946243282               
14      26             -0.11795504523985398               
24      45             -0.11809107608152508               
28      37             -0.11812315537695173               
7       10             -0.11814880817164805               
21      32             -0.1183049060767053                
29      42             -0.11883667785557095               
14      21             -0.11899368439822408               
7       20             -0.11926259093434366               
6       20             -0.1194803801268281                
16      42             -0.11975844489667994               
30      41             -0.12084032290421895               
9       31             -0.12098368841652077               
3       20             -0.12151468569439339               
30      37             -0.12186032953393575               
28      36             -0.12204033528573402               
26      27             -0.12254472966601035               
21      37             -0.12267110135707718               
17      44             -0.1231902312540098                
18      47             -0.12346693091172589               
27      39             -0.12356628627349643               
5       14             -0.12472615364907                  
10      46             -0.12485142057469609               
22      36             -0.12491665337323629               
12      16             -0.12507325093068342               
10      27             -0.1255351776412841                
31      46             -0.1256074329871243                
35      41             -0.12578249462110433               
13      27             -0.12583824978438604               
31      42             -0.12683325834660947               
18      21             -0.12742427934083106               
24      41             -0.1285392078957031                
22      35             -0.1293089032550408                
1       19             -0.1293487361440238                
27      38             -0.12953547995830986               
18      44             -0.12977382302935336               
14      27             -0.12978035512657918               
2       45             -0.12978414318932213               
18      30             -0.13012874018917295               
15      27             -0.13021755537890076               
9       22             -0.13074424065040272               
8       15             -0.1308729583453969                
12      19             -0.13105641691200853               
8       23             -0.13135650441064878               
6       27             -0.13147677647672584               
14      28             -0.131891152313552                 
2       36             -0.1326875562930044                
21      43             -0.13272893663732876               
15      43             -0.13295265725705588               
7       28             -0.1330380399893627                
3       44             -0.13309499626385624               
10      12             -0.13393056839230916               
3       28             -0.13415831958582697               
11      47             -0.1345549745480375                
3       24             -0.13485694544417623               
14      42             -0.13490230527133948               
4       23             -0.13533051941224647               
17      43             -0.13541530328766183               
1       26             -0.13557144606205346               
6       16             -0.13604631286513455               
19      42             -0.13644022110121146               
8       38             -0.13650664564458037               
27      32             -0.13661436893656598               
1       31             -0.13686456733185215               
31      41             -0.1371444760824236                
2       30             -0.13739139911610732               
8       26             -0.13749490388109198               
41      44             -0.1375399159729279                
8       36             -0.13801955086574924               
3       10             -0.13804359687003273               
21      41             -0.13859224019338773               
20      37             -0.13860997797908517               
7       27             -0.14032792469351218               
20      36             -0.1412343556677758                
7       44             -0.1414878840482094                
26      36             -0.14206858071998957               
11      42             -0.14216706548169525               
38      43             -0.14237678014857308               
25      44             -0.14288663871261975               
9       37             -0.14314567958675534               
10      42             -0.14340723895674037               
9       21             -0.143586874044887                 
27      43             -0.1442880000918988                
9       30             -0.14458329642280765               
5       36             -0.1448557673157726                
40      45             -0.14587831333898563               
12      31             -0.1465030918641457                
6       42             -0.14692399902692677               
9       35             -0.14696957493137314               
18      28             -0.14706586641161823               
2       15             -0.14789706886803822               
17      30             -0.14875764218878937               
13      47             -0.14878487549468156               
6       21             -0.14892840155564951               
15      47             -0.1493967062635513                
7       11             -0.14967388091833017               
18      27             -0.14975151644457735               
4       36             -0.15146756647219373               
27      37             -0.1518433515251919                
7       40             -0.1524067970299703                
12      39             -0.15261777567042076               
12      33             -0.15322921016932917               
11      46             -0.15344390750053585               
13      30             -0.15376756709186037               
45      47             -0.15501300093001136               
33      43             -0.15652408818518745               
12      29             -0.15736190222758423               
12      18             -0.15812383355760481               
23      42             -0.1586839259267744                
29      35             -0.15876143210682842               
3       23             -0.16083646175386143               
15      42             -0.1632789111053853                
5       20             -0.1634474190467364                
12      32             -0.1635473649323971                
6       25             -0.16372114073634333               
7       9              -0.16450754887841257               
1       39             -0.1648107948126179                
19      41             -0.16502940485349715               
9       46             -0.16524999800793508               
12      24             -0.1654882764046714                
5       28             -0.16590763250161414               
8       34             -0.16596041707496217               
15      45             -0.1665485347352109                
7       33             -0.1674438474792577                
20      43             -0.16745904403419593               
12      28             -0.16780946220439716               
12      34             -0.168274512076658                 
34      44             -0.16840052187834897               
12      38             -0.1686081489958301                
26      35             -0.1690833772402325                
7       17             -0.1692149923418111                
3       39             -0.16945710401546632               
2       24             -0.16947384228757975               
8       31             -0.17065488726049674               
7       23             -0.1708300275710329                
41      43             -0.1711095720426242                
16      47             -0.17184331422056515               
7       45             -0.1720031119685716                
3       42             -0.1721905829401555                
18      41             -0.173640195646668                 
8       33             -0.17446099369694304               
42      47             -0.17449620812457312               
23      43             -0.17467618754916078               
4       15             -0.1752970243961671                
34      43             -0.17535152999145728               
17      47             -0.17603490530394023               
16      46             -0.17627532131717166               
2       23             -0.17714269463141805               
28      43             -0.1781357244811141                
29      41             -0.1781957953154721                
7       16             -0.1786064102542945                
37      42             -0.17996794399821264               
9       27             -0.18084881515206203               
1       36             -0.18090794783588582               
1       24             -0.18166200403687877               
4       40             -0.1821884974312752                
7       39             -0.18450727120732655               
5       16             -0.18467775402931824               
34      46             -0.18516584972437458               
12      25             -0.18556892973463432               
32      42             -0.18601284662393455               
7       24             -0.18628773487813327               
8       37             -0.18752876434228813               
5       40             -0.1883463693195926                
6       15             -0.18857175331909812               
6       43             -0.1890455501221936                
5       42             -0.18926150035077557               
34      45             -0.1897936397243993                
5       39             -0.19150945684798698               
1       34             -0.1918090334100663                
36      45             -0.1919367259798385                
6       34             -0.19243344733082668               
3       33             -0.19248185457138253               
12      20             -0.19308655425871296               
30      35             -0.19521893150305375               
5       38             -0.19631145501901898               
12      13             -0.19635041268379674               
4       34             -0.19644095010931278               
6       14             -0.1965030317116978                
8       19             -0.19666551179925568               
1       38             -0.19682082665969375               
2       25             -0.1977247456507537                
7       41             -0.1995759071994033                
7       34             -0.19998845869239595               
5       24             -0.2000340091813764                
4       30             -0.20038865634234898               
36      43             -0.20067879107057499               
24      46             -0.20109086278453556               
3       29             -0.20136060109939552               
5       18             -0.20279010076097978               
5       10             -0.20329906939245584               
15      46             -0.20349086612949827               
25      35             -0.20381935444556687               
13      42             -0.2039658864947251                
3       40             -0.2040433449062345                
7       38             -0.20468772512079902               
10      45             -0.20486078582118028               
11      45             -0.20540402272102934               
2       35             -0.20604822073547496               
14      45             -0.20682086002622446               
17      19             -0.20720455974715973               
2       40             -0.2087803145695602                
12      36             -0.2097457996389628                
26      41             -0.21029922883501873               
22      41             -0.21033355067206205               
40      47             -0.21101335588205233               
4       11             -0.21115104829335754               
38      46             -0.21117650670827473               
17      31             -0.21155208214608623               
35      45             -0.21257033888967408               
23      46             -0.2131177795381296                
3       38             -0.21431241162036588               
10      44             -0.21454108099792152               
8       13             -0.21594290298955185               
7       14             -0.21679040253933685               
8       21             -0.21729060403620992               
39      46             -0.2175108943489726                
6       24             -0.21797972234903654               
6       39             -0.21857521254810208               
6       40             -0.21938864258326757               
5       34             -0.21980690678155262               
14      43             -0.21988732455350687               
34      47             -0.22038851673939103               
16      43             -0.22056377681383751               
6       38             -0.22097773169917231               
8       27             -0.22155198133703208               
33      44             -0.22265715190931612               
36      47             -0.22337076069678163               
33      45             -0.22369280535811278               
6       33             -0.22384698287389138               
40      46             -0.22430027062970487               
24      43             -0.22431709657446064               
20      35             -0.2250455279992802                
5       35             -0.22512036788207432               
9       43             -0.2252067761493153                
2       16             -0.22659433128290216               
27      47             -0.22731481198131578               
19      44             -0.22769161868635993               
8       32             -0.22779875283542808               
28      35             -0.22804104587893287               
11      43             -0.22967479927875864               
39      47             -0.2298692404476977                
6       13             -0.2301049684296222                
4       37             -0.23028719863299865               
2       11             -0.23250546691982343               
19      45             -0.2378348897390584                
4       38             -0.23830991764771348               
7       13             -0.23894352334813343               
33      46             -0.2413876886041315                
18      45             -0.2419815092297255                
11      44             -0.24314775668729544               
4       39             -0.24509594261150128               
37      45             -0.24597469123506827               
21      47             -0.2461812627009151                
5       33             -0.24634295036186735               
2       27             -0.24775633311455253               
31      44             -0.25316538585854725               
42      44             -0.2537134507600537                
32      45             -0.25375096780598877               
5       37             -0.2542111416724867                
14      44             -0.2544727495709797                
3       36             -0.2547659097342543                
7       36             -0.2554783032628539                
12      37             -0.2562125450379168                
16      45             -0.25673859166597435               
8       18             -0.257303838865218                 
2       39             -0.2581333664287803                
10      43             -0.25877614574518737               
3       11             -0.2618404832541331                
18      42             -0.2623840941605834                
1       11             -0.2629689970965886                
5       32             -0.26330568016784683               
37      44             -0.2641952915793892                
6       37             -0.26441352514476735               
2       21             -0.26481033170912793               
38      47             -0.26497877280617693               
13      43             -0.26637538790315923               
16      44             -0.26646525499365403               
1       15             -0.26729145722359743               
5       19             -0.2691827346859963                
37      46             -0.2703659864620511                
2       33             -0.27043665787594756               
2       38             -0.2705621841962938                
31      45             -0.2716805231708529                
13      45             -0.2719566842853952                
5       13             -0.27221067327668125               
6       18             -0.2751289794932039                
8       44             -0.28304622229396936               
3       34             -0.2848661613191936                
13      44             -0.29046462034478693               
6       32             -0.29139568089523277               
32      44             -0.29978466443063573               
3       15             -0.30194195956230613               
1       16             -0.302889121111485                 
6       19             -0.3055032426899908                
5       31             -0.3097530025505996                
4       20             -0.31018470565990464               
4       16             -0.31453641144339695               
4       27             -0.3158810845579516                
3       35             -0.3179909074263291                
4       21             -0.3238178467872215                
3       16             -0.3239416891825817                
6       31             -0.3368899066909677                
4       28             -0.34244856589425293               
