#======================================================================
# PARAMETERS USED FOR THIS COMPUTATION: 
#      Sequence type: RNA
#      Total number of sequences in alignment data: 3686
#      Length of sequences in alignment data: 55
#      Effective number of sequences: 32.140290364893985
#      Value of sequence identity: 0.8
#      Value of relative pseudocount: 0.5
# The First and Second columns represent sites and the
# Third column is MFDCA Frobenius norm, average product corrected (APC) DCA score
#======================================================================
18      47             3.070705813665288                  
13      43             2.192114443153477                  
17      48             2.140216502701201                  
19      46             1.5003270123586074                 
9       41             1.4755440657347603                 
27      33             1.4408422374735945                 
24      31             1.3656524568246093                 
50      51             1.2925097658669853                 
5       50             1.1855863977445251                 
25      30             1.0944424645221822                 
12      53             1.0792548072982266                 
28      29             1.0072868364750236                 
5       51             0.9517396857675926                 
3       4              0.8599576329913718                 
26      29             0.848405283917243                  
25      36             0.7618916517797952                 
26      35             0.7371376208204072                 
53      54             0.7238891881439935                 
2       54             0.678740251198939                  
3       53             0.6662577278481991                 
16      49             0.6604379281010984                 
37      43             0.6538559721679791                 
24      37             0.6472702360164249                 
4       52             0.634592852923568                  
13      37             0.5769958330735874                 
8       40             0.5530661217365449                 
5       6              0.5523045868254446                 
9       40             0.5239942799050779                 
33      34             0.518625529207485                  
21      22             0.5175833327724295                 
35      36             0.5120718254709073                 
13      52             0.4973591642235315                 
8       51             0.4805856694948647                 
52      55             0.4709573807390324                 
31      32             0.4600930325557813                 
6       50             0.4481100607895658                 
1       3              0.44303251712227765                
39      46             0.43291347133568525                
27      35             0.4188427265136846                 
1       55             0.41146457839775025                
19      39             0.4093872772001885                 
5       32             0.40856891796544775                
7       8              0.39802230028494073                
12      25             0.38334668067456146                
8       9              0.37263167092160576                
1       2              0.3702816602661448                 
6       7              0.3643430077685767                 
38      42             0.35728246924578444                
35      46             0.34678695068346405                
8       26             0.3466217677472289                 
12      52             0.33710311485528255                
4       55             0.32690198408010845                
1       37             0.32172630324979623                
16      30             0.32075996124700223                
33      54             0.31852186261755555                
24      30             0.31148810577034247                
23      38             0.31023009520990674                
19      35             0.2971111214206834                 
23      42             0.2960281609194691                 
49      50             0.29136188323858214                
3       31             0.29022141254349326                
3       51             0.28886561825217594                
2       55             0.2878187381509089                 
4       43             0.28757571148821337                
17      27             0.2864469924396657                 
31      34             0.28385066990633656                
2       12             0.2784388161733665                 
39      42             0.27647464796873655                
28      30             0.27470044272758887                
27      48             0.2730594590880595                 
38      39             0.26858896673253596                
31      49             0.2679377147929182                 
35      48             0.26728262001856484                
12      36             0.2662924768109368                 
53      55             0.26471988837886856                
17      30             0.2581595214551716                 
26      28             0.2560387376064794                 
32      34             0.25237891549135905                
30      33             0.25131665478549453                
15      44             0.24943447116930506                
14      44             0.2494175899856454                 
40      42             0.24882724283640634                
3       12             0.2458734356177783                 
7       9              0.24320284566913186                
20      44             0.24285202785972335                
14      15             0.242228092549084                  
14      20             0.2418698408173747                 
12      41             0.24157392529117672                
23      39             0.2411118737543505                 
20      45             0.2407443938843427                 
15      20             0.24073986297867506                
43      52             0.24063809892705812                
36      37             0.2402952135667475                 
10      20             0.23992168189512625                
44      45             0.2398602434478535                 
10      44             0.23921832437045226                
14      45             0.23869283786000278                
31      50             0.2380842508413355                 
10      14             0.23794944828007347                
15      45             0.23754078891663596                
7       37             0.23752339591564864                
10      15             0.23701343554948207                
10      45             0.23649375812618484                
38      40             0.23608870846649874                
24      55             0.2331450515354379                 
2       24             0.23177883959013357                
30      31             0.23158774173279428                
11      23             0.23126132698808682                
17      25             0.230684255598671                  
17      22             0.22885286340547017                
30      34             0.22599355819381034                
24      52             0.22489888289946924                
1       34             0.22264760070187545                
27      30             0.22198252179586442                
1       5              0.2217941930798064                 
25      48             0.22016481225915863                
11      15             0.2192569579532018                 
17      34             0.21867184284645408                
35      37             0.21784367464969817                
3       37             0.21703416601316222                
28      55             0.21632751728154692                
31      33             0.21445297182107104                
11      39             0.21374359765618817                
13      36             0.21340186472279826                
22      48             0.21288843561712004                
31      36             0.21047014566380906                
2       8              0.20838346194719076                
26      32             0.20837910139761895                
11      20             0.20679655546443798                
25      31             0.20583674778605876                
36      52             0.20579277175817767                
11      44             0.20557551097573182                
9       24             0.20546846816992792                
17      21             0.2053811036673313                 
2       53             0.20490829763356022                
11      14             0.20474002412260162                
11      45             0.20259177401233347                
10      11             0.20255708943367473                
20      22             0.2023928745219834                 
20      21             0.20154609903240098                
16      35             0.20127174887109378                
22      44             0.20099821593496525                
54      55             0.19994843570755158                
21      44             0.19988505574843182                
15      22             0.19963314762458761                
22      45             0.19923324040307802                
14      22             0.1991358161480119                 
4       5              0.198976446664118                  
9       28             0.19854410713310283                
15      21             0.1982485732443802                 
10      22             0.19796632327025782                
21      45             0.19796579443664572                
14      21             0.19748442007888903                
21      48             0.1966783962608315                 
10      21             0.19660990780193893                
2       27             0.1956124197546072                 
41      42             0.19520437932551313                
12      37             0.19513572546174957                
16      27             0.19487829984692084                
17      35             0.1934210869735386                 
20      42             0.19330500540347811                
42      44             0.19277671443439637                
23      40             0.1924780982174203                 
5       33             0.1920356545884752                 
14      42             0.19187578972427938                
49      53             0.1915458784044241                 
24      36             0.19145794587949466                
14      38             0.19082885355921766                
34      35             0.19076415553142195                
42      45             0.19053144826609225                
15      42             0.19052629584683198                
25      34             0.19051267699648966                
10      42             0.19030967462113635                
20      38             0.18979658055505716                
38      44             0.18901410157485193                
2       34             0.18853985526991268                
1       25             0.18747046924345645                
38      45             0.18691783675002213                
52      53             0.18683665525321924                
15      38             0.18683098363126                   
10      38             0.18632297953711383                
7       52             0.18619918757626008                
4       34             0.18509737415501842                
38      41             0.1819842119336251                 
12      54             0.18164449781586406                
25      26             0.18068177900887994                
18      41             0.18007041808689234                
41      47             0.18005519153243021                
6       11             0.17911978179606955                
50      54             0.17869282015685006                
34      48             0.1785542730184036                 
23      44             0.1782113962814978                 
52      54             0.1752487961374108                 
11      21             0.17424491440222462                
20      23             0.17347812412080518                
11      22             0.17280378886265743                
23      45             0.17161329252446852                
30      48             0.17118234170182972                
14      23             0.17046367927661613                
39      40             0.16919434808184988                
15      23             0.16811663994414308                
7       51             0.1679356156523203                 
7       25             0.1678496853416363                 
10      23             0.16780583047381029                
8       39             0.16653552455951032                
1       24             0.16581132667389492                
24      25             0.1655610472241979                 
51      52             0.165175400978411                  
30      49             0.16485437197910668                
26      31             0.16412715117075571                
22      38             0.16358468873910134                
22      42             0.16316207516777775                
4       18             0.16261572722900386                
32      49             0.16131139672881994                
2       16             0.16034549581307472                
21      42             0.15960472712869514                
1       4              0.15956334318102516                
40      43             0.1592763421121654                 
11      19             0.15850885874807585                
11      42             0.15685157658628304                
4       47             0.15648728806505707                
21      38             0.15408272001978293                
2       29             0.15366550886689972                
11      38             0.15158533568149427                
15      39             0.1470201621341936                 
18      19             0.14663203724591695                
4       24             0.14583172418114865                
3       24             0.14549003281639616                
6       30             0.14531751875354232                
5       37             0.14374522145026614                
39      45             0.14366154946078152                
46      47             0.14349556793530888                
4       50             0.1425457217671965                 
21      34             0.14122199706773803                
19      47             0.14101049063847615                
34      37             0.14031410122508714                
39      41             0.13870978214711646                
18      46             0.1383525917282124                 
30      35             0.1363733161092578                 
29      33             0.13574573391886813                
22      23             0.13529741795147293                
18      28             0.13525142136669605                
22      34             0.1341463558636974                 
28      47             0.13386769008518112                
11      46             0.1335018027410841                 
2       7              0.13307456173513366                
20      39             0.13283513596215304                
1       26             0.13269076300534927                
8       13             0.13251428909271012                
14      39             0.13173867334540673                
39      44             0.1312194756506495                 
12      27             0.13119308059228835                
5       25             0.13114730245279677                
27      37             0.13096391040886968                
10      39             0.13087891733980217                
12      34             0.12979165677651217                
19      23             0.12833372954962066                
8       30             0.12741163393190763                
7       27             0.1262059453817228                 
28      36             0.12384109025814327                
2       30             0.12375422069471242                
28      33             0.12356567131506391                
35      39             0.12355570077839609                
21      23             0.12267189125008049                
6       33             0.1203219246082764                 
36      49             0.11942793395277146                
40      45             0.11914480358595364                
30      50             0.11910106286480843                
7       40             0.11818957299286781                
19      45             0.11701719784814224                
8       16             0.11528653939143174                
45      46             0.11500116774434962                
14      19             0.1136199294366583                 
20      40             0.11277801953020858                
22      39             0.11275998337926454                
40      44             0.11246312535440606                
23      41             0.11226348984506926                
3       54             0.11206906481280393                
14      40             0.11190628239431227                
47      53             0.11174054337385203                
5       12             0.11173976521454376                
32      37             0.11167289438379674                
10      40             0.11150053449255462                
15      40             0.11118114506138138                
51      53             0.11062116571910385                
17      31             0.11003174240700186                
28      31             0.10955842751905809                
18      53             0.10921621766193462                
20      46             0.1089561377596095                 
1       31             0.10880443930467815                
37      49             0.10861179228418322                
49      51             0.10823918804928839                
12      16             0.10801508062975518                
19      44             0.10761416932131285                
19      20             0.10754256252479893                
32      33             0.10746745713575606                
5       31             0.10730461250143619                
10      19             0.10688872853294049                
21      39             0.10640254892550044                
10      46             0.10548775838409377                
8       24             0.10547372608127187                
28      35             0.10539307291829653                
44      46             0.10536164995941263                
14      46             0.10534887774833473                
23      46             0.10520158725396114                
15      19             0.10516557550136166                
8       11             0.10424396191133511                
2       37             0.10395360188662939                
31      48             0.10363415665119513                
12      13             0.10309512816097949                
15      46             0.10293382251063188                
16      53             0.10170665163796311                
1       22             0.10090641485937935                
11      54             0.099778299066768                  
6       32             0.09920665245552684                
26      46             0.09833916714173524                
2       51             0.09740369294778028                
49      54             0.09643362942989453                
16      52             0.0950992826605696                 
42      43             0.0946927838730226                 
28      49             0.09446299427610977                
26      51             0.09321885045960343                
5       30             0.09267672005521682                
3       50             0.09134149745670084                
13      31             0.09133515710936568                
36      53             0.09122875549483328                
16      51             0.09062907335092285                
22      40             0.09042174118596374                
50      53             0.09001383099938304                
24      26             0.08958622420948215                
5       7              0.08780089993464651                
21      29             0.08749283025598367                
25      29             0.08729497604991826                
21      40             0.08609598551769035                
34      50             0.08585787845736592                
12      43             0.08436069699846649                
28      41             0.08428776671724625                
9       18             0.08386212746134192                
9       47             0.0835790800842306                 
13      54             0.08351055290064052                
19      26             0.08249563254812331                
8       53             0.08217837427072211                
20      41             0.08089064818903186                
5       13             0.08081024802628733                
1       9              0.080507237973993                  
2       52             0.0804387933382597                 
41      44             0.08043161417471612                
40      41             0.0801653873507277                 
28      32             0.08009677535603432                
15      41             0.07996462563934453                
14      41             0.07958084338631205                
41      45             0.07952611435523141                
26      27             0.07903095904163265                
51      54             0.07880485638886775                
4       27             0.07728850442290175                
4       51             0.07684201946945318                
10      41             0.07675483475550063                
38      43             0.07391533807715689                
30      55             0.07370578388934779                
31      35             0.07252066185902711                
31      51             0.07213869274058837                
1       7              0.07199533842879902                
6       14             0.0702504893037387                 
6       10             0.06981870475831248                
1       21             0.06974454832741128                
12      47             0.06807550264037843                
6       20             0.06725873770131952                
11      40             0.06640279745434327                
5       16             0.06628705778110788                
6       44             0.06576252644240613                
6       37             0.06558612331177005                
3       30             0.06497115811148396                
15      32             0.06483691937677627                
1       8              0.06479446798275396                
27      28             0.06432126913100694                
19      42             0.06411486276933623                
6       52             0.06395886208547408                
6       15             0.06325809478759917                
6       45             0.06322769569273168                
36      47             0.06188871422345554                
3       55             0.061680608026914996               
42      46             0.06088457265872396                
2       31             0.06021150279909554                
19      38             0.0594467629559563                 
22      29             0.05877691717959985                
2       26             0.05870634056307822                
4       30             0.058661426681532514               
12      18             0.058299458773003465               
12      50             0.058128060417257876               
27      40             0.057397349663537545               
32      45             0.056638107826797485               
38      46             0.05619096904420334                
6       42             0.05598930056960161                
20      32             0.05421888936580224                
11      41             0.053873981940779664               
6       38             0.05304212417207399                
1       32             0.05228853733341454                
14      32             0.05125346644655998                
3       25             0.05102786353739175                
3       16             0.050865937767272384               
32      44             0.05085253959578881                
6       39             0.05038004303721266                
3       8              0.04957171152524681                
9       34             0.049514884766131195               
23      29             0.04916103017246823                
1       35             0.04822548436627616                
18      36             0.046611903346217065               
6       49             0.04583437964879189                
23      55             0.04468786025062041                
12      33             0.04433185398266698                
1       6              0.044225434986627454               
9       11             0.043615611499862345               
47      51             0.0432655917017119                 
3       29             0.04275139219138713                
2       35             0.042373275355108986               
16      37             0.04226451928502628                
29      55             0.041227003876381924               
27      32             0.041081886373017795               
2       49             0.040661290417542184               
33      40             0.040540521930696155               
18      51             0.04035503180027039                
27      49             0.03982636878203105                
17      26             0.039529199349216115               
10      32             0.03941683451289288                
18      40             0.038673188047158635               
41      55             0.03822818563647934                
25      28             0.03808447081713273                
34      36             0.0368531852597892                 
24      53             0.03625171320246645                
29      34             0.036250068244080225               
40      47             0.036197305548861414               
7       41             0.035771390496040334               
6       55             0.03573741647840581                
22      32             0.03470814123911456                
3       49             0.033665154834711664               
21      32             0.033361003923111726               
11      32             0.033345825542965085               
36      43             0.03319608532061091                
3       32             0.03286533258395724                
5       29             0.03242129652675613                
46      53             0.03186561467057886                
18      29             0.03183773258554423                
12      55             0.0313611245581909                 
46      48             0.0309145801787587                 
3       28             0.03061419574995039                
1       33             0.030118559903838993               
24      43             0.029959738508204325               
39      43             0.029683416555052827               
19      53             0.02960185249631525                
19      48             0.02923232872670628                
23      32             0.02916796863577864                
4       49             0.02833917500128713                
2       9              0.026671723315403906               
22      41             0.025500195525840208               
7       33             0.025302214006038992               
9       10             0.024934846511945163               
22      28             0.024894632949744894               
7       36             0.024616074366884344               
29      47             0.02404691696942246                
32      42             0.02375977738361698                
6       31             0.023208427544691934               
1       27             0.023017664612081046               
32      38             0.022509591368631843               
7       53             0.022178996494682024               
4       6              0.021716237348530898               
9       55             0.020840428887418716               
41      54             0.020683768321995505               
12      29             0.020404615884185018               
23      26             0.02036099878743522                
2       17             0.018829271096843403               
21      41             0.01875616369725508                
14      16             0.01872462811547687                
3       52             0.018695538845654558               
48      51             0.01862661477958566                
3       34             0.01855395419171535                
26      30             0.018343304315653786               
9       13             0.01816798394769864                
29      30             0.017924952368836844               
16      45             0.017860913853303434               
27      54             0.017641732743434113               
13      41             0.01761845449925309                
15      16             0.01716767006373532                
19      22             0.016998414027516062               
49      52             0.016407830953643954               
12      28             0.015830590762361596               
16      44             0.015646674499874613               
21      28             0.015551902169796877               
22      46             0.015230472878768608               
4       7              0.014985992795502112               
6       22             0.014490598822527179               
9       51             0.013848277247765217               
16      20             0.013807400184310065               
26      48             0.013430995707628846               
19      21             0.013379772385116923               
7       49             0.013247141399877982               
6       23             0.012782865914669983               
12      32             0.01204800353631863                
21      46             0.011721235049562323               
35      50             0.010878288360467447               
16      43             0.010456362012033704               
23      34             0.01025590360313186                
2       50             0.009776042086391656               
8       23             0.009411091724576826               
24      34             0.009192573008982408               
1       28             0.009038991924267326               
10      16             0.008779690155078401               
8       20             0.008538013796515892               
8       14             0.0084992641319451                 
29      39             0.008460783823224266               
8       44             0.00764563184875694                
9       20             0.007224950048467682               
24      40             0.006642744723781624               
9       45             0.006259741412596054               
9       15             0.006218987154894995               
9       44             0.006126888094500016               
37      40             0.006080682011696648               
9       14             0.005985161184236837               
8       15             0.005903444280555059               
23      43             0.005749614365829742               
8       10             0.00566652318830585                
8       45             0.00485705191269592                
7       32             0.004804840214889583               
8       50             0.004316793514524464               
21      24             0.003565137179495803               
28      37             0.0034983448401144646              
32      39             0.0031258537945623444              
5       8              0.0030709105386946822              
26      54             0.0030290764330838937              
1       52             0.002426227094422473               
1       48             0.0022523321760110626              
35      49             0.0018364233712617195              
27      34             0.0007073227731698717              
28      51             -8.710273445233785e-05             
4       13             -0.0004032658554016799             
4       25             -0.0009362857034140859             
5       52             -0.0010380903697590482             
11      16             -0.0016697038881929027             
47      49             -0.001758788842162462              
11      29             -0.0020399917900120468             
16      34             -0.0022121020876864073             
25      33             -0.0024875699634058224             
26      39             -0.002657457123348833              
2       3              -0.002683298018391067              
7       18             -0.002984665921652141              
9       12             -0.0031658413447998024             
4       36             -0.0035148385276222993             
29      38             -0.0035717764509169414             
29      42             -0.003584416908997079              
9       26             -0.003932253916696937              
18      49             -0.004444958281619726              
17      19             -0.004452491148679183              
7       47             -0.00447563491836922               
25      55             -0.004646636123593284              
37      55             -0.005256292625722914              
48      49             -0.005392268060616379              
43      44             -0.005656313105601635              
20      43             -0.005701094301328785              
25      37             -0.005861582217317474              
14      43             -0.005947310150004798              
3       18             -0.005973633374437792              
32      51             -0.006069956528672205              
12      49             -0.006096790793829965              
6       21             -0.006322386409488706              
7       10             -0.0064651063763676575             
15      43             -0.006584215351098571              
1       30             -0.006732433536500271              
1       17             -0.006767890238382646              
43      45             -0.0068410517567766005             
1       46             -0.006927663013148289              
3       36             -0.0070852246194730295             
12      30             -0.007298143622117004              
17      46             -0.007458164331403672              
2       48             -0.0075786786430397934             
24      35             -0.00840344938397164               
31      37             -0.008489294656370883              
29      40             -0.008581187515979471              
10      43             -0.008854503567422345              
26      55             -0.00937832016197615               
36      54             -0.010070698376843379              
14      52             -0.010450973649960393              
16      23             -0.010690753183286716              
9       29             -0.010918702483931453              
7       31             -0.011945738415537532              
44      52             -0.012334104176222438              
7       55             -0.01331088363843444               
16      26             -0.013342766392061611              
20      29             -0.013420366266975542              
50      52             -0.013477254832881758              
15      52             -0.013684922794045207              
2       18             -0.01388352686716482               
20      52             -0.014012431626974076              
16      38             -0.01409224807153292               
1       19             -0.014416530797648708              
4       32             -0.014722306279848663              
14      29             -0.014795023860860873              
15      29             -0.015239641959646444              
25      32             -0.015463595844844635              
7       45             -0.015670693734456564              
11      50             -0.01569275290751712               
3       47             -0.015796857234700756              
45      52             -0.01607134861060558               
29      44             -0.016152126045103465              
10      52             -0.01622908018517752               
22      24             -0.016274787393677104              
17      24             -0.016309793381100668              
3       13             -0.016328493545923917              
41      53             -0.016334086705279416              
7       20             -0.016687380911985128              
50      55             -0.016810536039239432              
6       16             -0.01692344304224458               
1       12             -0.01692783859327479               
7       15             -0.016934189248819148              
17      49             -0.01703472463347938               
30      54             -0.017061670803487916              
15      54             -0.017093697034374494              
44      54             -0.017272450397747163              
16      22             -0.017403132632662965              
1       49             -0.01753361669960163               
20      54             -0.017856948306695736              
2       47             -0.017975325745875348              
10      54             -0.018335130469853966              
19      33             -0.018511979769724823              
14      54             -0.0186005866662656                
7       44             -0.018682716638599578              
35      55             -0.018691796790283932              
5       53             -0.01939631851224799               
45      54             -0.019807277376449772              
32      35             -0.020343355608460567              
16      21             -0.020624037787076388              
16      42             -0.02087562405268495               
29      31             -0.0210161632035126                
7       14             -0.02109640823796957               
24      48             -0.021365011728085914              
17      20             -0.02144824908719925               
17      44             -0.021735671685647467              
8       37             -0.02195727473038528               
15      17             -0.022314735449433215              
29      50             -0.022505464488412757              
13      20             -0.02254282314059808               
33      35             -0.022566129384737843              
3       27             -0.022936265946668144              
33      50             -0.023059448886792233              
17      45             -0.023119546432788823              
14      49             -0.023385478986693076              
14      17             -0.02348822736453382               
29      45             -0.024063124501933236              
13      44             -0.024237119147912906              
16      25             -0.02425597475358604               
44      49             -0.0244715681040385                
43      55             -0.0244952092655637                
13      14             -0.025087905816508077              
13      15             -0.025421802531570586              
33      53             -0.02564506861852206               
18      24             -0.02578758790948038               
15      49             -0.025855535099207988              
10      13             -0.026093733637129024              
45      49             -0.026202740431092886              
36      55             -0.0262465354667899                
8       22             -0.02639872315583089               
5       18             -0.026449289666777454              
26      53             -0.026664761534482162              
24      47             -0.026705678876792982              
20      49             -0.02697495480799844               
17      28             -0.02705103151698024               
18      30             -0.027176097830109713              
10      29             -0.027401667663525975              
17      51             -0.027406627428505304              
8       46             -0.02752435399095543               
13      18             -0.027538677949860868              
20      48             -0.027714158315382514              
2       6              -0.027812118664824415              
9       25             -0.02799614058674532               
13      45             -0.028337178671050844              
8       42             -0.028364048514897322              
11      43             -0.02843319061111746               
25      27             -0.02850678989116001               
41      43             -0.028655161978361432              
3       41             -0.02867267807464824               
44      48             -0.02895157696331155               
7       30             -0.029012533524180206              
33      42             -0.029496485403980227              
15      48             -0.02962918076408569               
5       47             -0.029708162503775504              
13      47             -0.029773598930993683              
4       12             -0.029934023135575194              
8       38             -0.030059780400069652              
14      48             -0.030342001898726434              
6       51             -0.031104965224008685              
24      51             -0.031210452851800574              
23      33             -0.03122690872508921               
45      48             -0.03139055408496791               
36      41             -0.03156149353469995               
13      55             -0.031581820255756954              
34      46             -0.03170390743461099               
5       27             -0.03183996687819479               
10      17             -0.032257841664504905              
13      40             -0.03230403573853885               
28      48             -0.03241065800384324               
33      38             -0.03248398957066834               
9       23             -0.03280667154886488               
11      33             -0.03318734389558947               
14      33             -0.03322418483579068               
33      46             -0.03328750591236662               
10      49             -0.03343333873205942               
33      44             -0.033437951979653935              
34      54             -0.03350282238642566               
22      54             -0.03364430829794268               
21      43             -0.03377949787679746               
35      51             -0.03386371434214486               
20      33             -0.03403765441620868               
8       21             -0.03409364766680176               
17      42             -0.034392172839978696              
37      41             -0.03489894642014285               
10      33             -0.03496556747446378               
9       32             -0.03512596624379202               
15      33             -0.03617184243709348               
22      43             -0.036340670221611                 
4       41             -0.0366982978779411                
17      38             -0.03693769317274065               
33      45             -0.03712556271755313               
1       36             -0.03758442787543065               
10      48             -0.03783839089091784               
21      54             -0.03912473069884406               
6       19             -0.039222614065292344              
6       46             -0.03998251890083032               
42      48             -0.0407086962709618                
27      53             -0.04080078279722965               
24      33             -0.04133677879777081               
39      55             -0.041646160084251316              
8       43             -0.04181050131040481               
34      49             -0.04181484261944318               
5       39             -0.0423091210093865                
30      47             -0.04240551240834739               
38      54             -0.042633886277457095              
8       19             -0.04320181153833036               
38      48             -0.043231857441498406              
13      24             -0.043306894150463626              
19      28             -0.04471113681603184               
42      54             -0.04502827522544155               
16      31             -0.04524353422758953               
2       36             -0.04532135878144872               
4       17             -0.04555859908438964               
6       36             -0.04583896898061149               
3       7              -0.046008433355138156              
16      55             -0.0468069694198435                
7       11             -0.04705183807123192               
48      50             -0.04735901609213489               
29      36             -0.04740668952058874               
11      49             -0.047543116100894706              
4       9              -0.04759033572047355               
26      49             -0.04785169602756109               
8       35             -0.04837631224917294               
26      38             -0.0490030073097856                
11      35             -0.04924519743468947               
11      52             -0.04930458236627097               
34      53             -0.0494403955072778                
19      34             -0.049724237419586925              
16      39             -0.05037276458798884               
33      55             -0.0505934319760768                
4       48             -0.05074687831830749               
7       12             -0.05144392407380688               
28      46             -0.05157703626771257               
5       43             -0.05161153623740555               
36      48             -0.05169568702989741               
7       23             -0.05273035220236219               
39      48             -0.05290701342141621               
21      49             -0.05296567342327854               
11      17             -0.05325766147373967               
24      27             -0.05349135980655362               
2       4              -0.054104385078081685              
8       34             -0.05426848589671568               
7       38             -0.05442871558636003               
11      26             -0.05512218853043621               
36      42             -0.055299488964296095              
18      37             -0.05535374055348369               
35      53             -0.05540261097710547               
26      36             -0.055538944534225754              
26      42             -0.05561033761795878               
29      32             -0.05569037630660015               
36      50             -0.05585609142300568               
7       42             -0.055983768471859374              
13      53             -0.056042748911733054              
12      31             -0.05625559707718081               
22      52             -0.056547206905563696              
22      49             -0.05667346920513236               
32      46             -0.056703375894767316              
38      49             -0.05681154112551062               
5       17             -0.0569654007612303                
37      54             -0.056994965975057627              
37      47             -0.05737251496749701               
46      54             -0.057372834301206876              
1       23             -0.058007064957884824              
25      53             -0.058047719539531306              
19      54             -0.05818768711110367               
4       42             -0.05821461808143294               
36      38             -0.05899193269067898               
6       53             -0.05962345930583063               
5       48             -0.0597874598873126                
25      41             -0.05979783533519273               
9       33             -0.059916285819195614              
14      50             -0.06052327971790136               
16      19             -0.06081554087702146               
5       24             -0.0612128070720776                
44      50             -0.06139214446008193               
3       9              -0.06184996891660893               
13      23             -0.06189291117501852               
15      50             -0.06190347741529059               
11      48             -0.06191328044251268               
25      46             -0.06205771313484065               
45      50             -0.06244568277603138               
16      24             -0.0626909231115177                
11      13             -0.06278867399952581               
13      42             -0.06328320095307233               
13      38             -0.06348247465497123               
12      24             -0.06349772197191833               
20      50             -0.06376897545224353               
28      50             -0.06408610941049014               
7       54             -0.0644576184263729                
42      49             -0.06467579821113284               
23      49             -0.06483989715853947               
32      50             -0.06492885854481534               
7       29             -0.06499991986589648               
15      26             -0.06533040779529983               
36      40             -0.06591060196698043               
16      40             -0.0660266124814759                
42      53             -0.06623162924346096               
44      55             -0.0667299106332925                
40      53             -0.066985032453619                 
3       17             -0.06707843403747393               
9       42             -0.06717539336478862               
23      36             -0.06719930053578485               
13      21             -0.06747246560494741               
21      52             -0.06770243497336789               
31      52             -0.06804146892041457               
27      45             -0.06812544051064554               
14      55             -0.06830569005518872               
19      40             -0.06852081446717562               
36      51             -0.06866995502030199               
16      46             -0.06880013806573845               
4       38             -0.06928795690370124               
49      55             -0.06928820455591314               
4       37             -0.0693733325596389                
30      37             -0.0693975648600686                
20      55             -0.06954924094725547               
19      32             -0.06977247155050109               
5       28             -0.069818894741702                 
39      53             -0.0701283937263791                
27      29             -0.07033418670718553               
40      46             -0.07062486111725597               
32      52             -0.07074706848113493               
38      53             -0.07075452462568249               
35      54             -0.07082147966077426               
6       12             -0.07095570991177719               
10      50             -0.07099427816663051               
26      45             -0.07144316559778413               
26      44             -0.07178336480706707               
13      22             -0.07178607415723043               
20      26             -0.07181088109881864               
11      55             -0.07185123618802437               
13      26             -0.07216371841294                  
23      54             -0.07225956249031615               
18      52             -0.07226249812222707               
28      43             -0.07251388263033892               
9       38             -0.07288724750593376               
16      54             -0.07298308094459041               
18      43             -0.07298928083554468               
8       52             -0.07308501227417924               
7       22             -0.07311650365795166               
15      55             -0.0731183976517478                
4       29             -0.07316011693107671               
5       55             -0.07320669576462702               
3       35             -0.07345739733177764               
6       40             -0.0736863834878708                
47      54             -0.07394776716089532               
9       31             -0.07429725112856739               
6       27             -0.07437921969876704               
43      47             -0.07442018674892859               
9       43             -0.07515087994429087               
23      35             -0.07524017185346477               
7       39             -0.0752686706255051                
14      26             -0.07530383283991032               
34      55             -0.07531457784265905               
18      54             -0.07534787002672386               
7       24             -0.07554667839449325               
38      52             -0.07559037247557956               
45      55             -0.07589028467993013               
17      23             -0.0758938599298912                
28      42             -0.07600297021894228               
33      39             -0.07634229048050803               
6       25             -0.07650232533116114               
2       28             -0.07686172102012917               
32      40             -0.07687364101265712               
43      54             -0.07720002548790036               
20      47             -0.07724366267686261               
19      25             -0.07731500478158901               
25      49             -0.07764808495291681               
18      20             -0.07795955257877288               
8       28             -0.07814316558800805               
26      43             -0.07818385465775674               
21      55             -0.07821695884186951               
44      47             -0.07837124134718207               
14      47             -0.07837485194740079               
38      55             -0.07838894655133269               
3       48             -0.07845538705803534               
15      47             -0.07847345134429123               
14      28             -0.07852404896157436               
27      38             -0.07895173288417201               
42      52             -0.07902278143439101               
16      48             -0.0791110488493438                
18      44             -0.07914724388790878               
14      18             -0.07924990094872683               
15      18             -0.07933512062701381               
45      47             -0.07935100705451867               
24      54             -0.07937153941249941               
28      38             -0.07966221278374491               
47      52             -0.08002898929327934               
18      45             -0.08035971888208807               
29      41             -0.08041760757677355               
22      55             -0.08050845260689646               
20      28             -0.08060018409243921               
18      55             -0.08066932228455578               
6       8              -0.08103365843611365               
13      30             -0.08115860786509499               
51      55             -0.08122248778180685               
37      52             -0.08128289089890972               
40      51             -0.08161352328629184               
38      50             -0.08182847434152868               
10      55             -0.08190038650145746               
29      54             -0.08235893265530798               
29      53             -0.08237336607216542               
15      28             -0.08268007907877892               
28      44             -0.08304671593834462               
5       42             -0.08338553901109705               
7       16             -0.08338992213694701               
19      43             -0.08354790665195902               
18      25             -0.08370004279982507               
7       34             -0.08378216772880351               
12      23             -0.0838739512788122                
21      33             -0.08443356697448148               
25      47             -0.08494403406964296               
10      26             -0.08518000305255971               
8       29             -0.08521347170323357               
48      55             -0.08533841741924175               
7       21             -0.08535543960638448               
36      44             -0.08536560433291446               
1       43             -0.08547216793855977               
18      27             -0.08572511394902588               
9       21             -0.08591486813353513               
18      34             -0.08601460366085772               
9       22             -0.08607240154291237               
27      42             -0.0861059160194435                
39      49             -0.08615531242614863               
19      41             -0.08624520680079537               
15      36             -0.08632533382348284               
23      48             -0.08635799634261222               
2       19             -0.0867525269259406                
14      27             -0.08704343843003007               
10      47             -0.0871743643839237                
34      47             -0.08718418324750499               
1       13             -0.0874007454077042                
29      51             -0.08755409391344585               
20      36             -0.08781221274579434               
35      38             -0.08796350791521962               
11      36             -0.08801336132583432               
10      18             -0.08819545850920754               
25      39             -0.08826091894116606               
13      16             -0.08839793747592606               
39      54             -0.08845736043150666               
7       50             -0.08852175557546824               
6       24             -0.0885355458451435                
35      42             -0.08882619553765636               
29      46             -0.08898181312331209               
42      55             -0.0890280794143241                
41      46             -0.0891990593053271                
17      36             -0.08936551450914385               
10      27             -0.08954294698098605               
2       32             -0.08966548310172606               
42      50             -0.08979639418956847               
7       13             -0.08980781965680376               
19      55             -0.08980826656449245               
32      36             -0.08986363161903302               
43      46             -0.0898695453561088                
5       35             -0.08998932533312487               
47      55             -0.09038890446545689               
14      36             -0.09038948920377732               
28      45             -0.09086939259876037               
39      50             -0.09099924046211966               
2       46             -0.09100620983399321               
32      41             -0.09108806232442362               
4       35             -0.09141784903010564               
32      53             -0.0917779737611015                
27      47             -0.09187969639045657               
11      47             -0.0919148063652723                
40      52             -0.09199501763697734               
22      33             -0.09231114088181452               
5       38             -0.09234441364605997               
19      29             -0.09236608135674117               
6       43             -0.0924430397700525                
36      39             -0.09290856350578927               
16      32             -0.09304214393536961               
10      51             -0.09359885148515279               
33      41             -0.09409321745799715               
36      45             -0.09410823713397848               
43      51             -0.09538282752390403               
26      52             -0.0954744914635074                
15      27             -0.09549335813444762               
37      53             -0.09564298376535574               
34      52             -0.0957212441272553                
40      50             -0.09573954846980276               
16      50             -0.09586519407643757               
32      54             -0.09587915899129042               
1       29             -0.09630187911510088               
25      51             -0.09648155553135979               
10      28             -0.09685526174651424               
16      28             -0.09688796314727827               
29      52             -0.0970010991213083                
12      26             -0.09707166685196172               
27      44             -0.09745169358316921               
5       11             -0.09747481154287593               
22      50             -0.09798253585743394               
35      45             -0.09823935697761879               
15      35             -0.09829204555810198               
30      51             -0.09829275208312116               
11      18             -0.09832368097298191               
24      49             -0.09880588280745328               
20      27             -0.09899786166414906               
28      53             -0.0995847842982161                
8       33             -0.09989204513158903               
11      27             -0.10028168490696804               
10      36             -0.10077342715939248               
4       23             -0.10125458045038085               
1       39             -0.10129588623118813               
40      49             -0.10133527262898942               
38      47             -0.10167358558835157               
34      38             -0.10173419982419134               
21      50             -0.10207065831547757               
23      50             -0.1023659795864241                
6       41             -0.10268178262000413               
28      34             -0.10276313056844172               
4       53             -0.10288097206458074               
16      33             -0.10342789824815907               
17      39             -0.10368223437899429               
4       54             -0.10373267189435506               
1       51             -0.10386453168758225               
16      17             -0.10396668861654648               
35      44             -0.10439922301242216               
6       54             -0.10475607763262192               
42      47             -0.10515215555134222               
18      42             -0.10558591717145566               
4       33             -0.10581939830460249               
10      35             -0.10599973820747058               
25      38             -0.1063696249462445                
21      36             -0.10638186008214257               
18      38             -0.10657400100645231               
20      35             -0.1065945960820873                
2       10             -0.10661139411552198               
4       8              -0.10668663195603584               
3       10             -0.10671344911157574               
31      41             -0.10703875364328366               
1       53             -0.10730481260309382               
34      42             -0.10736177878437206               
8       17             -0.10751435095191667               
33      49             -0.10773910276453308               
30      36             -0.10790613454867937               
23      27             -0.10799393605543818               
46      55             -0.10802253224624928               
17      50             -0.10818332433464423               
35      43             -0.10820633144135933               
13      39             -0.10833797180489121               
14      34             -0.1087634094786381                
14      35             -0.10906520776143908               
23      25             -0.10963401130476857               
32      43             -0.1104840250737891                
43      49             -0.1112240009296753                
9       36             -0.11130384836400328               
1       40             -0.11193472759079082               
16      29             -0.1121988852871945                
27      43             -0.112341470058997                 
14      51             -0.11241562829118759               
17      32             -0.11281355428201459               
44      51             -0.11286062769998548               
26      34             -0.11302401915906965               
34      44             -0.11320374607427305               
11      25             -0.11320941888865269               
40      54             -0.11354614385611381               
20      34             -0.11365032284206708               
20      51             -0.11417252930851457               
8       32             -0.11419401798591347               
4       40             -0.1146595183388541                
4       45             -0.1147396362124605                
10      25             -0.11490059994366993               
15      34             -0.11492126424969848               
1       16             -0.1151630448811764                
34      45             -0.11518417694595698               
4       16             -0.11536677024399117               
15      51             -0.11555091291986522               
1       47             -0.11574739932915673               
7       19             -0.11577017434266162               
17      29             -0.1158279472399508                
17      40             -0.11610138710235601               
35      41             -0.11650144205024016               
7       46             -0.1165700062981325                
4       11             -0.11659382880188787               
5       49             -0.1167370822955382                
41      49             -0.11702274460852649               
12      19             -0.1170813892839612                
45      51             -0.1172849981253192                
4       20             -0.11735630210167389               
12      46             -0.11768261027487908               
22      51             -0.11771142851736727               
13      25             -0.11777598763319796               
9       54             -0.11807145732069965               
16      36             -0.11814246907819112               
23      28             -0.11822292690431248               
27      52             -0.1183055371726531                
17      43             -0.11857856737637745               
3       43             -0.1187326081048714                
3       45             -0.11881906262231673               
4       15             -0.11920608160006721               
4       44             -0.1192184248136201                
1       54             -0.11939289852579363               
9       53             -0.11988383938099095               
4       31             -0.12005343576550104               
11      34             -0.12037411156044572               
12      39             -0.1204680491552024                
2       14             -0.12052301462822351               
4       10             -0.12055770351522649               
16      18             -0.1205660715560708                
13      51             -0.12061483267043016               
4       14             -0.12074302965988801               
23      53             -0.12082508692736667               
10      34             -0.12115611230584493               
13      28             -0.1215240969513951                
11      51             -0.12170013202945731               
19      37             -0.12178208158296139               
11      28             -0.12192092481403415               
1       18             -0.12192194023737696               
22      47             -0.12205768483718624               
16      41             -0.12241917422016049               
40      48             -0.12267427600649819               
18      22             -0.12273298182032669               
3       20             -0.12282219996471166               
31      47             -0.12286373431984732               
3       44             -0.1230844253799766                
6       28             -0.12325748425389926               
43      48             -0.12331253578945583               
2       20             -0.1233538232873147                
27      50             -0.12343133463898198               
3       14             -0.12365464742817645               
22      36             -0.12381882750223203               
27      41             -0.12392055777798625               
4       26             -0.12395581345828058               
23      52             -0.124104965379462                 
18      39             -0.1246252873210778                
21      47             -0.12469337247536909               
3       15             -0.1247926295429331                
3       5              -0.12494854046679077               
9       16             -0.12500545205105923               
21      35             -0.12513858718654888               
18      31             -0.12553647780324767               
2       15             -0.1255714766840098                
29      48             -0.12564640093330795               
18      21             -0.12566745449523814               
9       39             -0.12574505850880982               
6       35             -0.12586738915518336               
9       27             -0.12622126343145934               
24      50             -0.12672299119412456               
33      36             -0.1267911279247569                
8       54             -0.12689111139756262               
48      54             -0.12693947044309273               
21      51             -0.12706280013398108               
2       13             -0.1270933265305021                
4       39             -0.1271573229843566                
37      50             -0.12722329116971864               
37      46             -0.12722871509492864               
11      37             -0.12782748437729793               
16      47             -0.1280192497915171                
25      42             -0.12811783296759077               
7       43             -0.12831313290305688               
39      47             -0.12852410978683532               
8       41             -0.1288238231757273                
23      47             -0.12886219336176694               
9       50             -0.12953908721973612               
18      23             -0.129623464463536                 
2       45             -0.12987384985625008               
2       44             -0.12988271493719947               
13      27             -0.13011928263379188               
22      35             -0.13030571109047118               
26      50             -0.1304627032656096                
5       23             -0.1304817412879629                
3       11             -0.130775281624777                 
28      39             -0.13114130363106657               
9       48             -0.13131888282614124               
37      39             -0.13135693547045307               
5       36             -0.13162648256973702               
24      28             -0.13170768961411145               
25      44             -0.1322483094573611                
1       45             -0.13233534518977366               
22      37             -0.1324673055221464                
19      49             -0.1330007127874598                
8       27             -0.13346002527869918               
35      52             -0.13370419422426733               
32      48             -0.1338121715019897                
46      49             -0.13405132236127296               
20      25             -0.13410323861396428               
6       29             -0.13436684810160068               
1       10             -0.13437654621169504               
34      39             -0.13444498857464987               
3       40             -0.13496623506497057               
12      21             -0.13567704960405136               
17      37             -0.1361142615832645                
15      25             -0.13659832376324413               
31      55             -0.1368666490489306                
10      31             -0.13742122414194474               
17      55             -0.13795610434635389               
21      37             -0.13856145684942417               
29      35             -0.13856967893954025               
37      48             -0.13893981744842165               
23      37             -0.13910233907922223               
1       20             -0.13954884961643674               
29      37             -0.13978514401257056               
40      55             -0.14032580861686417               
12      48             -0.14043575856466478               
46      51             -0.14085434327599206               
3       6              -0.14096630976013455               
9       17             -0.14116624840993297               
2       38             -0.14137956512936975               
21      26             -0.14173328049779588               
2       11             -0.14216121547332147               
1       15             -0.142213520020273                 
12      22             -0.1423337220689832                
1       44             -0.142795277298832                 
25      45             -0.14289125011175371               
27      39             -0.1435637676542723                
39      52             -0.1441350333988971                
14      25             -0.14432086189638937               
4       28             -0.1443314495840712                
25      54             -0.1443840978287989                
2       42             -0.14457914920472437               
2       25             -0.1446553695254688                
30      43             -0.14515004448989666               
37      38             -0.14531867088937653               
13      50             -0.14542684470606454               
34      40             -0.14567326524650298               
1       14             -0.1457436379891236                
41      51             -0.14579412942185976               
6       9              -0.14587479492730557               
6       17             -0.14641479557795797               
13      35             -0.1466257516805584                
17      54             -0.14766705080828632               
27      51             -0.1479891149556436                
33      37             -0.14836175428715656               
19      50             -0.148777598864016                 
33      47             -0.14921394559022075               
9       52             -0.1495280357228032                
2       41             -0.1498588014273079                
41      52             -0.14991891072888533               
13      19             -0.14993616242497382               
6       47             -0.1500971942334736                
22      26             -0.150679096122443                 
5       19             -0.15078288058005793               
28      40             -0.150808928944653                 
6       18             -0.150885767732667                 
21      27             -0.1510843010052257                
26      40             -0.1513345874960642                
29      49             -0.15173739427878524               
26      41             -0.1519018746113676                
7       26             -0.15211686330999494               
2       5              -0.1522155318232395                
13      49             -0.15255598277761187               
7       48             -0.15310740692854077               
3       26             -0.15368284805236385               
22      27             -0.15434914686114515               
17      53             -0.1546005337620761                
13      46             -0.15511504889816372               
30      41             -0.15521028809736007               
21      25             -0.15539817380892834               
29      43             -0.1555112882569229                
6       26             -0.15577556242924087               
30      53             -0.15588102475219162               
6       13             -0.15592840903817387               
5       34             -0.15624764016480708               
21      53             -0.1567063711116086                
23      30             -0.15712349512600007               
18      33             -0.15713823823434117               
21      30             -0.1572589821279522                
19      51             -0.15750006183346824               
20      31             -0.15782613967752449               
23      51             -0.15792223061092947               
46      50             -0.15841139920046476               
30      32             -0.1585020521614095                
25      40             -0.15891588256196387               
37      42             -0.1598197188488965                
9       37             -0.16000039898180635               
24      41             -0.1605859817182722                
26      33             -0.16105233579309414               
36      46             -0.16126674054343235               
27      36             -0.16223683067777497               
31      44             -0.16243548889835716               
27      55             -0.16267277740726444               
24      46             -0.16287329881205348               
5       9              -0.16448271052950963               
31      40             -0.16449326560365674               
43      50             -0.16529482758423578               
22      30             -0.16532677773483845               
9       30             -0.16575891733007164               
7       17             -0.16604993343801955               
8       55             -0.16625092296825428               
10      30             -0.1662965743328731                
3       21             -0.1664186989617495                
32      55             -0.16684237577137304               
19      36             -0.16706944837869792               
31      39             -0.1671411069371349                
12      38             -0.16719129409347697               
5       54             -0.16746018942632376               
15      31             -0.16746375771567118               
31      43             -0.16771011065009925               
14      31             -0.16829772502179918               
22      53             -0.1685339423965887                
39      51             -0.16862233844860428               
8       36             -0.16933766468602943               
33      51             -0.1698604522920225                
9       19             -0.16986858363947546               
12      17             -0.1700228972211042                
5       40             -0.170383396042323                 
33      52             -0.17057005674263812               
25      43             -0.170822112403879                 
5       10             -0.17204105058239694               
9       46             -0.17231983302153522               
17      41             -0.17247624770834435               
10      53             -0.17270503847686303               
30      38             -0.172807142450919                 
13      32             -0.1731838335650447                
26      37             -0.17356362621391982               
3       33             -0.1735670540360303                
31      42             -0.17378977883435623               
31      45             -0.17389493340951295               
7       28             -0.17391543961738476               
45      53             -0.17417471947700142               
30      42             -0.17441390247585106               
30      52             -0.17445520297510664               
31      38             -0.17554929627248161               
34      41             -0.175858755842418                 
22      25             -0.17590228064113964               
13      17             -0.17590418691207382               
4       46             -0.17592704579255                  
33      48             -0.17595065160543655               
5       45             -0.17596268845729868               
5       15             -0.1759641107402551                
31      53             -0.17618836159019674               
25      52             -0.17645631077800158               
3       23             -0.17650419401630169               
14      37             -0.17725417459105952               
4       19             -0.177315511195945                 
5       20             -0.17756272736473772               
35      40             -0.17764370289963416               
19      24             -0.17797728336211852               
10      37             -0.17818644747111645               
5       44             -0.1783862560717                   
5       46             -0.17856344253469528               
30      40             -0.17874944730475462               
38      51             -0.17891142663802934               
19      27             -0.17926189962429745               
41      48             -0.17938274177483224               
5       14             -0.1795223473795673                
48      52             -0.17974521929152934               
12      42             -0.17984327124227684               
14      53             -0.18010645686714336               
8       48             -0.18036949741052077               
30      39             -0.18038848733418367               
4       21             -0.18051984840885457               
2       39             -0.18068900956595071               
15      37             -0.18091198893507654               
2       40             -0.18095075289536425               
1       11             -0.18122482505937643               
15      53             -0.18140382414059106               
37      45             -0.18146836898612295               
6       48             -0.18165765948179313               
13      48             -0.18176394607727633               
17      52             -0.18220240622976877               
37      44             -0.1823186780489605                
2       33             -0.18263038332465145               
6       34             -0.18297121088984905               
24      29             -0.18324949197583135               
27      46             -0.18382124520612714               
42      51             -0.18496955098414425               
37      51             -0.18510378323117838               
48      53             -0.18557315775879613               
18      32             -0.1858691934471202                
20      37             -0.1859478490693065                
24      42             -0.18618565914338955               
12      45             -0.18623663480537422               
35      47             -0.18646395461066798               
5       41             -0.18671236121154702               
24      32             -0.18716858890584218               
32      47             -0.1872421240902254                
11      31             -0.1873905318879957                
10      24             -0.18746832752954862               
44      53             -0.1883091300868624                
8       49             -0.1885314588472376                
4       22             -0.188655318854408                 
13      29             -0.18891707311969252               
3       19             -0.18914581087117133               
2       23             -0.18938787703683752               
12      35             -0.18958262521312458               
25      35             -0.1896564476726713                
3       46             -0.19012807572786325               
12      40             -0.19024553786018175               
23      24             -0.19049665813179184               
31      54             -0.19077887076573777               
46      52             -0.1910275170090504                
17      33             -0.19120295953801003               
13      33             -0.19128302725259164               
20      53             -0.19143304522747706               
26      47             -0.19189936049451525               
47      48             -0.19211329889098194               
17      47             -0.19223048403150453               
19      52             -0.1922700207614107                
18      48             -0.19357249287436423               
18      35             -0.19366364031223746               
17      18             -0.19442083861002396               
12      51             -0.19443452538732608               
23      31             -0.19481183418594022               
24      38             -0.19502486592979507               
9       49             -0.19535084957130988               
22      31             -0.1957420554814323                
28      54             -0.1961711628648939                
20      30             -0.19651885891405355               
14      24             -0.19800116492675435               
14      30             -0.19979905619219743               
11      30             -0.20008061780311787               
15      30             -0.20011379109290992               
30      44             -0.20031053092696993               
30      45             -0.2020044888418155                
21      31             -0.20201997882932887               
13      34             -0.20284128384094519               
7       35             -0.20296718820011297               
19      31             -0.203217160171412                 
33      43             -0.20328948664693397               
3       22             -0.20345490002042738               
18      26             -0.20363270321144153               
5       21             -0.2047800575621241                
12      44             -0.20506104259934144               
1       38             -0.20567153143062447               
31      46             -0.20771659274944332               
20      24             -0.20868854038803514               
12      15             -0.2088379722859539                
12      20             -0.2093781212259721                
1       42             -0.20940381221489213               
12      14             -0.2095995282500328                
24      44             -0.209700884967903                 
15      24             -0.2101034086710296                
34      51             -0.21119103436658074               
3       38             -0.21126163484863317               
2       21             -0.21132060200015423               
24      45             -0.2114663406878941                
10      12             -0.21195737371913811               
30      46             -0.21419282669910705               
5       26             -0.2143442259566125                
8       18             -0.2169180881332968                
11      53             -0.21697038472864227               
5       22             -0.21697267870251202               
41      50             -0.21753437541655077               
19      30             -0.21767573325280865               
3       39             -0.21817636070075708               
8       47             -0.21839435452395495               
11      24             -0.21947378112279983               
11      12             -0.2196643255550362                
8       25             -0.22186036699803524               
2       43             -0.22248305735486873               
2       22             -0.22377778635272152               
28      52             -0.2248611451814523                
3       42             -0.2256257727727573                
24      39             -0.2278960049751118                
27      31             -0.23301172140117887               
1       50             -0.2402653506109574                
1       41             -0.2410203663556587                
8       31             -0.24226997129097094               
43      53             -0.24338895283772238               
8       12             -0.25465084175154007               
9       35             -0.2574752691242822                
25      50             -0.26955047112065106               
47      50             -0.27103075094241746               
34      43             -0.27226361815126465               
18      50             -0.2756486574536099                
