#======================================================================
# PARAMETERS USED FOR THIS COMPUTATION: 
#      Sequence type: RNA
#      Total number of sequences in alignment data: 1
#      Length of sequences in alignment data: 36
#      Effective number of sequences: 1.0
#      Value of sequence identity: 0.8
#      Value of relative pseudocount: 0.5
# The First and Second columns represent sites and the
# Third column is MFDCA Frobenius norm, average product corrected (APC) DCA score
#======================================================================
15      20             3.608224830031759e-15              
15      19             3.552713678800501e-15              
3       4              3.4416913763379853e-15             
15      16             3.3861802251067274e-15             
16      17             3.3306690738754696e-15             
16      18             3.3306690738754696e-15             
15      18             3.2751579226442118e-15             
15      17             3.164135620181696e-15              
2       4              3.1086244689504383e-15             
17      18             2.9976021664879227e-15             
7       8              2.942091015256665e-15              
2       3              2.6645352591003757e-15             
10      12             2.6645352591003757e-15             
1       4              2.609024107869118e-15              
5       9              2.4980018054066022e-15             
10      11             2.3869795029440866e-15             
14      18             2.3869795029440866e-15             
10      20             2.3314683517128287e-15             
1       2              2.275957200481571e-15              
10      19             2.220446049250313e-15              
2       9              2.1649348980190553e-15             
11      15             2.1649348980190553e-15             
11      17             2.1649348980190553e-15             
14      17             2.1649348980190553e-15             
1       3              2.1094237467877974e-15             
6       8              2.1094237467877974e-15             
1       9              2.0539125955565396e-15             
6       7              2.0539125955565396e-15             
11      16             2.0539125955565396e-15             
11      18             2.0539125955565396e-15             
13      17             2.0539125955565396e-15             
13      18             2.0539125955565396e-15             
3       5              1.9984014443252818e-15             
11      14             1.9984014443252818e-15             
9       12             1.9984014443252818e-15             
14      15             1.9984014443252818e-15             
11      13             1.942890293094024e-15              
14      19             1.887379141862766e-15              
14      20             1.887379141862766e-15              
12      19             1.887379141862766e-15              
4       9              1.8318679906315083e-15             
5       10             1.8318679906315083e-15             
2       10             1.8318679906315083e-15             
3       6              1.8318679906315083e-15             
12      20             1.8318679906315083e-15             
8       12             1.8318679906315083e-15             
14      16             1.8318679906315083e-15             
13      15             1.8318679906315083e-15             
31      34             1.7763568394002505e-15             
33      34             1.7763568394002505e-15             
12      15             1.7763568394002505e-15             
34      35             1.7208456881689926e-15             
34      36             1.7208456881689926e-15             
13      16             1.7208456881689926e-15             
12      17             1.7208456881689926e-15             
7       10             1.6653345369377348e-15             
7       9              1.6653345369377348e-15             
31      32             1.6653345369377348e-15             
32      33             1.6653345369377348e-15             
32      34             1.6653345369377348e-15             
31      33             1.6653345369377348e-15             
31      35             1.6653345369377348e-15             
31      36             1.6653345369377348e-15             
33      35             1.6653345369377348e-15             
33      36             1.6653345369377348e-15             
35      36             1.6653345369377348e-15             
17      19             1.6653345369377348e-15             
17      20             1.6653345369377348e-15             
12      18             1.6653345369377348e-15             
1       10             1.609823385706477e-15              
8       19             1.609823385706477e-15              
29      31             1.609823385706477e-15              
29      34             1.609823385706477e-15              
30      34             1.609823385706477e-15              
30      35             1.609823385706477e-15              
32      35             1.609823385706477e-15              
32      36             1.609823385706477e-15              
28      33             1.609823385706477e-15              
28      34             1.609823385706477e-15              
28      35             1.609823385706477e-15              
8       20             1.5543122344752192e-15             
29      30             1.5543122344752192e-15             
29      32             1.5543122344752192e-15             
30      32             1.5543122344752192e-15             
29      35             1.5543122344752192e-15             
29      36             1.5543122344752192e-15             
30      31             1.5543122344752192e-15             
28      31             1.5543122344752192e-15             
28      36             1.5543122344752192e-15             
13      14             1.5543122344752192e-15             
12      16             1.5543122344752192e-15             
9       20             1.4988010832439613e-15             
28      29             1.4988010832439613e-15             
28      30             1.4988010832439613e-15             
28      32             1.4988010832439613e-15             
29      33             1.4988010832439613e-15             
30      33             1.4988010832439613e-15             
4       10             1.4432899320127035e-15             
3       10             1.4432899320127035e-15             
9       19             1.4432899320127035e-15             
30      36             1.4432899320127035e-15             
12      14             1.4432899320127035e-15             
1       5              1.3877787807814457e-15             
6       9              1.3877787807814457e-15             
9       11             1.3322676295501878e-15             
6       10             1.3322676295501878e-15             
8       9              1.3322676295501878e-15             
3       9              1.27675647831893e-15               
7       12             1.27675647831893e-15               
12      13             1.27675647831893e-15               
9       10             1.2212453270876722e-15             
1       6              1.2212453270876722e-15             
2       6              1.1657341758564144e-15             
13      19             1.1102230246251565e-15             
13      20             1.1102230246251565e-15             
7       19             1.0547118733938987e-15             
5       6              9.992007221626409e-16              
7       20             9.992007221626409e-16              
3       7              9.992007221626409e-16              
16      19             9.992007221626409e-16              
16      20             9.992007221626409e-16              
4       5              8.881784197001252e-16              
8       10             8.881784197001252e-16              
3       8              8.881784197001252e-16              
8       11             8.881784197001252e-16              
7       11             8.326672684688674e-16              
6       12             8.326672684688674e-16              
21      22             7.216449660063518e-16              
4       6              6.661338147750939e-16              
22      24             6.661338147750939e-16              
11      12             6.106226635438361e-16              
18      19             6.106226635438361e-16              
21      23             6.106226635438361e-16              
21      24             6.106226635438361e-16              
23      24             6.106226635438361e-16              
18      20             5.551115123125783e-16              
22      23             5.551115123125783e-16              
22      25             5.551115123125783e-16              
22      26             5.551115123125783e-16              
22      27             5.551115123125783e-16              
23      25             5.551115123125783e-16              
23      26             5.551115123125783e-16              
24      26             5.551115123125783e-16              
24      27             5.551115123125783e-16              
25      26             5.551115123125783e-16              
21      25             4.996003610813204e-16              
21      26             4.996003610813204e-16              
21      27             4.996003610813204e-16              
23      27             4.996003610813204e-16              
24      25             4.996003610813204e-16              
25      27             4.996003610813204e-16              
26      27             4.996003610813204e-16              
6       19             4.440892098500626e-16              
6       20             4.440892098500626e-16              
11      20             3.3306690738754696e-16             
23      33             3.3306690738754696e-16             
23      35             3.3306690738754696e-16             
24      34             3.3306690738754696e-16             
25      33             3.3306690738754696e-16             
26      33             3.3306690738754696e-16             
27      28             3.3306690738754696e-16             
27      31             3.3306690738754696e-16             
27      33             3.3306690738754696e-16             
27      34             3.3306690738754696e-16             
27      35             3.3306690738754696e-16             
2       23             3.3306690738754696e-16             
11      19             2.7755575615628914e-16             
22      32             2.7755575615628914e-16             
23      29             2.7755575615628914e-16             
27      29             2.7755575615628914e-16             
27      30             2.7755575615628914e-16             
27      32             2.7755575615628914e-16             
21      31             2.7755575615628914e-16             
21      33             2.7755575615628914e-16             
22      28             2.7755575615628914e-16             
22      31             2.7755575615628914e-16             
22      34             2.7755575615628914e-16             
23      28             2.7755575615628914e-16             
23      31             2.7755575615628914e-16             
23      34             2.7755575615628914e-16             
24      28             2.7755575615628914e-16             
24      35             2.7755575615628914e-16             
25      28             2.7755575615628914e-16             
25      34             2.7755575615628914e-16             
25      35             2.7755575615628914e-16             
26      28             2.7755575615628914e-16             
26      31             2.7755575615628914e-16             
26      34             2.7755575615628914e-16             
26      35             2.7755575615628914e-16             
2       22             2.7755575615628914e-16             
2       25             2.7755575615628914e-16             
2       27             2.7755575615628914e-16             
6       11             2.220446049250313e-16              
21      32             2.220446049250313e-16              
22      30             2.220446049250313e-16              
23      30             2.220446049250313e-16              
23      32             2.220446049250313e-16              
24      29             2.220446049250313e-16              
24      30             2.220446049250313e-16              
24      32             2.220446049250313e-16              
25      29             2.220446049250313e-16              
25      30             2.220446049250313e-16              
25      32             2.220446049250313e-16              
26      29             2.220446049250313e-16              
26      30             2.220446049250313e-16              
26      32             2.220446049250313e-16              
21      28             2.220446049250313e-16              
21      34             2.220446049250313e-16              
21      35             2.220446049250313e-16              
22      33             2.220446049250313e-16              
22      35             2.220446049250313e-16              
23      36             2.220446049250313e-16              
24      31             2.220446049250313e-16              
24      33             2.220446049250313e-16              
24      36             2.220446049250313e-16              
25      31             2.220446049250313e-16              
27      36             2.220446049250313e-16              
2       21             2.220446049250313e-16              
2       24             2.220446049250313e-16              
2       26             2.220446049250313e-16              
5       24             1.6653345369377348e-16             
5       25             1.6653345369377348e-16             
5       27             1.6653345369377348e-16             
1       23             1.6653345369377348e-16             
21      29             1.6653345369377348e-16             
21      30             1.6653345369377348e-16             
22      29             1.6653345369377348e-16             
25      36             1.6653345369377348e-16             
26      36             1.6653345369377348e-16             
2       5              1.1102230246251565e-16             
5       22             1.1102230246251565e-16             
5       23             1.1102230246251565e-16             
21      36             1.1102230246251565e-16             
22      36             1.1102230246251565e-16             
2       35             5.551115123125783e-17              
5       26             5.551115123125783e-17              
1       21             5.551115123125783e-17              
1       25             5.551115123125783e-17              
2       28             0.0                                
2       34             0.0                                
5       21             0.0                                
1       26             0.0                                
1       27             0.0                                
20      22             -5.551115123125783e-17             
2       31             -5.551115123125783e-17             
2       33             -5.551115123125783e-17             
2       36             -5.551115123125783e-17             
1       22             -5.551115123125783e-17             
13      22             -5.551115123125783e-17             
4       22             -1.1102230246251565e-16            
4       25             -1.1102230246251565e-16            
4       27             -1.1102230246251565e-16            
19      22             -1.1102230246251565e-16            
2       29             -1.1102230246251565e-16            
2       30             -1.1102230246251565e-16            
2       32             -1.1102230246251565e-16            
1       24             -1.1102230246251565e-16            
13      23             -1.1102230246251565e-16            
13      24             -1.1102230246251565e-16            
13      25             -1.1102230246251565e-16            
13      26             -1.1102230246251565e-16            
13      27             -1.1102230246251565e-16            
1       8              -1.6653345369377348e-16            
4       21             -1.6653345369377348e-16            
4       23             -1.6653345369377348e-16            
19      24             -1.6653345369377348e-16            
20      23             -1.6653345369377348e-16            
20      24             -1.6653345369377348e-16            
13      21             -1.6653345369377348e-16            
2       17             -1.6653345369377348e-16            
17      21             -1.6653345369377348e-16            
18      24             -1.6653345369377348e-16            
5       29             -2.220446049250313e-16             
1       28             -2.220446049250313e-16             
4       24             -2.220446049250313e-16             
4       26             -2.220446049250313e-16             
19      21             -2.220446049250313e-16             
20      21             -2.220446049250313e-16             
20      26             -2.220446049250313e-16             
2       18             -2.220446049250313e-16             
18      23             -2.220446049250313e-16             
5       32             -2.7755575615628914e-16            
5       28             -2.7755575615628914e-16            
5       31             -2.7755575615628914e-16            
5       33             -2.7755575615628914e-16            
5       34             -2.7755575615628914e-16            
1       7              -2.7755575615628914e-16            
19      23             -2.7755575615628914e-16            
19      25             -2.7755575615628914e-16            
20      25             -2.7755575615628914e-16            
5       18             -2.7755575615628914e-16            
17      22             -2.7755575615628914e-16            
17      23             -2.7755575615628914e-16            
18      21             -2.7755575615628914e-16            
18      22             -2.7755575615628914e-16            
5       30             -3.3306690738754696e-16            
5       35             -3.3306690738754696e-16            
5       36             -3.3306690738754696e-16            
1       31             -3.3306690738754696e-16            
1       33             -3.3306690738754696e-16            
1       34             -3.3306690738754696e-16            
1       35             -3.3306690738754696e-16            
19      27             -3.3306690738754696e-16            
20      27             -3.3306690738754696e-16            
6       21             -3.3306690738754696e-16            
6       27             -3.3306690738754696e-16            
7       22             -3.3306690738754696e-16            
7       25             -3.3306690738754696e-16            
7       26             -3.3306690738754696e-16            
14      21             -3.3306690738754696e-16            
14      24             -3.3306690738754696e-16            
17      25             -3.3306690738754696e-16            
18      25             -3.3306690738754696e-16            
18      26             -3.3306690738754696e-16            
4       8              -3.885780586188048e-16             
1       29             -3.885780586188048e-16             
1       32             -3.885780586188048e-16             
1       36             -3.885780586188048e-16             
19      26             -3.885780586188048e-16             
13      28             -3.885780586188048e-16             
13      34             -3.885780586188048e-16             
6       24             -3.885780586188048e-16             
6       25             -3.885780586188048e-16             
8       21             -3.885780586188048e-16             
8       22             -3.885780586188048e-16             
8       24             -3.885780586188048e-16             
2       16             -3.885780586188048e-16             
7       21             -3.885780586188048e-16             
7       23             -3.885780586188048e-16             
7       24             -3.885780586188048e-16             
14      22             -3.885780586188048e-16             
16      23             -3.885780586188048e-16             
16      24             -3.885780586188048e-16             
17      24             -3.885780586188048e-16             
17      26             -3.885780586188048e-16             
17      27             -3.885780586188048e-16             
18      27             -3.885780586188048e-16             
4       28             -4.440892098500626e-16             
4       34             -4.440892098500626e-16             
1       30             -4.440892098500626e-16             
2       8              -4.440892098500626e-16             
13      32             -4.440892098500626e-16             
3       23             -4.440892098500626e-16             
13      31             -4.440892098500626e-16             
13      33             -4.440892098500626e-16             
6       22             -4.440892098500626e-16             
6       23             -4.440892098500626e-16             
6       26             -4.440892098500626e-16             
8       23             -4.440892098500626e-16             
14      23             -4.440892098500626e-16             
14      25             -4.440892098500626e-16             
14      26             -4.440892098500626e-16             
16      25             -4.440892098500626e-16             
16      26             -4.440892098500626e-16             
16      27             -4.440892098500626e-16             
4       29             -4.996003610813204e-16             
20      28             -4.996003610813204e-16             
20      31             -4.996003610813204e-16             
20      33             -4.996003610813204e-16             
20      34             -4.996003610813204e-16             
5       8              -4.996003610813204e-16             
13      29             -4.996003610813204e-16             
13      30             -4.996003610813204e-16             
3       24             -4.996003610813204e-16             
3       26             -4.996003610813204e-16             
13      35             -4.996003610813204e-16             
13      36             -4.996003610813204e-16             
8       25             -4.996003610813204e-16             
8       26             -4.996003610813204e-16             
7       27             -4.996003610813204e-16             
14      27             -4.996003610813204e-16             
16      21             -4.996003610813204e-16             
16      22             -4.996003610813204e-16             
4       30             -5.551115123125783e-16             
4       32             -5.551115123125783e-16             
4       33             -5.551115123125783e-16             
4       36             -5.551115123125783e-16             
19      28             -5.551115123125783e-16             
19      33             -5.551115123125783e-16             
20      35             -5.551115123125783e-16             
3       21             -5.551115123125783e-16             
3       22             -5.551115123125783e-16             
3       25             -5.551115123125783e-16             
1       18             -5.551115123125783e-16             
17      28             -5.551115123125783e-16             
18      34             -5.551115123125783e-16             
3       11             -6.106226635438361e-16             
4       31             -6.106226635438361e-16             
4       35             -6.106226635438361e-16             
4       7              -6.106226635438361e-16             
19      30             -6.106226635438361e-16             
19      32             -6.106226635438361e-16             
20      29             -6.106226635438361e-16             
20      30             -6.106226635438361e-16             
20      32             -6.106226635438361e-16             
19      31             -6.106226635438361e-16             
19      34             -6.106226635438361e-16             
19      35             -6.106226635438361e-16             
3       12             -6.106226635438361e-16             
4       18             -6.106226635438361e-16             
5       16             -6.106226635438361e-16             
3       27             -6.106226635438361e-16             
7       28             -6.106226635438361e-16             
7       34             -6.106226635438361e-16             
11      21             -6.106226635438361e-16             
11      22             -6.106226635438361e-16             
11      24             -6.106226635438361e-16             
11      25             -6.106226635438361e-16             
11      26             -6.106226635438361e-16             
11      27             -6.106226635438361e-16             
5       17             -6.106226635438361e-16             
1       17             -6.106226635438361e-16             
8       27             -6.106226635438361e-16             
17      33             -6.106226635438361e-16             
17      34             -6.106226635438361e-16             
18      32             -6.106226635438361e-16             
18      28             -6.106226635438361e-16             
18      33             -6.106226635438361e-16             
18      35             -6.106226635438361e-16             
18      36             -6.106226635438361e-16             
19      29             -6.661338147750939e-16             
1       16             -6.661338147750939e-16             
11      23             -6.661338147750939e-16             
14      28             -6.661338147750939e-16             
14      34             -6.661338147750939e-16             
17      30             -6.661338147750939e-16             
17      32             -6.661338147750939e-16             
17      31             -6.661338147750939e-16             
17      36             -6.661338147750939e-16             
18      29             -6.661338147750939e-16             
18      30             -6.661338147750939e-16             
18      31             -6.661338147750939e-16             
15      22             -6.661338147750939e-16             
3       20             -7.216449660063518e-16             
20      36             -7.216449660063518e-16             
3       34             -7.216449660063518e-16             
8       34             -7.216449660063518e-16             
7       29             -7.216449660063518e-16             
7       32             -7.216449660063518e-16             
14      32             -7.216449660063518e-16             
7       31             -7.216449660063518e-16             
7       33             -7.216449660063518e-16             
9       22             -7.216449660063518e-16             
14      31             -7.216449660063518e-16             
16      28             -7.216449660063518e-16             
17      29             -7.216449660063518e-16             
17      35             -7.216449660063518e-16             
15      23             -7.216449660063518e-16             
15      26             -7.216449660063518e-16             
3       19             -7.771561172376096e-16             
19      36             -7.771561172376096e-16             
3       28             -7.771561172376096e-16             
6       30             -7.771561172376096e-16             
8       30             -7.771561172376096e-16             
8       32             -7.771561172376096e-16             
6       28             -7.771561172376096e-16             
6       33             -7.771561172376096e-16             
6       34             -7.771561172376096e-16             
8       28             -7.771561172376096e-16             
8       33             -7.771561172376096e-16             
7       30             -7.771561172376096e-16             
14      29             -7.771561172376096e-16             
14      30             -7.771561172376096e-16             
7       36             -7.771561172376096e-16             
9       24             -7.771561172376096e-16             
14      33             -7.771561172376096e-16             
14      35             -7.771561172376096e-16             
14      36             -7.771561172376096e-16             
1       15             -7.771561172376096e-16             
16      32             -7.771561172376096e-16             
16      34             -7.771561172376096e-16             
16      35             -7.771561172376096e-16             
15      21             -7.771561172376096e-16             
15      24             -7.771561172376096e-16             
3       32             -8.326672684688674e-16             
11      29             -8.326672684688674e-16             
3       33             -8.326672684688674e-16             
11      33             -8.326672684688674e-16             
11      34             -8.326672684688674e-16             
4       16             -8.326672684688674e-16             
6       32             -8.326672684688674e-16             
4       17             -8.326672684688674e-16             
8       31             -8.326672684688674e-16             
5       15             -8.326672684688674e-16             
7       35             -8.326672684688674e-16             
9       21             -8.326672684688674e-16             
16      31             -8.326672684688674e-16             
16      33             -8.326672684688674e-16             
2       15             -8.326672684688674e-16             
15      25             -8.326672684688674e-16             
11      32             -8.881784197001252e-16             
3       31             -8.881784197001252e-16             
11      28             -8.881784197001252e-16             
11      36             -8.881784197001252e-16             
8       29             -8.881784197001252e-16             
6       31             -8.881784197001252e-16             
8       36             -8.881784197001252e-16             
10      21             -8.881784197001252e-16             
10      22             -8.881784197001252e-16             
10      23             -8.881784197001252e-16             
3       15             -8.881784197001252e-16             
9       23             -8.881784197001252e-16             
9       25             -8.881784197001252e-16             
9       26             -8.881784197001252e-16             
9       27             -8.881784197001252e-16             
2       13             -8.881784197001252e-16             
16      29             -8.881784197001252e-16             
16      30             -8.881784197001252e-16             
16      36             -8.881784197001252e-16             
7       16             -8.881784197001252e-16             
6       17             -8.881784197001252e-16             
7       15             -8.881784197001252e-16             
15      27             -8.881784197001252e-16             
3       29             -9.43689570931383e-16              
3       30             -9.43689570931383e-16              
11      31             -9.43689570931383e-16              
11      35             -9.43689570931383e-16              
5       7              -9.43689570931383e-16              
4       15             -9.43689570931383e-16              
6       29             -9.43689570931383e-16              
8       35             -9.43689570931383e-16              
10      24             -9.43689570931383e-16              
6       16             -9.43689570931383e-16              
6       18             -9.43689570931383e-16              
7       18             -9.43689570931383e-16              
12      23             -9.43689570931383e-16              
3       36             -9.992007221626409e-16             
6       35             -9.992007221626409e-16             
6       36             -9.992007221626409e-16             
10      25             -9.992007221626409e-16             
10      26             -9.992007221626409e-16             
10      27             -9.992007221626409e-16             
2       7              -9.992007221626409e-16             
7       14             -9.992007221626409e-16             
11      30             -1.0547118733938987e-15            
3       35             -1.0547118733938987e-15            
7       13             -1.0547118733938987e-15            
3       17             -1.0547118733938987e-15            
8       16             -1.0547118733938987e-15            
8       15             -1.0547118733938987e-15            
15      30             -1.0547118733938987e-15            
15      32             -1.0547118733938987e-15            
15      28             -1.0547118733938987e-15            
15      34             -1.0547118733938987e-15            
8       18             -1.0547118733938987e-15            
12      24             -1.0547118733938987e-15            
12      25             -1.0547118733938987e-15            
12      26             -1.0547118733938987e-15            
2       14             -1.1102230246251565e-15            
6       15             -1.1102230246251565e-15            
15      33             -1.1102230246251565e-15            
8       17             -1.1102230246251565e-15            
7       17             -1.1102230246251565e-15            
12      22             -1.1102230246251565e-15            
12      27             -1.1102230246251565e-15            
4       13             -1.1657341758564144e-15            
4       14             -1.1657341758564144e-15            
10      28             -1.1657341758564144e-15            
9       34             -1.1657341758564144e-15            
9       36             -1.1657341758564144e-15            
5       14             -1.1657341758564144e-15            
1       13             -1.1657341758564144e-15            
1       14             -1.1657341758564144e-15            
8       13             -1.1657341758564144e-15            
3       18             -1.1657341758564144e-15            
15      31             -1.1657341758564144e-15            
15      35             -1.1657341758564144e-15            
15      36             -1.1657341758564144e-15            
12      21             -1.1657341758564144e-15            
9       30             -1.2212453270876722e-15            
9       28             -1.2212453270876722e-15            
9       35             -1.2212453270876722e-15            
3       16             -1.2212453270876722e-15            
8       14             -1.2212453270876722e-15            
10      34             -1.27675647831893e-15              
9       32             -1.27675647831893e-15              
9       31             -1.27675647831893e-15              
9       33             -1.27675647831893e-15              
5       13             -1.27675647831893e-15              
10      32             -1.3322676295501878e-15            
10      31             -1.3322676295501878e-15            
10      33             -1.3322676295501878e-15            
10      36             -1.3322676295501878e-15            
9       29             -1.3322676295501878e-15            
12      28             -1.3322676295501878e-15            
15      29             -1.3322676295501878e-15            
10      29             -1.3877787807814457e-15            
10      30             -1.3877787807814457e-15            
10      35             -1.3877787807814457e-15            
3       14             -1.3877787807814457e-15            
9       15             -1.3877787807814457e-15            
9       18             -1.3877787807814457e-15            
9       16             -1.4432899320127035e-15            
12      30             -1.4432899320127035e-15            
12      31             -1.4432899320127035e-15            
12      33             -1.4432899320127035e-15            
12      34             -1.4432899320127035e-15            
3       13             -1.4988010832439613e-15            
10      16             -1.4988010832439613e-15            
10      15             -1.4988010832439613e-15            
9       17             -1.4988010832439613e-15            
12      29             -1.4988010832439613e-15            
12      32             -1.4988010832439613e-15            
12      36             -1.4988010832439613e-15            
10      14             -1.5543122344752192e-15            
5       12             -1.5543122344752192e-15            
6       14             -1.5543122344752192e-15            
10      17             -1.5543122344752192e-15            
12      35             -1.5543122344752192e-15            
6       13             -1.609823385706477e-15             
10      18             -1.609823385706477e-15             
2       12             -1.609823385706477e-15             
9       13             -1.6653345369377348e-15            
1       12             -1.6653345369377348e-15            
4       12             -1.7208456881689926e-15            
10      13             -1.7763568394002505e-15            
5       19             -1.887379141862766e-15             
9       14             -1.887379141862766e-15             
4       19             -1.942890293094024e-15             
19      20             -1.942890293094024e-15             
5       20             -1.942890293094024e-15             
1       19             -1.9984014443252818e-15            
2       19             -2.1094237467877974e-15            
4       20             -2.1649348980190553e-15            
4       11             -2.1649348980190553e-15            
1       20             -2.1649348980190553e-15            
2       20             -2.220446049250313e-15             
5       11             -2.275957200481571e-15             
2       11             -2.275957200481571e-15             
1       11             -2.3314683517128287e-15            
