#======================================================================
# PARAMETERS USED FOR THIS COMPUTATION: 
#      Sequence type: RNA
#      Total number of sequences in alignment data: 1
#      Length of sequences in alignment data: 37
#      Effective number of sequences: 1.0
#      Value of sequence identity: 0.8
#      Value of relative pseudocount: 0.5
# The First and Second columns represent sites and the
# Third column is MFDCA Frobenius norm, average product corrected (APC) DCA score
#======================================================================
10      21             3.6637359812630166e-15             
10      22             3.6637359812630166e-15             
12      14             3.497202527569243e-15              
2       3              3.4416913763379853e-15             
12      18             3.4416913763379853e-15             
12      15             3.3861802251067274e-15             
12      16             3.3861802251067274e-15             
12      13             3.2751579226442118e-15             
12      17             3.2751579226442118e-15             
12      20             3.219646771412954e-15              
3       6              3.164135620181696e-15              
12      19             2.942091015256665e-15              
1       2              2.886579864025407e-15              
6       7              2.831068712794149e-15              
9       21             2.7755575615628914e-15             
8       22             2.7755575615628914e-15             
18      20             2.7755575615628914e-15             
9       22             2.7200464103316335e-15             
8       21             2.7200464103316335e-15             
1       10             2.6645352591003757e-15             
10      12             2.609024107869118e-15              
15      21             2.55351295663786e-15               
10      11             2.55351295663786e-15               
12      22             2.4980018054066022e-15             
7       22             2.4980018054066022e-15             
14      21             2.4980018054066022e-15             
14      22             2.4980018054066022e-15             
18      19             2.4980018054066022e-15             
7       21             2.4424906541753444e-15             
15      22             2.4424906541753444e-15             
7       8              2.4424906541753444e-15             
3       7              2.3869795029440866e-15             
14      18             2.3869795029440866e-15             
12      21             2.3314683517128287e-15             
3       5              2.3314683517128287e-15             
1       9              2.275957200481571e-15              
11      18             2.275957200481571e-15              
35      36             2.220446049250313e-15              
13      14             2.1649348980190553e-15             
4       9              2.1094237467877974e-15             
11      13             2.1094237467877974e-15             
35      37             2.1094237467877974e-15             
36      37             2.1094237467877974e-15             
14      17             2.1094237467877974e-15             
17      18             2.1094237467877974e-15             
1       4              2.0539125955565396e-15             
6       8              2.0539125955565396e-15             
34      36             2.0539125955565396e-15             
14      20             2.0539125955565396e-15             
5       9              1.9984014443252818e-15             
13      22             1.9984014443252818e-15             
34      35             1.9984014443252818e-15             
17      20             1.9984014443252818e-15             
5       10             1.942890293094024e-15              
11      17             1.942890293094024e-15              
11      14             1.942890293094024e-15              
34      37             1.942890293094024e-15              
13      18             1.942890293094024e-15              
6       22             1.887379141862766e-15              
13      16             1.887379141862766e-15              
13      21             1.8318679906315083e-15             
13      15             1.8318679906315083e-15             
11      20             1.8318679906315083e-15             
14      19             1.8318679906315083e-15             
13      20             1.8318679906315083e-15             
6       21             1.7763568394002505e-15             
11      21             1.7763568394002505e-15             
11      19             1.7763568394002505e-15             
8       12             1.7763568394002505e-15             
14      15             1.7763568394002505e-15             
11      22             1.7208456881689926e-15             
14      16             1.7208456881689926e-15             
2       9              1.6653345369377348e-15             
11      15             1.6653345369377348e-15             
17      19             1.6653345369377348e-15             
8       11             1.6653345369377348e-15             
11      16             1.6653345369377348e-15             
13      17             1.6653345369377348e-15             
15      18             1.6653345369377348e-15             
16      18             1.6653345369377348e-15             
16      20             1.609823385706477e-15              
1       5              1.5543122344752192e-15             
9       12             1.5543122344752192e-15             
15      20             1.5543122344752192e-15             
9       11             1.4432899320127035e-15             
13      19             1.4432899320127035e-15             
16      17             1.4432899320127035e-15             
7       9              1.3877787807814457e-15             
3       8              1.3877787807814457e-15             
15      17             1.3877787807814457e-15             
3       22             1.3322676295501878e-15             
2       10             1.3322676295501878e-15             
4       10             1.3322676295501878e-15             
7       10             1.3322676295501878e-15             
3       21             1.27675647831893e-15               
7       12             1.27675647831893e-15               
19      20             1.27675647831893e-15               
3       9              1.1657341758564144e-15             
15      19             1.1657341758564144e-15             
16      19             1.1657341758564144e-15             
5       6              1.1102230246251565e-15             
6       10             1.1102230246251565e-15             
6       9              1.1102230246251565e-15             
4       6              1.1102230246251565e-15             
7       11             1.1102230246251565e-15             
15      16             1.1102230246251565e-15             
3       10             1.0547118733938987e-15             
3       4              1.0547118733938987e-15             
8       9              1.0547118733938987e-15             
8       10             9.992007221626409e-16              
2       6              9.43689570931383e-16               
9       10             7.771561172376096e-16              
1       6              7.771561172376096e-16              
2       4              7.216449660063518e-16              
6       12             4.996003610813204e-16              
1       29             4.440892098500626e-16              
29      30             4.440892098500626e-16              
1       3              3.885780586188048e-16              
6       11             3.885780586188048e-16              
11      12             3.885780586188048e-16              
4       28             3.885780586188048e-16              
19      24             3.885780586188048e-16              
19      26             3.885780586188048e-16              
1       24             3.885780586188048e-16              
1       23             3.885780586188048e-16              
1       27             3.885780586188048e-16              
1       33             3.885780586188048e-16              
1       31             3.885780586188048e-16              
27      36             3.885780586188048e-16              
26      30             3.885780586188048e-16              
26      33             3.885780586188048e-16              
23      29             3.885780586188048e-16              
25      31             3.885780586188048e-16              
26      29             3.885780586188048e-16              
26      31             3.885780586188048e-16              
27      29             3.885780586188048e-16              
30      31             3.885780586188048e-16              
31      33             3.885780586188048e-16              
2       5              3.3306690738754696e-16             
2       27             3.3306690738754696e-16             
2       30             3.3306690738754696e-16             
4       23             3.3306690738754696e-16             
4       25             3.3306690738754696e-16             
4       26             3.3306690738754696e-16             
4       30             3.3306690738754696e-16             
19      23             3.3306690738754696e-16             
19      27             3.3306690738754696e-16             
19      28             3.3306690738754696e-16             
19      30             3.3306690738754696e-16             
19      32             3.3306690738754696e-16             
19      33             3.3306690738754696e-16             
19      29             3.3306690738754696e-16             
19      31             3.3306690738754696e-16             
1       25             3.3306690738754696e-16             
1       28             3.3306690738754696e-16             
1       30             3.3306690738754696e-16             
1       32             3.3306690738754696e-16             
25      36             3.3306690738754696e-16             
30      34             3.3306690738754696e-16             
30      36             3.3306690738754696e-16             
20      33             3.3306690738754696e-16             
23      28             3.3306690738754696e-16             
23      30             3.3306690738754696e-16             
23      32             3.3306690738754696e-16             
25      30             3.3306690738754696e-16             
25      32             3.3306690738754696e-16             
26      27             3.3306690738754696e-16             
26      28             3.3306690738754696e-16             
26      32             3.3306690738754696e-16             
27      30             3.3306690738754696e-16             
27      32             3.3306690738754696e-16             
28      30             3.3306690738754696e-16             
30      33             3.3306690738754696e-16             
25      29             3.3306690738754696e-16             
27      31             3.3306690738754696e-16             
28      29             3.3306690738754696e-16             
29      32             3.3306690738754696e-16             
29      33             3.3306690738754696e-16             
29      31             3.3306690738754696e-16             
4       5              2.7755575615628914e-16             
3       12             2.7755575615628914e-16             
4       34             2.7755575615628914e-16             
19      37             2.7755575615628914e-16             
4       24             2.7755575615628914e-16             
19      34             2.7755575615628914e-16             
19      35             2.7755575615628914e-16             
19      36             2.7755575615628914e-16             
2       25             2.7755575615628914e-16             
2       26             2.7755575615628914e-16             
2       32             2.7755575615628914e-16             
2       33             2.7755575615628914e-16             
4       27             2.7755575615628914e-16             
4       32             2.7755575615628914e-16             
4       33             2.7755575615628914e-16             
2       29             2.7755575615628914e-16             
2       31             2.7755575615628914e-16             
4       29             2.7755575615628914e-16             
4       31             2.7755575615628914e-16             
19      25             2.7755575615628914e-16             
1       26             2.7755575615628914e-16             
20      34             2.7755575615628914e-16             
24      36             2.7755575615628914e-16             
30      37             2.7755575615628914e-16             
16      23             2.7755575615628914e-16             
16      25             2.7755575615628914e-16             
16      26             2.7755575615628914e-16             
16      28             2.7755575615628914e-16             
17      23             2.7755575615628914e-16             
17      27             2.7755575615628914e-16             
17      28             2.7755575615628914e-16             
17      30             2.7755575615628914e-16             
23      34             2.7755575615628914e-16             
25      34             2.7755575615628914e-16             
26      34             2.7755575615628914e-16             
26      36             2.7755575615628914e-16             
27      34             2.7755575615628914e-16             
30      35             2.7755575615628914e-16             
32      34             2.7755575615628914e-16             
32      36             2.7755575615628914e-16             
33      36             2.7755575615628914e-16             
16      31             2.7755575615628914e-16             
17      31             2.7755575615628914e-16             
20      23             2.7755575615628914e-16             
20      26             2.7755575615628914e-16             
20      30             2.7755575615628914e-16             
20      32             2.7755575615628914e-16             
23      24             2.7755575615628914e-16             
24      30             2.7755575615628914e-16             
29      34             2.7755575615628914e-16             
29      36             2.7755575615628914e-16             
20      29             2.7755575615628914e-16             
20      31             2.7755575615628914e-16             
23      25             2.7755575615628914e-16             
23      27             2.7755575615628914e-16             
23      33             2.7755575615628914e-16             
24      29             2.7755575615628914e-16             
24      31             2.7755575615628914e-16             
25      26             2.7755575615628914e-16             
25      28             2.7755575615628914e-16             
25      33             2.7755575615628914e-16             
27      28             2.7755575615628914e-16             
27      33             2.7755575615628914e-16             
28      32             2.7755575615628914e-16             
30      32             2.7755575615628914e-16             
23      31             2.7755575615628914e-16             
28      31             2.7755575615628914e-16             
31      32             2.7755575615628914e-16             
4       36             2.220446049250313e-16              
1       37             2.220446049250313e-16              
2       23             2.220446049250313e-16              
1       34             2.220446049250313e-16              
1       35             2.220446049250313e-16              
16      34             2.220446049250313e-16              
16      24             2.220446049250313e-16              
17      24             2.220446049250313e-16              
20      36             2.220446049250313e-16              
24      34             2.220446049250313e-16              
32      37             2.220446049250313e-16              
16      27             2.220446049250313e-16              
16      30             2.220446049250313e-16              
16      32             2.220446049250313e-16              
16      33             2.220446049250313e-16              
17      26             2.220446049250313e-16              
17      32             2.220446049250313e-16              
17      33             2.220446049250313e-16              
20      24             2.220446049250313e-16              
23      35             2.220446049250313e-16              
23      36             2.220446049250313e-16              
25      35             2.220446049250313e-16              
28      35             2.220446049250313e-16              
28      36             2.220446049250313e-16              
31      37             2.220446049250313e-16              
32      35             2.220446049250313e-16              
16      29             2.220446049250313e-16              
17      29             2.220446049250313e-16              
20      25             2.220446049250313e-16              
20      28             2.220446049250313e-16              
24      26             2.220446049250313e-16              
24      27             2.220446049250313e-16              
24      28             2.220446049250313e-16              
24      32             2.220446049250313e-16              
24      33             2.220446049250313e-16              
29      35             2.220446049250313e-16              
31      34             2.220446049250313e-16              
31      35             2.220446049250313e-16              
31      36             2.220446049250313e-16              
23      26             2.220446049250313e-16              
25      27             2.220446049250313e-16              
28      33             2.220446049250313e-16              
32      33             2.220446049250313e-16              
2       34             1.6653345369377348e-16             
2       35             1.6653345369377348e-16             
4       35             1.6653345369377348e-16             
5       29             1.6653345369377348e-16             
2       24             1.6653345369377348e-16             
2       28             1.6653345369377348e-16             
1       36             1.6653345369377348e-16             
16      36             1.6653345369377348e-16             
17      34             1.6653345369377348e-16             
17      35             1.6653345369377348e-16             
17      36             1.6653345369377348e-16             
20      37             1.6653345369377348e-16             
20      35             1.6653345369377348e-16             
23      37             1.6653345369377348e-16             
24      35             1.6653345369377348e-16             
26      37             1.6653345369377348e-16             
33      37             1.6653345369377348e-16             
17      25             1.6653345369377348e-16             
26      35             1.6653345369377348e-16             
27      35             1.6653345369377348e-16             
28      34             1.6653345369377348e-16             
29      37             1.6653345369377348e-16             
33      34             1.6653345369377348e-16             
33      35             1.6653345369377348e-16             
20      27             1.6653345369377348e-16             
24      25             1.6653345369377348e-16             
5       24             1.1102230246251565e-16             
4       37             1.1102230246251565e-16             
5       25             1.1102230246251565e-16             
5       26             1.1102230246251565e-16             
5       28             1.1102230246251565e-16             
5       30             1.1102230246251565e-16             
2       36             1.1102230246251565e-16             
17      37             1.1102230246251565e-16             
25      37             1.1102230246251565e-16             
27      37             1.1102230246251565e-16             
28      37             1.1102230246251565e-16             
16      22             5.551115123125783e-17              
2       37             5.551115123125783e-17              
5       23             5.551115123125783e-17              
5       27             5.551115123125783e-17              
5       32             5.551115123125783e-17              
5       33             5.551115123125783e-17              
16      37             5.551115123125783e-17              
16      35             5.551115123125783e-17              
24      37             5.551115123125783e-17              
5       7              0.0                                
5       37             0.0                                
5       34             0.0                                
5       35             0.0                                
5       36             0.0                                
2       7              0.0                                
4       8              0.0                                
5       31             0.0                                
16      21             -5.551115123125783e-17             
5       8              -1.1102230246251565e-16            
8       26             -1.1102230246251565e-16            
18      26             -1.1102230246251565e-16            
8       32             -1.3877787807814457e-16            
8       33             -1.3877787807814457e-16            
8       29             -1.3877787807814457e-16            
3       11             -1.6653345369377348e-16            
8       37             -1.6653345369377348e-16            
8       28             -1.6653345369377348e-16            
8       30             -1.6653345369377348e-16            
18      25             -1.6653345369377348e-16            
18      32             -1.6653345369377348e-16            
18      29             -1.6653345369377348e-16            
8       24             -1.942890293094024e-16             
15      26             -1.942890293094024e-16             
7       32             -1.942890293094024e-16             
8       23             -1.942890293094024e-16             
8       25             -1.942890293094024e-16             
18      23             -1.942890293094024e-16             
18      28             -1.942890293094024e-16             
18      30             -1.942890293094024e-16             
18      33             -1.942890293094024e-16             
18      31             -1.942890293094024e-16             
8       34             -2.220446049250313e-16             
8       36             -2.220446049250313e-16             
7       30             -2.220446049250313e-16             
8       27             -2.220446049250313e-16             
7       29             -2.220446049250313e-16             
7       31             -2.220446049250313e-16             
8       31             -2.220446049250313e-16             
8       35             -2.498001805406602e-16             
13      30             -2.498001805406602e-16             
13      32             -2.498001805406602e-16             
15      24             -2.498001805406602e-16             
13      31             -2.498001805406602e-16             
15      30             -2.498001805406602e-16             
7       33             -2.498001805406602e-16             
18      34             -2.498001805406602e-16             
18      24             -2.498001805406602e-16             
13      34             -2.7755575615628914e-16            
3       29             -2.7755575615628914e-16            
7       37             -2.7755575615628914e-16            
7       34             -2.7755575615628914e-16            
13      26             -2.7755575615628914e-16            
15      28             -2.7755575615628914e-16            
15      32             -2.7755575615628914e-16            
7       26             -2.7755575615628914e-16            
15      29             -2.7755575615628914e-16            
15      31             -2.7755575615628914e-16            
13      24             -3.0531133177191805e-16            
13      23             -3.0531133177191805e-16            
13      25             -3.0531133177191805e-16            
13      28             -3.0531133177191805e-16            
13      33             -3.0531133177191805e-16            
13      29             -3.0531133177191805e-16            
15      23             -3.0531133177191805e-16            
15      25             -3.0531133177191805e-16            
15      27             -3.0531133177191805e-16            
15      33             -3.0531133177191805e-16            
7       28             -3.0531133177191805e-16            
3       28             -3.3306690738754696e-16            
3       32             -3.3306690738754696e-16            
15      34             -3.3306690738754696e-16            
7       36             -3.3306690738754696e-16            
7       23             -3.3306690738754696e-16            
7       25             -3.3306690738754696e-16            
14      24             -3.3306690738754696e-16            
18      36             -3.3306690738754696e-16            
18      27             -3.3306690738754696e-16            
3       26             -3.608224830031759e-16             
6       26             -3.608224830031759e-16             
13      36             -3.608224830031759e-16             
15      35             -3.608224830031759e-16             
18      37             -3.608224830031759e-16             
14      23             -3.608224830031759e-16             
14      26             -3.608224830031759e-16             
14      28             -3.608224830031759e-16             
18      35             -3.608224830031759e-16             
14      29             -3.608224830031759e-16             
14      31             -3.608224830031759e-16             
22      30             -3.885780586188048e-16             
13      35             -3.885780586188048e-16             
15      37             -3.885780586188048e-16             
3       31             -3.885780586188048e-16             
15      36             -3.885780586188048e-16             
7       35             -3.885780586188048e-16             
13      27             -3.885780586188048e-16             
7       24             -3.885780586188048e-16             
14      27             -3.885780586188048e-16             
14      33             -3.885780586188048e-16             
13      37             -4.163336342344337e-16             
3       23             -4.163336342344337e-16             
3       25             -4.163336342344337e-16             
3       30             -4.163336342344337e-16             
3       33             -4.163336342344337e-16             
6       29             -4.163336342344337e-16             
14      25             -4.163336342344337e-16             
14      30             -4.163336342344337e-16             
14      32             -4.163336342344337e-16             
22      36             -4.440892098500626e-16             
22      27             -4.440892098500626e-16             
22      29             -4.440892098500626e-16             
22      31             -4.440892098500626e-16             
3       34             -4.440892098500626e-16             
6       28             -4.440892098500626e-16             
6       30             -4.440892098500626e-16             
6       32             -4.440892098500626e-16             
7       27             -4.440892098500626e-16             
14      34             -4.440892098500626e-16             
6       23             -4.718447854656915e-16             
6       31             -4.718447854656915e-16             
14      35             -4.718447854656915e-16             
14      36             -4.718447854656915e-16             
21      36             -4.996003610813204e-16             
22      34             -4.996003610813204e-16             
22      35             -4.996003610813204e-16             
21      23             -4.996003610813204e-16             
21      27             -4.996003610813204e-16             
21      32             -4.996003610813204e-16             
22      24             -4.996003610813204e-16             
21      29             -4.996003610813204e-16             
22      23             -4.996003610813204e-16             
22      25             -4.996003610813204e-16             
22      26             -4.996003610813204e-16             
22      28             -4.996003610813204e-16             
22      32             -4.996003610813204e-16             
22      33             -4.996003610813204e-16             
4       7              -4.996003610813204e-16             
3       37             -4.996003610813204e-16             
6       37             -4.996003610813204e-16             
6       25             -4.996003610813204e-16             
3       35             -5.273559366969494e-16             
3       36             -5.273559366969494e-16             
6       34             -5.273559366969494e-16             
3       24             -5.273559366969494e-16             
3       27             -5.273559366969494e-16             
6       27             -5.273559366969494e-16             
21      34             -5.551115123125783e-16             
21      24             -5.551115123125783e-16             
21      25             -5.551115123125783e-16             
21      26             -5.551115123125783e-16             
21      28             -5.551115123125783e-16             
21      30             -5.551115123125783e-16             
21      33             -5.551115123125783e-16             
21      31             -5.551115123125783e-16             
6       35             -5.551115123125783e-16             
6       36             -5.551115123125783e-16             
6       24             -5.551115123125783e-16             
14      37             -5.551115123125783e-16             
9       32             -5.828670879282072e-16             
6       33             -5.828670879282072e-16             
5       22             -6.106226635438361e-16             
21      35             -6.106226635438361e-16             
9       26             -6.106226635438361e-16             
9       29             -6.106226635438361e-16             
9       24             -6.38378239159465e-16              
10      30             -6.38378239159465e-16              
9       30             -6.38378239159465e-16              
21      37             -6.661338147750939e-16             
22      37             -6.661338147750939e-16             
10      32             -6.661338147750939e-16             
10      33             -6.661338147750939e-16             
9       28             -6.661338147750939e-16             
10      29             -6.661338147750939e-16             
1       8              -6.661338147750939e-16             
9       31             -6.661338147750939e-16             
9       34             -6.938893903907228e-16             
9       25             -6.938893903907228e-16             
9       33             -6.938893903907228e-16             
10      31             -6.938893903907228e-16             
5       21             -7.216449660063518e-16             
9       23             -7.216449660063518e-16             
10      34             -7.494005416219807e-16             
10      26             -7.494005416219807e-16             
9       27             -7.494005416219807e-16             
9       37             -7.771561172376096e-16             
10      36             -7.771561172376096e-16             
10      23             -7.771561172376096e-16             
10      35             -8.049116928532385e-16             
9       35             -8.049116928532385e-16             
10      28             -8.049116928532385e-16             
10      37             -8.326672684688674e-16             
9       36             -8.326672684688674e-16             
10      25             -8.326672684688674e-16             
10      24             -8.604228440844963e-16             
10      27             -8.604228440844963e-16             
4       14             -9.992007221626409e-16             
8       14             -1.0269562977782698e-15            
2       18             -1.0547118733938987e-15            
7       14             -1.0547118733938987e-15            
1       18             -1.0824674490095276e-15            
2       21             -1.1102230246251565e-15            
4       21             -1.1102230246251565e-15            
4       22             -1.1102230246251565e-15            
2       15             -1.1379786002407855e-15            
4       18             -1.1379786002407855e-15            
2       22             -1.1657341758564144e-15            
1       22             -1.1657341758564144e-15            
5       14             -1.1657341758564144e-15            
4       16             -1.2212453270876722e-15            
4       17             -1.2212453270876722e-15            
5       18             -1.2212453270876722e-15            
2       14             -1.2212453270876722e-15            
11      24             -1.2212453270876722e-15            
11      23             -1.2212453270876722e-15            
11      29             -1.2212453270876722e-15            
11      31             -1.2212453270876722e-15            
2       16             -1.2490009027033011e-15            
2       17             -1.2490009027033011e-15            
4       20             -1.2490009027033011e-15            
1       20             -1.2490009027033011e-15            
4       13             -1.27675647831893e-15              
5       17             -1.27675647831893e-15              
11      25             -1.27675647831893e-15              
8       18             -1.27675647831893e-15              
1       21             -1.304512053934559e-15             
2       8              -1.304512053934559e-15             
1       17             -1.304512053934559e-15             
11      28             -1.304512053934559e-15             
11      30             -1.304512053934559e-15             
11      26             -1.3322676295501878e-15            
11      32             -1.3322676295501878e-15            
11      33             -1.3322676295501878e-15            
4       15             -1.3600232051658168e-15            
7       13             -1.3600232051658168e-15            
11      34             -1.3600232051658168e-15            
11      27             -1.3600232051658168e-15            
2       20             -1.3877787807814457e-15            
1       14             -1.3877787807814457e-15            
5       20             -1.4155343563970746e-15            
11      37             -1.4155343563970746e-15            
11      35             -1.4155343563970746e-15            
7       18             -1.4155343563970746e-15            
5       13             -1.4432899320127035e-15            
5       15             -1.4710455076283324e-15            
5       16             -1.4710455076283324e-15            
1       13             -1.4710455076283324e-15            
1       7              -1.4710455076283324e-15            
8       13             -1.4710455076283324e-15            
11      36             -1.4710455076283324e-15            
3       14             -1.4710455076283324e-15            
5       12             -1.4988010832439613e-15            
2       13             -1.4988010832439613e-15            
1       15             -1.4988010832439613e-15            
6       14             -1.4988010832439613e-15            
10      14             -1.5265566588595902e-15            
1       16             -1.5265566588595902e-15            
8       17             -1.5543122344752192e-15            
7       17             -1.582067810090848e-15             
3       18             -1.582067810090848e-15             
8       20             -1.582067810090848e-15             
19      21             -1.6375789613221059e-15            
4       19             -1.6375789613221059e-15            
1       19             -1.6375789613221059e-15            
3       15             -1.6375789613221059e-15            
7       20             -1.6375789613221059e-15            
6       15             -1.6653345369377348e-15            
19      22             -1.6930901125533637e-15            
5       11             -1.6930901125533637e-15            
6       18             -1.6930901125533637e-15            
2       19             -1.7208456881689926e-15            
9       14             -1.7208456881689926e-15            
8       15             -1.7208456881689926e-15            
5       19             -1.7486012637846216e-15            
3       13             -1.7486012637846216e-15            
6       16             -1.7486012637846216e-15            
7       15             -1.7486012637846216e-15            
3       17             -1.7763568394002505e-15            
10      18             -1.7763568394002505e-15            
17      21             -1.8041124150158794e-15            
17      22             -1.887379141862766e-15             
6       17             -1.887379141862766e-15             
9       18             -1.887379141862766e-15             
3       20             -1.915134717478395e-15             
6       20             -1.942890293094024e-15             
10      17             -1.9984014443252818e-15            
8       16             -1.9984014443252818e-15            
4       12             -2.0261570199409107e-15            
10      13             -2.0261570199409107e-15            
7       19             -2.0261570199409107e-15            
8       19             -2.0261570199409107e-15            
3       16             -2.0261570199409107e-15            
7       16             -2.0261570199409107e-15            
9       13             -2.0539125955565396e-15            
9       15             -2.0539125955565396e-15            
6       13             -2.0539125955565396e-15            
9       20             -2.0816681711721685e-15            
10      20             -2.1094237467877974e-15            
4       11             -2.192690473634684e-15             
1       11             -2.192690473634684e-15             
9       17             -2.248201624865942e-15             
6       19             -2.3037127760972e-15               
3       19             -2.3592239273284576e-15            
9       16             -2.3869795029440866e-15            
12      28             -2.3869795029440866e-15            
10      15             -2.4147350785597155e-15            
1       12             -2.4147350785597155e-15            
9       19             -2.4424906541753444e-15            
2       12             -2.4424906541753444e-15            
12      26             -2.4424906541753444e-15            
20      22             -2.4702462297909733e-15            
12      25             -2.4702462297909733e-15            
12      27             -2.4702462297909733e-15            
12      29             -2.4702462297909733e-15            
12      31             -2.4702462297909733e-15            
10      19             -2.4980018054066022e-15            
12      23             -2.4980018054066022e-15            
12      30             -2.4980018054066022e-15            
12      33             -2.4980018054066022e-15            
20      21             -2.525757381022231e-15             
12      34             -2.525757381022231e-15             
12      24             -2.525757381022231e-15             
12      32             -2.525757381022231e-15             
12      36             -2.55351295663786e-15              
10      16             -2.581268532253489e-15             
12      35             -2.581268532253489e-15             
12      37             -2.6367796834847468e-15            
2       11             -2.6922908347160046e-15            
18      21             -2.6922908347160046e-15            
18      22             -2.6922908347160046e-15            
21      22             -2.942091015256665e-15             
