#======================================================================
# PARAMETERS USED FOR THIS COMPUTATION: 
#      Sequence type: RNA
#      Total number of sequences in alignment data: 101
#      Length of sequences in alignment data: 48
#      Effective number of sequences: 4.837480094542893
#      Value of sequence identity: 0.8
#      Value of relative pseudocount: 0.5
# The First and Second columns represent sites and the
# Third column is MFDCA Frobenius norm, average product corrected (APC) DCA score
#======================================================================
10      37             2.1800870256128855                 
2       47             2.138422936027932                  
1       48             1.7701659185428718                 
8       41             1.7305636709149574                 
20      27             0.7473032911155175                 
12      35             0.6264503829888558                 
18      27             0.6076294757414942                 
12      20             0.5629236622779409                 
27      40             0.561953914599                     
5       16             0.5279112504310022                 
11      36             0.5169018145195067                 
21      26             0.4677879984085234                 
7       32             0.45134210652416473                
44      46             0.4506347191220708                 
6       43             0.43217416984217966                
21      32             0.4098061583694761                 
20      22             0.4090125064247701                 
19      47             0.4082111815320033                 
3       47             0.39494602751945407                
31      42             0.3807824147997869                 
22      24             0.37175503202291804                
18      40             0.3703818080814271                 
16      23             0.36012527963625973                
5       23             0.35340214192020797                
15      31             0.35187119637675773                
30      44             0.34663038153248776                
12      22             0.34091996982473993                
17      30             0.34084227784717724                
15      42             0.3397085929572637                 
12      48             0.33969665139298105                
26      32             0.33900740817008096                
3       45             0.33424034770794353                
3       46             0.33271259896859195                
21      23             0.3281056475500134                 
26      40             0.3261878053751374                 
3       44             0.3178761848406172                 
17      44             0.3178338732351786                 
10      19             0.3130446489853455                 
30      46             0.3062995328340887                 
10      27             0.30453854048448226                
5       45             0.3018136030105276                 
16      45             0.300221517394099                  
16      28             0.2940855160221702                 
7       21             0.293762348996692                  
2       19             0.2904579025021017                 
2       3              0.28468591233702156                
4       45             0.28115179037734905                
35      45             0.2756477850716659                 
4       18             0.2716720368111592                 
20      41             0.264499546916896                  
17      46             0.2638378053608663                 
6       19             0.2625319296063658                 
19      43             0.26253192960636534                
27      37             0.2597347496027789                 
19      37             0.25664634592482904                
12      27             0.2564954827838397                 
7       38             0.25462111153185235                
25      45             0.2520377898044129                 
13      15             0.25099406646973677                
6       30             0.2426654853008125                 
30      43             0.2426654853008121                 
7       28             0.24106622063268818                
7       26             0.23830608196048797                
32      38             0.23687941496792808                
28      38             0.23609903099345692                
20      21             0.23462921545392823                
28      45             0.23164424522794802                
5       32             0.23022974868375878                
29      39             0.22561234981111591                
34      39             0.2256123498111157                 
29      34             0.22561234981111486                
14      39             0.2256123498111101                 
14      34             0.22561234981110934                
14      29             0.22561234981110856                
16      25             0.22534020409689637                
14      33             0.22529764178361356                
9       14             0.22529764178361186                
9       34             0.2252976417836108                 
9       39             0.2252976417836107                 
9       29             0.22529764178361064                
33      34             0.2252976417836054                 
29      33             0.2252976417836032                 
33      39             0.22529764178360312                
26      27             0.2245340265438217                 
28      43             0.22245611082610706                
6       28             0.22245611082610428                
5       25             0.2221258350482314                 
4       26             0.21989547967507816                
9       33             0.21931289320648048                
18      22             0.21793527424067471                
13      39             0.2141742890406867                 
13      14             0.21417428904068447                
13      29             0.2141742890406837                 
13      34             0.21417428904068353                
23      25             0.21379959753718275                
2       18             0.21059542631511813                
18      47             0.20934227990415627                
13      33             0.20896208623683316                
9       13             0.20896208623683157                
17      31             0.20800787123465186                
30      31             0.20693469242559953                
17      42             0.20543969756209995                
30      42             0.2046817215070315                 
33      36             0.20360366800658025                
9       36             0.20360366800657434                
11      14             0.20352973017346535                
11      34             0.20352973017346362                
11      39             0.2035297301734635                 
11      29             0.2035297301734633                 
6       17             0.20321431300933385                
17      43             0.20321431300933374                
29      36             0.20299602916830767                
34      36             0.20299602916830745                
14      36             0.20299602916830398                
36      39             0.20299602916830273                
19      28             0.20253887349154454                
16      32             0.20221392226564627                
4       16             0.2004380288437823                 
11      33             0.1986055209735211                 
9       11             0.19860552097351558                
25      28             0.19650965638770024                
13      36             0.1952487598183251                 
23      45             0.19478956215157683                
38      43             0.1926034545424381                 
6       38             0.19260345454243455                
11      13             0.1908663707864925                 
7       31             0.1900380933433422                 
25      30             0.18899426094819916                
7       42             0.18783223226981405                
15      17             0.18266066352579213                
15      30             0.18234329397116572                
17      25             0.18118296571456588                
6       8              0.17865896562161798                
8       43             0.1786589656216167                 
22      27             0.17820422602247238                
4       5              0.17788158198950244                
4       25             0.17462852113674665                
17      28             0.17263451425223014                
4       28             0.1720392735916988                 
21      22             0.17182924452551257                
7       15             0.16701100099112332                
30      38             0.16668257283272003                
41      43             0.16319310438741275                
6       41             0.16319310438741141                
38      44             0.16316198495182227                
10      26             0.1611749356837266                 
3       30             0.16113193144908156                
4       8              0.1607060103816983                 
4       47             0.15948106240126925                
18      20             0.15835436784540913                
7       45             0.15547373655877222                
35      39             0.15491043320418477                
34      35             0.15491043320418094                
29      35             0.15491043320418083                
14      35             0.15491043320417894                
4       46             0.15463170216975392                
1       31             0.15269236997743957                
22      23             0.1525717422480487                 
28      30             0.1511714294556693                 
33      35             0.15072631284584367                
9       35             0.1507263128458395                 
42      48             0.14972571968057513                
1       42             0.14900746432343087                
31      48             0.14879330640720395                
3       23             0.14741753590660361                
3       17             0.14723678000541318                
31      45             0.14716605214417972                
3       4              0.14688077364430385                
6       25             0.14489727738771607                
25      43             0.1448972773877112                 
7       24             0.14426979948664848                
22      40             0.14402034965193555                
8       20             0.14163293620659945                
25      42             0.14155281038246803                
25      31             0.14062963561096686                
12      40             0.14046006465059674                
13      35             0.13816821127494328                
15      48             0.1360199558326955                 
7       30             0.135282725645829                  
42      45             0.13516785021702238                
17      38             0.13375375291108943                
23      44             0.1327081459156017                 
24      28             0.13202740732400814                
20      24             0.13135083868782615                
1       7              0.13084464804243112                
25      32             0.13084365805351683                
15      25             0.12950003132300408                
23      26             0.12909829743714096                
35      36             0.12811801922365568                
1       15             0.12796335342875803                
38      46             0.12718719318866967                
32      43             0.1271553099989911                 
6       32             0.12715530999899038                
19      26             0.12672971085837037                
7       25             0.12627327113942322                
1       18             0.12550246761733314                
11      35             0.12527870317284473                
4       7              0.12302542928216542                
7       17             0.12298860646982024                
1       17             0.12122330467562298                
18      26             0.12098682852466364                
3       48             0.12006264554489376                
20      26             0.11549781234226608                
3       38             0.11372563221941778                
5       40             0.11359558280385601                
8       30             0.11353884054524532                
23      46             0.11324944717244972                
30      41             0.11194923075427998                
19      30             0.11192836870174433                
6       44             0.11189630025961078                
43      44             0.11189630025960667                
7       22             0.11127959827452732                
23      37             0.11071720371385918                
2       4              0.11058595745700078                
10      20             0.1096774386882573                 
1       12             0.10876906449692442                
2       37             0.10670402357892372                
19      40             0.10492747556631427                
22      28             0.10310125761939831                
15      45             0.10309664834924404                
4       40             0.1023792320822719                 
18      24             0.09845718111046228                
2       40             0.0976407891891593                 
17      19             0.09696147149683892                
4       48             0.09628590888352906                
45      48             0.09618555769567633                
1       21             0.09559346593753121                
3       41             0.09230233817802225                
14      18             0.09157259227513298                
18      34             0.09157259227513143                
18      29             0.09157259227513115                
18      39             0.09157259227512998                
2       36             0.08932886576738028                
7       48             0.0889131595125015                 
5       37             0.08829922619051422                
21      48             0.08697693380486421                
1       3              0.08575706887146212                
36      47             0.08573495775461851                
27      41             0.08522429676744903                
40      47             0.08434714220887074                
4       23             0.08429725999391108                
19      38             0.08422057226197727                
1       45             0.08416143926066472                
17      35             0.08400344494958684                
16      40             0.08351792470999803                
42      44             0.08350254695836934                
31      44             0.08341207371666215                
37      47             0.081852546614824                  
21      38             0.08146516716993979                
9       24             0.08108771819867538                
24      33             0.08108771819867108                
25      44             0.08061495412307257                
19      27             0.08041882147623403                
3       22             0.08027235916998249                
2       11             0.07983858220981685                
5       7              0.07870998907501892                
37      44             0.07831220502595648                
24      27             0.07627840376328657                
18      33             0.0755424626648338                 
9       18             0.0755424626648287                 
4       31             0.07511802703138737                
17      48             0.07501549627934734                
5       28             0.07494310100325335                
13      24             0.07441435190232015                
28      32             0.07376507149087136                
4       42             0.07326293496167208                
6       46             0.07307021591785928                
43      46             0.07307021591785784                
3       16             0.07300727343436642                
24      34             0.0729622993587575                 
24      29             0.07296229935875734                
14      24             0.07296229935875603                
24      39             0.07296229935875537                
20      40             0.07291935076398154                
2       12             0.07262923491871764                
21      25             0.07190088599075778                
3       5              0.07185402407750235                
11      24             0.07142099834650403                
19      25             0.07074484774938078                
25      46             0.06991596889184187                
13      18             0.06860537949352163                
12      24             0.06722839070043476                
4       35             0.06708059756186352                
11      47             0.06689155843637834                
2       8              0.06652298266026574                
15      44             0.06550226818491639                
21      31             0.06548432765086126                
5       14             0.0653381446719909                 
5       29             0.06533814467198984                
5       34             0.06533814467198984                
5       39             0.06533814467198823                
3       7              0.0650823411059609                 
17      45             0.06461930133421845                
31      46             0.06461673635623405                
17      41             0.06402209872639691                
8       25             0.0637129791433636                 
21      42             0.0632677945747217                 
16      46             0.06321629454924416                
24      36             0.0630398514038541                 
24      38             0.061833191363705936               
5       33             0.061549691113225335               
5       9              0.06154969111322328                
1       32             0.06149243576057556                
3       24             0.0612954656041928                 
8       17             0.06107133387706554                
18      36             0.060554923357053425               
40      45             0.06031755040976583                
5       13             0.060110464859963963               
4       37             0.06001652455394624                
3       8              0.05985151198914629                
8       12             0.0597531759757734                 
22      26             0.05964795707034726                
7       16             0.058937372235655594               
42      46             0.058511287718061356               
24      32             0.05850742983461754                
25      40             0.05654517864036057                
2       10             0.05636431599765579                
41      44             0.056186477267334556               
32      45             0.055871684759352835               
4       15             0.055852120517555726               
28      40             0.054630035969308155               
30      45             0.05406467811769433                
4       41             0.05371349517619284                
4       30             0.05306011857143278                
25      41             0.05263599561449123                
8       19             0.052343545940628344               
8       27             0.05136735579674351                
16      44             0.05092612510343619                
5       36             0.049425699098499976               
11      18             0.0493818231101428                 
22      38             0.0489652448811147                 
12      14             0.048449296243486484               
12      34             0.048449296243484624               
12      29             0.04844929624348457                
12      39             0.048449296243482404               
5       11             0.046404305214186425               
6       33             0.0452346674386741                 
9       43             0.045234667438669995               
6       9              0.045234667438669524               
33      43             0.04523466743866941                
16      33             0.04475258584799435                
9       16             0.04475258584799213                
5       46             0.044550105286290886               
14      16             0.043008268202459454               
16      34             0.04300826820245862                
16      29             0.04300826820245851                
16      39             0.0430082682024569                 
1       30             0.042997673773667366               
14      43             0.041945437889404025               
34      43             0.04194543788940386                
29      43             0.0419454378894038                 
39      43             0.0419454378894038                 
6       39             0.04194543788940136                
6       14             0.04194543788940108                
6       29             0.04194543788940014                
6       34             0.04194543788940003                
20      37             0.041897103507083144               
26      37             0.04165585093911528                
5       21             0.0416538850836089                 
24      26             0.04156351573088085                
12      46             0.04095606929310902                
19      41             0.04067959109439889                
8       47             0.040643331362828494               
12      33             0.040587066072716615               
9       12             0.0405870660727162                 
8       38             0.0403461493436878                 
2       26             0.04008271893806997                
8       44             0.03955178896650374                
18      35             0.03932200440561445                
15      46             0.038642047044848526               
13      16             0.03847540813445438                
1       25             0.0381178461035912                 
15      21             0.03810536726983521                
26      38             0.03787109769737079                
7       44             0.03740896349314332                
6       13             0.03657856909390278                
13      43             0.03657856909390195                
5       44             0.0363214825363985                 
12      23             0.0344968469059585                 
15      41             0.03439378254319658                
38      41             0.03367633196887043                
20      23             0.03351700034020055                
21      24             0.03334680705811732                
10      47             0.033112065058194695               
4       32             0.03227670748291145                
34      42             0.03121684667765834                
39      42             0.03121684667765834                
29      42             0.031216846677658172               
14      42             0.03121684667765373                
30      48             0.030578911508063966               
26      31             0.030442026037347247               
12      13             0.03012376658494831                
29      31             0.029535347043700422               
31      34             0.029535347043698257               
31      39             0.029535347043697036               
14      31             0.029535347043697036               
3       25             0.029406351965724775               
9       31             0.029067156756336254               
31      33             0.029067156756335644               
25      26             0.028410377805523856               
26      42             0.02816543555311518                
25      48             0.027226730698723223               
15      39             0.027186477290168293               
14      15             0.02718647729016707                
15      29             0.02718647729016474                
15      34             0.027186477290164573               
1       26             0.02711268572423442                
16      21             0.02591446250965662                
27      36             0.02576921781758762                
6       21             0.025181214822436626               
21      43             0.025181214822436404               
6       11             0.02507035319568693                
11      43             0.02507035319568643                
33      42             0.024800011202173095               
9       42             0.024800011202170902               
28      44             0.022056555165810343               
11      12             0.021196123809282846               
20      48             0.02114082795539124                
36      43             0.02109807566549582                
6       36             0.021098075665492655               
14      27             0.018676405255982298               
27      39             0.018676405255982187               
27      34             0.018676405255981327               
27      29             0.018676405255981104               
9       15             0.017991038621313515               
15      33             0.017991038621312322               
23      24             0.017944314974076975               
12      36             0.017209524958743866               
4       27             0.016524341304454015               
9       22             0.016166898536301988               
22      33             0.01616689853629724                
5       38             0.0158747591193224                 
11      16             0.015465007687776589               
23      32             0.014821414729422389               
24      44             0.014777752333834715               
36      42             0.014720307523490822               
37      46             0.013175105495063844               
15      36             0.01314357882202602                
8       28             0.012974950821515896               
16      36             0.012606991991483907               
11      31             0.012525836798387341               
31      36             0.012141904351501753               
41      47             0.011784145973253501               
2       46             0.011522775300194965               
23      35             0.011283842173498648               
15      26             0.01124415820298813                
32      42             0.0111587072414015                 
24      35             0.011064291112853314               
7       46             0.010135106179088804               
13      31             0.01002559884156129                
11      27             0.010006405809015129               
26      47             0.00992896400607235                
31      32             0.009887907296792509               
16      37             0.009768198288868879               
47      48             0.00970087009293058                
11      42             0.00933292585957804                
13      22             0.008956693285773448               
20      35             0.008563259717214333               
38      45             0.008042152779250189               
28      41             0.007882311135002651               
10      40             0.00758179958056715                
22      34             0.007105699853880015               
22      29             0.007105699853879904               
14      22             0.007105699853878877               
22      39             0.007105699853877989               
13      42             0.006924203527440831               
11      22             0.006808369859855529               
4       17             0.006188688812235998               
13      27             0.0060998051024067634              
19      44             0.005904362141823438               
32      48             0.005858812523186485               
26      48             0.005239059941596069               
11      15             0.004895076215964994               
28      31             0.004054562173304521               
9       27             0.0036130211977869753              
27      33             0.003613021197784949               
23      28             0.0028953588028610144              
2       41             0.0026746167424708256              
16      38             0.00262462542192593                
8       48             0.0020554383469806314              
25      38             0.0019807420057250114              
1       4              0.0019527429142016661              
4       44             0.0013522679069651322              
12      21             -0.00010987684795343844            
15      32             -0.00032744309031051966            
30      32             -0.00046876335608481146            
28      42             -0.0008174134491432672             
22      32             -0.0010695947386765159             
22      36             -0.0023932779670634563             
4       38             -0.0027901775677341423             
3       28             -0.00296754640524316               
22      35             -0.003249182078332302              
24      46             -0.0038692633539923194             
13      19             -0.005301110955285071              
23      30             -0.00567895068328067               
1       28             -0.007704401650507453              
12      41             -0.007984012748626479              
2       20             -0.008431605351434612              
19      46             -0.008864301845810885              
38      40             -0.010243829905272117              
20      36             -0.010714004671650762              
2       14             -0.011547783037510861              
2       39             -0.011547783037512471              
2       29             -0.011547783037512555              
2       34             -0.01154778303751261               
14      20             -0.011736919862992606              
20      39             -0.011736919862992912              
20      29             -0.011736919862993217              
20      34             -0.011736919862993411              
34      47             -0.012324473644224537              
39      47             -0.012324473644224565              
29      47             -0.01232447364422462               
14      47             -0.012324473644230727              
40      41             -0.012547913522176601              
15      28             -0.012619944085049684              
1       2              -0.012851255345382284              
21      30             -0.013079193215415785              
17      21             -0.013620155127956834              
8       32             -0.013883812115344785              
7       43             -0.013895656477545204              
6       7              -0.01389565647754526               
24      47             -0.014476929977137981              
21      40             -0.015524450340135165              
2       33             -0.015584582043026762              
2       9              -0.015584582043027817              
35      43             -0.015677793004490737              
6       35             -0.015677793004493512              
46      47             -0.016407782752286937              
17      32             -0.0167549520198369                
31      35             -0.017227146172526575              
5       26             -0.017565265877315828              
21      45             -0.017751524468999913              
5       35             -0.0183082106864782                
22      44             -0.019465109304043215              
10      32             -0.019550914740805392              
17      23             -0.02035496754391014               
35      42             -0.020428349454980177              
9       37             -0.020923722432646397              
33      37             -0.020923722432648784              
8       37             -0.021458448499780847              
13      23             -0.02172818808071883               
8       15             -0.02207045546355524               
8       10             -0.022090160420781435              
4       20             -0.02301521325782807               
4       21             -0.02343815038528335               
33      47             -0.02346177398663199               
9       47             -0.023461773986636958              
9       23             -0.02355809953892396               
23      33             -0.023558099538926486              
2       48             -0.025076371662315078              
6       10             -0.025384302172982487              
10      43             -0.025384302172983098              
19      45             -0.02542196990391954               
11      23             -0.025773675832964527              
21      28             -0.026170018171539522              
32      41             -0.02633021045237066               
17      37             -0.02650603323809858               
16      19             -0.02667309019012365               
10      21             -0.026968653524285124              
31      40             -0.027457037209057122              
2       24             -0.02748524494225507               
3       37             -0.02753716459051042               
9       32             -0.027555092781764684              
32      33             -0.02755509278176521               
11      20             -0.027788329128851735              
41      42             -0.027889359939092917              
20      33             -0.028349092938223047              
9       20             -0.028349092938223658              
37      39             -0.028473663439738978              
14      37             -0.028473663439739977              
34      37             -0.02847366343974203               
29      37             -0.028473663439742142              
22      46             -0.028848569712868144              
15      35             -0.029207023440251223              
19      24             -0.029902902548904237              
23      34             -0.030282505727024955              
23      29             -0.030282505727025177              
14      23             -0.030282505727026676              
23      39             -0.030282505727026843              
2       27             -0.030391884017293203              
1       46             -0.030544831375586945              
29      32             -0.030572728196725185              
32      39             -0.030572728196725407              
32      34             -0.03057272819672638               
14      32             -0.030572728196727766              
40      42             -0.030862456486179746              
8       40             -0.03128891396703487               
13      32             -0.0313134398124405                
16      26             -0.03178236785050159               
1       44             -0.03191329511929519               
9       44             -0.03253726435324583               
33      44             -0.03253726435324611               
23      36             -0.032687266397722126              
1       24             -0.03313514893566555               
13      37             -0.03386866590390192               
1       8              -0.03430311603101721               
30      37             -0.034539434458424445              
15      40             -0.03460367956456295               
29      40             -0.03492229571701749               
34      40             -0.03492229571701749               
39      40             -0.03492229571701749               
14      40             -0.034922295717019186              
14      44             -0.03494395527444699               
29      44             -0.034943955274447464              
34      44             -0.034943955274447464              
39      44             -0.03494395527444749               
44      45             -0.03540070773150844               
41      46             -0.035566345707546465              
10      25             -0.03591032995002441               
12      18             -0.03592725262167917               
19      32             -0.03628590069650356               
1       22             -0.03653358732296108               
13      20             -0.03656257289153375               
22      48             -0.037964744558888486              
9       40             -0.038197377618769734              
33      40             -0.03819737761877087               
12      47             -0.03873553489190926               
19      48             -0.039931924710934485              
1       47             -0.04056377669798328               
13      44             -0.0405708430732904                
2       13             -0.0406877831224938                
28      46             -0.04070052490892617               
13      40             -0.04100570512306309               
11      32             -0.04204500469123565               
10      41             -0.04204737338714787               
25      37             -0.04321411123381408               
11      44             -0.044334640881104975              
27      35             -0.04455634733790803               
1       20             -0.04457333040721756               
4       10             -0.045060220386428096              
23      40             -0.04524517041306714               
44      48             -0.04536728444302368               
32      36             -0.04561945956615554               
10      12             -0.045855171614712975              
20      46             -0.04594642884719702               
45      46             -0.046105283459995816              
35      40             -0.04682020005503554               
8       46             -0.04697112813756593               
11      37             -0.047083622364064326              
36      44             -0.047408109100589874              
21      35             -0.047625235423517015              
6       26             -0.0476599238911975                
26      43             -0.047659923891197664              
24      25             -0.049023155787682654              
1       38             -0.04904726597627285               
35      48             -0.04916781335728615               
12      28             -0.049377370080178784              
8       42             -0.04943802031445499               
36      37             -0.049692119325876166              
13      47             -0.049878373803162485              
36      40             -0.05015241055935413               
10      30             -0.05194961138445964               
10      18             -0.05221296945814774               
11      40             -0.052406472644833835              
29      46             -0.05333358823030665               
34      46             -0.05333358823030668               
39      46             -0.053333588230306705              
14      46             -0.05333358823030676               
27      47             -0.05379039892572224               
19      22             -0.05395855147642881               
1       19             -0.05403408816140948               
3       43             -0.05488378244777348               
3       6              -0.05488378244777359               
31      38             -0.055163912448232794              
38      42             -0.055456148660725846              
16      35             -0.056352299133941325              
46      48             -0.0574250227948333                
33      46             -0.057833110319318065              
9       46             -0.05783311031931873               
17      26             -0.05881779679297644               
10      23             -0.05952622126057877               
13      46             -0.05971076730413291               
41      45             -0.06034099548815858               
19      21             -0.06040983043094106               
15      38             -0.060646417153720766              
22      47             -0.06074130761923105               
26      30             -0.06089609864874579               
19      23             -0.061094940905854156              
26      45             -0.061158458824112805              
5       19             -0.061866054837101336              
10      17             -0.06234879238375646               
5       10             -0.0630274355762756                
23      38             -0.06407887004623311               
3       21             -0.06411456011731381               
31      41             -0.06416542024416172               
6       37             -0.06585224931948908               
37      43             -0.06585224931949046               
2       22             -0.06602152050967913               
9       38             -0.0674181154137436                
33      38             -0.06741811541374665               
29      38             -0.06800103616497358               
34      38             -0.0680010361649736                
38      39             -0.06800103616497427               
14      38             -0.06800103616497577               
26      41             -0.06974820452368963               
4       12             -0.06977405009465448               
20      38             -0.0699068793049955                
37      48             -0.07049690703064376               
8       31             -0.07051128339507434               
18      46             -0.07135527538823072               
7       23             -0.07198134414300023               
3       42             -0.07209591949785965               
8       18             -0.07214167850525915               
4       24             -0.07236590543609761               
18      45             -0.07258909178611944               
10      33             -0.07284822691301193               
9       10             -0.07284822691301351               
10      36             -0.07343436315528443               
7       8              -0.07411972110964121               
3       31             -0.07415597728034806               
10      44             -0.07581092431673558               
13      38             -0.07593680836552677               
4       19             -0.07624157615884863               
10      11             -0.07677251070816155               
7       41             -0.07721120127910142               
11      38             -0.07726201353990725               
24      45             -0.0777387641970769                
10      14             -0.07830243967395747               
10      29             -0.07830243967395845               
10      34             -0.07830243967395845               
10      39             -0.07830243967395845               
36      38             -0.07831135898456354               
26      28             -0.0785846365757134                
18      43             -0.07863535807727415               
6       18             -0.07863535807727437               
10      31             -0.0791355491093344                
9       21             -0.07921355978707287               
21      33             -0.079213559787076                 
24      48             -0.07947227307591767               
3       35             -0.07998095257416188               
23      27             -0.08063797300459341               
7       20             -0.08066820965780991               
10      13             -0.0809504149713664                
13      21             -0.08149585784303326               
16      24             -0.08160629483797038               
36      46             -0.08190400555250801               
2       35             -0.08195367029352921               
11      46             -0.08197935941230022               
8       35             -0.08203217497547671               
18      19             -0.08232973731013704               
8       21             -0.0825859042004749                
3       15             -0.08318528760377664               
10      15             -0.08320830188101785               
10      42             -0.08340271496246993               
35      37             -0.08358902838584725               
16      17             -0.08412694452393987               
27      46             -0.08478691546960965               
11      21             -0.08484568745988533               
15      24             -0.08518014339682589               
35      44             -0.08542117402243402               
18      28             -0.08588843052841166               
28      48             -0.08638418031889245               
10      45             -0.08649451696093913               
21      39             -0.08655541953227755               
14      21             -0.08655541953227838               
21      29             -0.08655541953227847               
21      34             -0.08655541953227847               
35      47             -0.08672449181548703               
10      35             -0.08744754078904718               
1       41             -0.08779371871270059               
6       23             -0.08815828954766203               
23      43             -0.08815828954766275               
24      42             -0.08855514804658676               
3       32             -0.0887703987818127                
17      40             -0.08968373700412291               
5       24             -0.09041409294911676               
22      45             -0.09156625813363167               
32      35             -0.09164517963126775               
20      28             -0.09202668536258785               
4       6              -0.09206793581887746               
4       43             -0.09206793581887762               
21      36             -0.09235606288013551               
18      41             -0.09260969387662954               
1       36             -0.0927598868547227                
18      37             -0.09322091422417783               
35      41             -0.09325562779012084               
10      48             -0.0933865465716146                
38      48             -0.09352552070946496               
5       18             -0.09378477435721441               
7       10             -0.09457524251343974               
7       40             -0.09458547746929352               
12      37             -0.09551346771967403               
37      40             -0.09652014768979611               
21      27             -0.09700137482188803               
24      31             -0.0974053947404134                
37      38             -0.09785667172078963               
16      30             -0.09835053057597098               
20      47             -0.0988921341983579                
6       24             -0.09900870295329325               
24      43             -0.0990087029532937                
3       27             -0.09904753280314771               
20      44             -0.09921964196050861               
16      41             -0.0995255754652441                
28      47             -0.09965168629744192               
23      48             -0.10061394551767594               
22      41             -0.1009288285319519                
6       45             -0.10142415554977785               
43      45             -0.10142415554977896               
6       15             -0.10200976031197673               
15      43             -0.10200976031197712               
3       11             -0.1024688703913636                
35      38             -0.10317421759125914               
41      48             -0.10323809305271614               
8       22             -0.10363619648976802               
33      41             -0.10371368309898568               
9       41             -0.10371368309898574               
14      19             -0.10454237409659212               
19      29             -0.10454237409659356               
19      34             -0.10454237409659378               
19      39             -0.10454237409659403               
6       42             -0.10508802109794446               
42      43             -0.10508802109794455               
15      18             -0.10549798934246207               
18      31             -0.10598795442664743               
12      15             -0.10643195255353397               
1       35             -0.10708248171074397               
24      30             -0.10776603859953152               
12      16             -0.10784086828931011               
22      25             -0.10787207429388476               
11      41             -0.1079617758248351                
37      45             -0.10811116549412958               
6       31             -0.10859096231633922               
31      43             -0.10859096231633991               
7       19             -0.11010565905950198               
17      24             -0.11019070612496279               
5       12             -0.11101511806233921               
13      41             -0.11106095082385226               
5       30             -0.11172214003576475               
5       17             -0.11216955395180939               
6       12             -0.11238011358668809               
12      43             -0.11238011358668862               
10      46             -0.1129396365953299                
18      21             -0.11396652226992898               
12      26             -0.11400994315112328               
11      19             -0.1140400333878113                
18      42             -0.11418848759929634               
9       30             -0.11445107722648129               
30      33             -0.11445107722648182               
3       36             -0.11477977321382579               
4       22             -0.11479222430415703               
1       11             -0.11496797593391797               
24      37             -0.11518637068423906               
14      30             -0.11712447666694858               
29      30             -0.11712447666694933               
30      39             -0.1171244766669502                
30      34             -0.11712447666695106               
13      48             -0.11735321955883013               
40      43             -0.11750810220768731               
6       40             -0.11750810220768798               
1       14             -0.11784964650476948               
1       34             -0.11784964650477                  
1       29             -0.11784964650477003               
1       39             -0.11784964650477028               
9       48             -0.11789250409174523               
33      48             -0.11789250409174554               
1       33             -0.11802400638798002               
1       9              -0.1180240063879815                
37      41             -0.11811109506999501               
18      23             -0.11837578963216111               
8       45             -0.11869337585751488               
1       13             -0.11929127701423803               
10      16             -0.1195243677494644                
5       6              -0.12144678072805284               
5       43             -0.12144678072805315               
19      33             -0.12153202031916649               
9       19             -0.12153202031916668               
8       16             -0.12220546451877035               
12      42             -0.12248231530392681               
12      31             -0.12251196405404177               
3       19             -0.12284228545461062               
10      38             -0.12335266781633308               
14      45             -0.12380092588429831               
29      45             -0.12380092588430064               
34      45             -0.1238009258843007                
39      45             -0.12380092588430078               
15      22             -0.12423626597255205               
1       16             -0.1245189724966908                
2       31             -0.12487452154737949               
9       17             -0.12508345222306008               
17      33             -0.12508345222306047               
45      47             -0.12541138379604683               
22      42             -0.12598988835152725               
36      48             -0.12623765546597482               
26      33             -0.1264917685218753                
9       26             -0.12649176852187605               
30      40             -0.12676082511785622               
17      39             -0.12706804262048405               
14      17             -0.12706804262048438               
17      29             -0.12706804262048524               
17      34             -0.12706804262048535               
8       33             -0.12746063066210978               
8       9              -0.12746063066211213               
6       16             -0.12761242574138135               
16      43             -0.1276124257413816                
1       10             -0.12801745793055008               
31      47             -0.12809235718801237               
11      30             -0.12838104218539745               
13      30             -0.12849652591139962               
40      48             -0.12905085263978117               
2       42             -0.12917179532053774               
35      46             -0.12918384441268643               
39      48             -0.12978082288367243               
34      48             -0.12978082288367246               
29      48             -0.12978082288367251               
14      48             -0.1297808228836737                
8       11             -0.12998540825419508               
16      18             -0.13050461799200067               
1       23             -0.13133948595870715               
3       20             -0.13154403532308662               
30      36             -0.1317386894743755                
22      31             -0.13179001310452898               
18      44             -0.13216967067434232               
39      41             -0.13218480802756208               
29      41             -0.1321848080275621                
34      41             -0.1321848080275621                
14      41             -0.13218480802756263               
27      44             -0.1330432535387056                
14      26             -0.1331565535892691                
26      39             -0.13315655358926992               
26      34             -0.13315655358926998               
26      29             -0.13315655358927012               
22      30             -0.13330342886530885               
21      41             -0.13350763995376852               
17      22             -0.13397883090902196               
3       13             -0.1341224362107949                
11      48             -0.13456247050545114               
24      40             -0.13487703524480782               
3       26             -0.13505420569919036               
36      45             -0.13597906470837773               
3       33             -0.13639815159856084               
3       9              -0.13639815159856183               
18      48             -0.13667011444756724               
15      20             -0.13761286698487177               
2       21             -0.1378050326024947                
16      27             -0.1379159318052219                
11      26             -0.13819668910449087               
36      41             -0.13820407136494461               
19      20             -0.13859938507435926               
13      17             -0.1387461702631757                
8       13             -0.13884288579644222               
9       45             -0.1394275239727858                
33      45             -0.13942752397278815               
19      35             -0.13945207051615072               
8       26             -0.13949130223576578               
19      36             -0.1395200396346174                
21      47             -0.14017555308298393               
42      47             -0.1404003179616024                
20      32             -0.140556554174119                 
5       15             -0.14088531638632096               
16      22             -0.14130899061437377               
13      26             -0.14135697998502408               
26      35             -0.14182630142291727               
3       14             -0.14233450907255504               
3       34             -0.142334509072556                 
3       29             -0.14233450907255604               
3       39             -0.14233450907255618               
12      19             -0.14293401714294238               
5       42             -0.1437502337856257                
14      28             -0.14409046324395075               
28      39             -0.14409046324395103               
28      29             -0.14409046324395233               
28      34             -0.14409046324395233               
7       33             -0.14411628611822544               
7       9              -0.1441162861182263                
26      36             -0.1444147104194091                
11      17             -0.14457404318291273               
13      45             -0.14522378863518662               
5       31             -0.1456127107139273                
7       14             -0.14661043521307152               
7       29             -0.14661043521307207               
7       34             -0.14661043521307207               
7       39             -0.1466104352130726                
27      45             -0.14713259324724184               
30      35             -0.14731383475648616               
17      36             -0.14744996021551268               
27      31             -0.1474768663364782                
12      44             -0.14760975240189758               
28      33             -0.14786315689674917               
9       28             -0.14786315689675045               
8       14             -0.1484337416224865                
8       29             -0.14843374162248718               
8       34             -0.14843374162248718               
8       39             -0.1484337416224872                
32      47             -0.14862661339674005               
12      38             -0.14889601993548274               
8       23             -0.1497389900820879                
11      45             -0.14979833894107444               
18      32             -0.14997251887524982               
5       22             -0.15047620043528043               
7       11             -0.15080849703638255               
15      27             -0.15117768519115843               
13      28             -0.15118385609336277               
2       28             -0.15220425301294568               
8       36             -0.15314047128982844               
27      38             -0.15338991235877902               
7       36             -0.15387444414819218               
40      46             -0.15391983397123873               
7       13             -0.15407869722092932               
27      42             -0.15414573489881597               
28      36             -0.15463180068123666               
11      28             -0.1546691810227745                
2       15             -0.15502444841540622               
5       41             -0.15587216151053868               
20      31             -0.1564893851732219                
1       5              -0.15687606308936677               
16      42             -0.15702149171252625               
15      16             -0.15741394058599578               
28      37             -0.15776649340814175               
1       43             -0.15828288620918157               
1       6              -0.15828288620918207               
13      25             -0.15918083620556994               
18      38             -0.15925354008066467               
20      42             -0.16066523921514222               
10      24             -0.16079025845085743               
15      19             -0.16103463137606244               
16      48             -0.16107955783872793               
7       27             -0.16121734008084548               
16      31             -0.1613547804965965                
9       25             -0.16266527046840434               
25      33             -0.16266527046840507               
16      20             -0.1628466326427685                
6       27             -0.16335576751558714               
27      43             -0.1633557675155884                
11      25             -0.16460696313998402               
23      42             -0.16475522061361914               
3       18             -0.16513218051644019               
2       32             -0.16534519958002114               
12      17             -0.16540079520261808               
27      28             -0.16653470639459225               
12      45             -0.16696127622781748               
3       40             -0.16775043103007378               
12      32             -0.16791326924982272               
25      39             -0.16880767281983083               
25      34             -0.16880767281983128               
25      29             -0.16880767281983133               
14      25             -0.16880767281983178               
15      23             -0.1702227204903622                
23      31             -0.17034483943320997               
25      36             -0.1710143375750719                
15      37             -0.17205769311046162               
16      47             -0.17220672759931507               
5       48             -0.17238933141299428               
10      28             -0.1727645283253908                
6       22             -0.17316778259210527               
22      43             -0.17316778259210536               
37      42             -0.1736882425972479                
7       47             -0.17516204487853004               
31      37             -0.17555114091676252               
5       47             -0.17643772231621555               
23      41             -0.1765268696839079                
5       27             -0.17693678812011754               
27      48             -0.17700913866574955               
15      47             -0.17722981683001665               
5       8              -0.17995357006739254               
2       43             -0.18097073755949794               
2       6              -0.18097073755949863               
20      43             -0.1818095335165307                
6       20             -0.181809533516531                 
17      20             -0.18244100423545234               
7       35             -0.18244622870472793               
1       40             -0.1826927187207468                
19      42             -0.18271330196426727               
5       20             -0.1828563995049358                
20      45             -0.18366868105405798               
32      40             -0.18454272294761057               
2       16             -0.1851409664111186                
19      31             -0.18518193168966832               
3       10             -0.1856844558661962                
22      37             -0.18593188863628224               
6       47             -0.18615726544552427               
43      47             -0.18615726544552558               
6       48             -0.18813425723282956               
43      48             -0.18813425723283                  
2       7              -0.18823426272535138               
2       5              -0.18997935936128196               
10      22             -0.1902672489634908                
38      47             -0.1904165915707272                
7       18             -0.19152320703982406               
7       12             -0.19266115645992785               
24      41             -0.19273555017003352               
20      30             -0.19290766449354377               
40      44             -0.1934849310188328                
28      35             -0.1959732154586015                
2       38             -0.19690056378870519               
2       45             -0.19732638589394155               
17      27             -0.19773682314796062               
23      47             -0.1981473753000045                
2       23             -0.19900123146783333               
27      32             -0.19911610345776845               
20      25             -0.19948694466983669               
18      25             -0.20370749745354416               
8       24             -0.204763332947471                 
17      18             -0.2061976630049118                
25      47             -0.20646104619414746               
25      35             -0.2071100196007619                
12      25             -0.20937931748081381               
2       44             -0.21057559943391843               
2       25             -0.21140452574149157               
1       37             -0.21181623600636                  
3       12             -0.21474258754880055               
25      27             -0.21665905815587205               
18      30             -0.21693552778053835               
44      47             -0.21750423128694593               
12      30             -0.22087210114058453               
21      37             -0.22354279674747707               
27      30             -0.22616626634146214               
1       27             -0.23143049625911813               
2       30             -0.24218222203901066               
4       36             -0.24223815533536103               
32      37             -0.2428416100819942                
30      47             -0.2493242229081719                
2       17             -0.2524702737239834                
4       13             -0.25409761686103666               
4       11             -0.2604899199274492                
32      44             -0.2611134724482851                
4       33             -0.26218037650553866               
4       9              -0.26218037650553955               
21      46             -0.2624592685331976                
17      47             -0.2654756982016885                
21      44             -0.26831055925706027               
4       14             -0.27018454726117624               
4       29             -0.27018454726117636               
4       34             -0.27018454726117647               
4       39             -0.2701845472611766                
26      46             -0.2722830238224012                
32      46             -0.276483361422274                 
26      44             -0.2778321428018412                
7       37             -0.2854269111797425                
