#======================================================================
# PARAMETERS USED FOR THIS COMPUTATION: 
#      Sequence type: RNA
#      Total number of sequences in alignment data: 10864
#      Length of sequences in alignment data: 34
#      Effective number of sequences: 5.501352488909896
#      Value of sequence identity: 0.8
#      Value of relative pseudocount: 0.5
# The First and Second columns represent sites and the
# Third column is MFDCA Frobenius norm, average product corrected (APC) DCA score
#======================================================================
1       34             1.8782738297858523                 
2       33             1.7261795715716794                 
3       32             1.2561593855806088                 
2       3              1.1301269688451696                 
5       30             0.9185390211940713                 
1       2              0.8792952467283804                 
1       3              0.8636483968165926                 
6       29             0.8333225499330683                 
4       31             0.7570119797174906                 
15      22             0.7535149179936116                 
19      20             0.5273104659814367                 
32      34             0.5225751885366744                 
16      21             0.4792200983502686                 
33      34             0.4791257597962876                 
5       6              0.3953338397859517                 
1       33             0.386445289355587                  
3       33             0.38073360404816026                
14      23             0.37163586008235927                
9       32             0.3522655843593849                 
12      25             0.3507144549462744                 
7       28             0.34621490356970297                
10      11             0.33806733611853956                
13      14             0.3324386998352641                 
31      33             0.3298685013706603                 
32      33             0.32226442384998766                
4       30             0.30815323144232865                
13      24             0.2917809475189561                 
4       5              0.28836749989403626                
8       25             0.2877049302623638                 
14      22             0.2831038962985686                 
16      18             0.27558425863795033                
11      12             0.2693821705028129                 
17      18             0.25853301548300434                
8       26             0.2555620009299989                 
8       12             0.2546724915428227                 
2       32             0.2441744407651512                 
13      22             0.24003812264255323                
16      19             0.23820122560442952                
25      26             0.23486693494604907                
30      31             0.2344680529642915                 
31      32             0.233462939127988                  
16      20             0.23065601436837813                
16      17             0.22562205365724183                
18      20             0.22464349017857996                
14      15             0.22351890530364232                
1       32             0.22142890098235496                
8       27             0.2126874107350722                 
8       10             0.211715717540342                  
1       5              0.21075600053951393                
12      13             0.2050945635399883                 
12      26             0.20308198903463093                
5       34             0.19984861908856472                
18      19             0.1924461664081438                 
10      25             0.18914057532176182                
18      21             0.18140663956547937                
27      28             0.17509183557711422                
22      32             0.17492190447788536                
2       34             0.17440130055467779                
7       8              0.17217038661330086                
8       9              0.16599810973413787                
23      24             0.16222197984608244                
20      21             0.15685795660286367                
8       11             0.15647366928999903                
12      22             0.15639883837969215                
17      21             0.15527156329759134                
12      14             0.1527191529912711                 
7       27             0.15201129508411537                
30      33             0.15200572187474487                
10      26             0.14507235748362923                
1       9              0.14484448678667605                
6       7              0.1446169766919665                 
9       21             0.14320322249667822                
5       21             0.1426023382350893                 
3       22             0.14132649568503386                
11      25             0.1385573164712966                 
23      26             0.13345393088414817                
17      19             0.1333354276615457                 
7       23             0.1321445148673408                 
10      24             0.12667173858110742                
9       33             0.12599773098435563                
10      12             0.12442807252642038                
23      28             0.12292211482683413                
13      15             0.12258424829973277                
19      21             0.12184228301654243                
9       25             0.1215936324328854                 
9       34             0.12047804257994171                
23      27             0.1192662072726911                 
24      28             0.11707106419615226                
28      29             0.11650721269314812                
17      20             0.11492758462499494                
2       9              0.11461555211346619                
7       24             0.11132878244600786                
4       32             0.10949342217725855                
26      27             0.1077735330447123                 
13      28             0.10462450645040072                
9       11             0.10433457283209283                
25      28             0.10034873657504201                
23      25             0.09907394338452732                
11      26             0.09904206238084923                
27      29             0.09882799804275649                
24      27             0.09641301465772145                
24      25             0.09304632104220315                
8       23             0.09203756473667091                
19      28             0.09131380621654236                
14      24             0.09095855643224729                
7       26             0.09045446995805134                
6       28             0.08983672845352453                
5       29             0.08978636187982406                
26      28             0.08880581322629186                
7       25             0.08817282376243729                
8       28             0.08716529183293353                
30      34             0.08661552769508979                
5       31             0.08636563916669554                
3       34             0.08570207015953113                
25      27             0.08497411200827282                
24      26             0.08043823966878122                
13      23             0.08016908976421264                
1       4              0.07968477191347961                
25      29             0.07925471790145025                
1       30             0.07610320853790326                
31      34             0.07574762887375308                
14      27             0.07432959139365083                
15      16             0.07410818582721015                
14      28             0.07345192799757477                
13      27             0.07330029272192665                
7       19             0.07321778976338317                
8       24             0.07316952001471105                
7       14             0.07213787087984874                
9       12             0.07163326281610516                
7       10             0.0709545856097136                 
10      28             0.07088270074170713                
7       13             0.06958894228892182                
9       26             0.06641911999961134                
3       31             0.06478143547889331                
23      29             0.06454823277931576                
11      24             0.062473097454400245               
13      25             0.062374089417681106               
10      27             0.0618323413998291                 
10      13             0.06170380581249929                
16      23             0.06161562949343674                
16      26             0.061382201959725685               
24      29             0.06044798698610904                
16      27             0.05683817661415386                
3       4              0.05624185356125705                
20      28             0.05620880934724534                
10      23             0.05458142629434409                
7       29             0.05450021066779842                
9       10             0.05405593187961455                
15      17             0.05378429031978266                
4       6              0.05377470103912599                
6       31             0.05354526433534454                
11      16             0.053336006993030316               
8       29             0.052840239357064556               
17      24             0.050355148270011835               
7       20             0.048711959135548266               
20      27             0.04824567994265169                
15      23             0.04539230360208857                
18      23             0.044197161098190746               
20      24             0.04345692045058594                
21      30             0.042085346017309344               
12      15             0.04200562501105737                
9       31             0.04153221183396294                
16      28             0.04068417141195746                
26      29             0.04067222607197099                
7       16             0.04066404044938304                
4       34             0.04022034109762285                
7       11             0.03885226866842975                
15      28             0.03837061791423313                
7       15             0.037549983895584754               
19      27             0.0360394195205658                 
18      27             0.03500145778831831                
21      32             0.03470001388545002                
16      22             0.03367999231030144                
13      29             0.0333425092392102                 
19      24             0.03181488205761901                
5       9              0.03064171961727913                
16      24             0.030533867250153446               
11      28             0.030388855984254143               
12      34             0.02949730889998775                
18      28             0.029152394665235754               
14      26             0.028148626656073983               
14      32             0.028144580427813648               
8       14             0.027142064359015783               
11      23             0.025944669638202744               
29      30             0.025150431173456778               
11      15             0.025085295428636606               
10      17             0.0234943091690466                 
6       27             0.023069918843490134               
20      23             0.021302776208736163               
8       16             0.021027469725703796               
18      25             0.020836024973701767               
7       18             0.020230438101702164               
16      25             0.019799579200091844               
8       13             0.019505812823932933               
6       25             0.018871936504418263               
15      18             0.0160876372418588                 
20      25             0.016077494626357408               
14      25             0.015258073397821204               
15      27             0.014836160641990503               
8       18             0.013673440105659684               
29      31             0.0133678148005196                 
11      18             0.01184290060162499                
6       8              0.01155918217500046                
13      32             0.010677049346033085               
8       20             0.010415416206543543               
10      16             0.010339480042472982               
6       23             0.010080189421474317               
14      16             0.010009188438989292               
8       19             0.009374306784495107               
11      27             0.009032506980716087               
19      25             0.008753215917365526               
11      17             0.007987640369726073               
3       9              0.007184778514739809               
10      30             0.0065009684845144244              
19      23             0.005316819470325473               
13      17             0.004851036770989137               
4       18             0.004715617508934122               
16      29             0.0036387036563454433              
14      29             0.002275639724035522               
11      20             0.0012358645109536992              
17      29             0.0012172437609509479              
6       26             -0.0012485164687295047             
6       24             -0.0015273404894698417             
18      26             -0.001802200881594218              
19      26             -0.0021909999826523474             
17      27             -0.0026596210964162925             
15      24             -0.003179065387401092              
17      23             -0.003363941518388258              
18      24             -0.004162832855346854              
10      15             -0.004219593849631609              
4       24             -0.00522724067854502               
20      26             -0.0052838930409173646             
15      19             -0.005658941448797694              
10      14             -0.005692586810110006              
17      25             -0.005961307518338177              
18      31             -0.006329120104908742              
15      29             -0.006462608956515126              
10      29             -0.007858854357347261              
11      29             -0.008537458181104796              
7       22             -0.009041706772861091              
15      20             -0.00925443128841752               
4       17             -0.009271268517496656              
4       7              -0.009287759962574915              
9       27             -0.009359224726179949              
20      22             -0.009434135699942808              
15      26             -0.009485073450759496              
17      28             -0.01011327699389672               
2       4              -0.010524649865010172              
21      23             -0.01077359319380794               
22      23             -0.011496099320850772              
14      17             -0.012083224631112388              
13      26             -0.012708847419452135              
7       17             -0.012810447104360134              
3       12             -0.012856489268729454              
13      16             -0.01389776031241674               
22      28             -0.014002958811985433              
19      29             -0.014165373997678837              
21      26             -0.015199981325067863              
22      27             -0.015256679637491583              
19      30             -0.015540033236610407              
8       15             -0.016747842667506535              
11      19             -0.016900499662058643              
6       13             -0.017590989227063203              
20      29             -0.017797969609598008              
8       17             -0.017958213644994864              
4       11             -0.018857634529026612              
7       21             -0.019357177499091216              
5       33             -0.019630631250043606              
12      28             -0.019979634674919866              
21      28             -0.02081855229870616               
4       21             -0.021427241917966716              
13      20             -0.022538186153499618              
19      22             -0.023866935807660694              
6       14             -0.02522311938252944               
3       30             -0.025300846337427574              
9       23             -0.025870735495008568              
11      21             -0.025959195498434673              
11      22             -0.026250946355005272              
13      18             -0.027698744198720426              
19      31             -0.029078855161146472              
2       31             -0.029398346521271157              
21      27             -0.030224758096963733              
7       12             -0.03080235490868341               
28      31             -0.03109919150129925               
6       16             -0.03155045184842234               
10      20             -0.03180238877746097               
15      25             -0.03237996162287732               
3       15             -0.033481426069172426              
14      18             -0.03483330753033162               
18      29             -0.036360533996810995              
7       9              -0.03667214558109427               
10      18             -0.03742430010494158               
17      32             -0.03804687297940962               
15      30             -0.03816910404750351               
6       30             -0.03854070711087426               
12      24             -0.038979568489061034              
6       15             -0.0391120245575991                
18      22             -0.03946620428620512               
22      24             -0.039470077546237076              
10      19             -0.03949576936734747               
28      30             -0.03967942370195149               
17      33             -0.0404944814208715                
15      21             -0.04151701981432057               
4       10             -0.04231605463680413               
17      26             -0.04242962179739329               
12      32             -0.04284617444549571               
17      22             -0.042870736221865324              
13      19             -0.04363025539746526               
12      27             -0.04375611801936072               
14      30             -0.04459259872070567               
21      24             -0.044806474887575776              
9       28             -0.045542206683428565              
24      31             -0.045627404096533014              
8       21             -0.04616139376238343               
11      14             -0.04628915883006496               
14      20             -0.04695000248016845               
21      25             -0.04754419735458709               
23      31             -0.047568135128354144              
22      29             -0.04915048480103759               
9       24             -0.04926239652036163               
3       21             -0.04971833579410606               
11      13             -0.04998624290389414               
15      32             -0.050089215179415475              
1       21             -0.05022636936402608               
6       11             -0.050836429395192645              
5       7              -0.050972795453929326              
2       17             -0.051772465697702996              
14      19             -0.05192047089094609               
12      23             -0.05219087847331408               
20      34             -0.05270051208888482               
5       26             -0.053349033262505424              
12      29             -0.05366924819481195               
10      21             -0.05548048564615771               
4       20             -0.05611716826439739               
27      30             -0.05646138239347229               
3       13             -0.05704708469922409               
8       22             -0.05811062522792951               
10      22             -0.05811550482422484               
21      22             -0.05901370439078743               
2       12             -0.059159302061497276              
6       10             -0.060990214115255154              
9       17             -0.06174559771352481               
1       12             -0.06307099428020146               
6       20             -0.06311666511248284               
5       18             -0.0635924681642275                
10      31             -0.06406686408347484               
6       32             -0.0643420446444607                
5       27             -0.06555481933344454               
5       24             -0.06600752175549879               
4       27             -0.066091631359179                 
5       23             -0.0671890630539923                
6       17             -0.06731720438128402               
23      30             -0.06760776577787267               
4       26             -0.06779386931125236               
4       23             -0.06830417066859668               
11      31             -0.06959483704144728               
2       22             -0.07017584347646594               
21      34             -0.07043320676585518               
6       19             -0.07052223996104587               
6       18             -0.07093893671254817               
17      31             -0.07227583425622416               
22      26             -0.0726815280017567                
22      34             -0.07282787355176934               
6       12             -0.07299121944812523               
21      29             -0.07320186513375526               
17      30             -0.0732196777452474                
3       14             -0.07332652116987803               
18      30             -0.07360351101171778               
1       31             -0.07406652157870039               
21      33             -0.07432694212184776               
22      25             -0.07455868615476141               
3       19             -0.07557122506291536               
24      30             -0.07584633713962463               
4       13             -0.07585436357704611               
6       22             -0.07587382133594928               
4       19             -0.07636713553068215               
2       18             -0.07648211324470211               
12      18             -0.07681121220042028               
5       17             -0.07778935589886898               
4       16             -0.07788720852644285               
17      34             -0.08024535953174833               
26      31             -0.08055093725301685               
7       31             -0.08060199493500905               
9       30             -0.08232355016894252               
5       14             -0.08380141383880202               
5       11             -0.08628191934373676               
5       32             -0.0866335394821311                
16      30             -0.08702051607513367               
11      30             -0.08703445477477229               
22      30             -0.08735440065938777               
5       28             -0.08737274681560528               
13      21             -0.08871002826667837               
26      30             -0.08936099469942546               
12      16             -0.08937850739634362               
2       30             -0.08987749185388794               
20      30             -0.090787373232594                 
6       33             -0.09148121753143096               
27      31             -0.09177366591996966               
3       20             -0.09180472088206276               
4       28             -0.09250175346083622               
4       29             -0.09313779825700494               
19      33             -0.09510213822484126               
9       16             -0.09629478257242677               
14      21             -0.09688145898113976               
9       20             -0.09785915234975878               
5       16             -0.09849948308274487               
25      30             -0.09851564516161176               
1       6              -0.09896289981131978               
5       10             -0.09909750572851808               
8       30             -0.0996996291737752                
5       20             -0.10002013604232553               
4       14             -0.10009101094887811               
4       25             -0.10087435559701885               
6       21             -0.10254360662597056               
13      30             -0.10323747461168586               
20      31             -0.1036531149366721                
4       8              -0.10389275654935462               
16      31             -0.10398136225140128               
3       17             -0.10493461823811137               
5       25             -0.1053505577852144                
4       12             -0.10628883237190767               
22      31             -0.10724059001306024               
7       30             -0.10822749471330506               
12      20             -0.1083575220130735                
12      19             -0.10885059407791703               
9       18             -0.1093342318892419                
19      34             -0.11165676545885717               
9       29             -0.11235863179228306               
13      31             -0.11264990235329037               
9       13             -0.11271381826173071               
2       21             -0.11307878571869795               
5       13             -0.11378916484068757               
1       20             -0.11441062641543734               
18      34             -0.11486596741517166               
9       19             -0.11592582938716556               
19      32             -0.11637293881983546               
6       9              -0.11706305408770146               
15      31             -0.11936995024700515               
5       19             -0.12116098588963696               
30      32             -0.12118199486095196               
12      17             -0.12121104831121195               
5       15             -0.12203012042181786               
5       8              -0.12249474727456355               
11      34             -0.12304856293902308               
18      33             -0.12344036760083779               
9       14             -0.12365340639152914               
4       22             -0.12498092337305176               
1       17             -0.12580357503023182               
8       31             -0.12759787781787452               
12      31             -0.12797681582109208               
4       33             -0.12863674716061627               
11      33             -0.12887779413527622               
25      31             -0.13059456150030357               
26      33             -0.13199144278299257               
4       9              -0.13274347264582295               
10      34             -0.13424491085840143               
21      31             -0.1343391002514333                
4       15             -0.1349782716038739                
9       15             -0.13571188803058912               
14      31             -0.1358801509601451                
24      33             -0.1364240325392328                
2       6              -0.13826354157425289               
3       18             -0.1417184778666059                
5       22             -0.142192971448472                 
12      33             -0.14272439736925052               
2       11             -0.14405499279153194               
27      34             -0.14597901537566613               
1       27             -0.1467500660896252                
10      32             -0.1468512839665374                
29      32             -0.1515761812504237                
15      33             -0.1530012264692268                
10      33             -0.15462141727755846               
20      32             -0.1559301616290325                
20      33             -0.15695237304073467               
1       22             -0.15804757434449596               
1       18             -0.15827407492510337               
6       34             -0.1585937021098226                
12      30             -0.15931661418989757               
15      34             -0.1595336854650281                
1       19             -0.16105873618755523               
3       6              -0.1615891958156279                
2       28             -0.16171717470051725               
2       15             -0.1618691242124571                
12      21             -0.16228990220536896               
9       22             -0.1626601088562984                
2       24             -0.16448891605762603               
5       12             -0.16531177068223246               
2       10             -0.1662708639479126                
3       11             -0.16732736085235989               
2       27             -0.16847845789160404               
2       7              -0.1695890205645389                
29      34             -0.17124602776113923               
24      34             -0.17252158540731155               
13      33             -0.17358672343652626               
22      33             -0.17408200915845548               
18      32             -0.17616596785707228               
27      33             -0.17737399701113996               
2       5              -0.1782647875891761                
11      32             -0.17839418214497565               
2       23             -0.18000931912402876               
3       26             -0.1804075045603997                
1       29             -0.18118671486614363               
3       29             -0.18368509088283458               
23      34             -0.18607552674622163               
1       11             -0.1880410687407671                
2       26             -0.190406915562139                 
1       24             -0.1908171180722361                
14      33             -0.19396895337874026               
28      33             -0.19546709374289156               
16      32             -0.1965064208236298                
23      33             -0.19734707011730684               
16      34             -0.20270919221721187               
29      33             -0.20308614559729637               
3       5              -0.20562920751043315               
1       15             -0.20575702886954128               
2       14             -0.20773583011957392               
3       8              -0.20811906758502624               
3       25             -0.2098734605720525                
2       20             -0.21051849849076942               
7       34             -0.21168856715464351               
2       29             -0.21314846952345856               
2       13             -0.21562144796289437               
25      33             -0.21853692290164353               
2       19             -0.21977415468497885               
25      34             -0.22176368294287963               
26      34             -0.2223808131546948                
16      33             -0.22266780220555488               
3       27             -0.22392464841227144               
1       23             -0.2249653000135278                
1       7              -0.22513377946758725               
25      32             -0.22904015461374927               
7       32             -0.23347196318209942               
28      34             -0.23386056701986513               
1       16             -0.23411693379133172               
8       33             -0.23470017952378752               
1       10             -0.2350969109560917                
24      32             -0.23586342368978236               
28      32             -0.23667324656596753               
3       10             -0.2373010983618701                
26      32             -0.2385348888421226                
2       8              -0.24019188452950024               
14      34             -0.2406761918568715                
27      32             -0.24107661720816764               
2       25             -0.2421683812791377                
13      34             -0.2458469551544531                
8       32             -0.2475573312783128                
23      32             -0.2476509503496538                
3       16             -0.24850135705785176               
1       13             -0.2521799665642656                
3       24             -0.2524385042105034                
1       26             -0.2536129551771764                
3       23             -0.2570323726892456                
8       34             -0.2616433763636963                
7       33             -0.26283245152150436               
1       28             -0.26570108254814273               
2       16             -0.27994208301079165               
1       14             -0.2810173033988108                
3       7              -0.2871806433617202                
3       28             -0.31110137862477294               
1       25             -0.3269492954859478                
1       8              -0.3525581734738037                
