#======================================================================
# PARAMETERS USED FOR THIS COMPUTATION: 
#      Sequence type: RNA
#      Total number of sequences in alignment data: 2
#      Length of sequences in alignment data: 35
#      Effective number of sequences: 1.0
#      Value of sequence identity: 0.8
#      Value of relative pseudocount: 0.5
# The First and Second columns represent sites and the
# Third column is MFDCA Frobenius norm, average product corrected (APC) DCA score
#======================================================================
13      14             0.00017269576655942753             
13      15             0.00017269576655942753             
15      17             0.0001726957665592055              
15      16             0.0001726957665592055              
15      18             0.00017269576655909447             
13      16             0.00017269576655909447             
14      16             0.00017269576655909447             
14      17             0.00017269576655903895             
14      15             0.00017269576655887242             
14      18             0.0001726957665588169              
13      17             0.0001726957665587614              
16      18             0.0001726957665587059              
13      18             0.00017269576655859487             
16      17             0.00017269576655853935             
12      16             0.00017269576655848384             
12      15             0.00017269576655848384             
9       10             0.00017269576655837282             
12      17             0.0001726957665583173              
12      14             0.0001726957665583173              
17      18             0.00017269576655809526             
12      18             0.00017269576655809526             
8       9              0.00017269576655803975             
31      34             0.00017269576655792873             
30      32             0.00017269576655792873             
1       2              0.00017269576655787322             
31      33             0.00017269576655787322             
29      30             0.00017269576655787322             
30      33             0.00017269576655787322             
32      34             0.00017269576655787322             
30      31             0.00017269576655787322             
30      34             0.00017269576655787322             
12      13             0.00017269576655787322             
29      34             0.0001726957665578177              
31      32             0.0001726957665578177              
8       10             0.0001726957665577622              
29      31             0.0001726957665577622              
29      32             0.0001726957665577622              
32      33             0.0001726957665577622              
28      31             0.0001726957665577622              
28      34             0.0001726957665577622              
28      32             0.0001726957665577622              
28      30             0.0001726957665577622              
29      33             0.0001726957665577067              
33      34             0.0001726957665577067              
28      33             0.0001726957665577067              
28      29             0.00017269576655765118             
3       4              0.0001726957665572626              
6       8              0.0001726957665568185              
17      19             0.00017269576655670749             
17      20             0.00017269576655670749             
3       8              0.00017269576655665198             
6       11             0.00017269576655659646             
3       7              0.00017269576655654095             
6       7              0.00017269576655642993             
11      16             0.0001726957665563189              
16      20             0.00017269576655620789             
11      15             0.00017269576655620789             
3       5              0.00017269576655615237             
16      19             0.00017269576655609686             
3       6              0.00017269576655604135             
11      17             0.00017269576655604135             
11      14             0.00017269576655604135             
23      25             0.00017269576655598584             
21      24             0.00017269576655593033             
23      24             0.00017269576655593033             
23      26             0.00017269576655593033             
15      19             0.00017269576655587482             
24      26             0.00017269576655587482             
21      25             0.00017269576655587482             
23      27             0.00017269576655587482             
21      23             0.00017269576655587482             
11      18             0.0001726957665558193              
11      13             0.0001726957665558193              
22      24             0.0001726957665558193              
22      26             0.0001726957665558193              
22      23             0.0001726957665558193              
24      27             0.0001726957665558193              
21      26             0.0001726957665558193              
2       4              0.0001726957665557638              
15      20             0.0001726957665557638              
22      25             0.0001726957665557638              
22      27             0.0001726957665557638              
24      25             0.0001726957665557638              
25      26             0.0001726957665557638              
25      27             0.0001726957665557638              
26      27             0.0001726957665557638              
21      27             0.0001726957665557638              
2       9              0.00017269576655570829             
21      22             0.00017269576655570829             
5       10             0.00017269576655565277             
6       12             0.00017269576655565277             
7       9              0.00017269576655559726             
21      30             0.00017269576655543073             
23      30             0.00017269576655543073             
7       10             0.00017269576655537522             
4       9              0.00017269576655537522             
5       9              0.00017269576655537522             
27      30             0.00017269576655537522             
21      32             0.00017269576655537522             
23      32             0.00017269576655537522             
21      28             0.00017269576655537522             
2       6              0.0001726957665553197              
24      34             0.0001726957665553197              
26      34             0.0001726957665553197              
22      30             0.0001726957665553197              
26      32             0.0001726957665553197              
21      31             0.0001726957665553197              
21      34             0.0001726957665553197              
23      34             0.0001726957665553197              
24      28             0.0001726957665553197              
25      30             0.0001726957665553197              
26      28             0.0001726957665553197              
26      30             0.0001726957665553197              
27      28             0.0001726957665553197              
23      28             0.0001726957665553197              
1       10             0.0001726957665552642              
21      33             0.0001726957665552642              
23      33             0.0001726957665552642              
24      31             0.0001726957665552642              
27      34             0.0001726957665552642              
22      28             0.0001726957665552642              
24      32             0.0001726957665552642              
25      32             0.0001726957665552642              
27      32             0.0001726957665552642              
23      31             0.0001726957665552642              
24      30             0.0001726957665552642              
4       8              0.00017269576655520869             
1       3              0.00017269576655520869             
25      31             0.00017269576655520869             
25      34             0.00017269576655520869             
27      31             0.00017269576655520869             
25      28             0.00017269576655520869             
7       8              0.00017269576655515317             
2       10             0.00017269576655515317             
1       9              0.00017269576655515317             
22      29             0.00017269576655515317             
22      31             0.00017269576655515317             
22      34             0.00017269576655515317             
24      33             0.00017269576655515317             
26      33             0.00017269576655515317             
27      29             0.00017269576655515317             
21      29             0.00017269576655515317             
23      29             0.00017269576655515317             
26      31             0.00017269576655515317             
4       10             0.00017269576655509766             
24      29             0.00017269576655509766             
25      29             0.00017269576655509766             
25      33             0.00017269576655509766             
26      29             0.00017269576655509766             
27      33             0.00017269576655509766             
22      32             0.00017269576655509766             
3       12             0.00017269576655504215             
3       11             0.00017269576655504215             
22      33             0.00017269576655504215             
1       4              0.00017269576655498664             
1       5              0.00017269576655498664             
3       9              0.00017269576655498664             
14      19             0.00017269576655493113             
14      20             0.00017269576655493113             
4       7              0.0001726957665547646              
2       8              0.0001726957665547646              
6       10             0.0001726957665547646              
1       7              0.00017269576655470908             
4       6              0.00017269576655465357             
2       3              0.00017269576655465357             
6       9              0.00017269576655465357             
18      20             0.00017269576655459806             
3       10             0.00017269576655459806             
4       5              0.00017269576655459806             
18      19             0.00017269576655454255             
1       8              0.00017269576655443153             
19      26             0.00017269576655443153             
20      26             0.00017269576655443153             
5       8              0.00017269576655437602             
19      22             0.00017269576655437602             
20      22             0.00017269576655437602             
19      24             0.00017269576655437602             
19      25             0.00017269576655437602             
19      27             0.00017269576655437602             
20      24             0.00017269576655437602             
20      25             0.00017269576655437602             
20      27             0.00017269576655437602             
19      23             0.00017269576655437602             
20      23             0.00017269576655437602             
2       5              0.00017269576655437602             
5       7              0.0001726957665543205              
19      21             0.0001726957665543205              
7       11             0.0001726957665543205              
5       11             0.0001726957665543205              
20      21             0.000172695766554265               
1       11             0.000172695766554265               
4       15             0.00017269576655415397             
13      20             0.00017269576655409846             
4       16             0.00017269576655404295             
13      19             0.00017269576655398744             
1       12             0.00017269576655398744             
4       14             0.00017269576655393193             
10      11             0.00017269576655393193             
5       15             0.00017269576655393193             
5       14             0.00017269576655387642             
20      32             0.0001726957665538209              
2       7              0.0001726957665538209              
10      12             0.0001726957665538209              
2       17             0.0001726957665538209              
5       16             0.0001726957665538209              
19      34             0.0001726957665537654              
20      34             0.0001726957665537654              
19      32             0.0001726957665537654              
19      28             0.0001726957665537654              
19      30             0.0001726957665537654              
20      28             0.0001726957665537654              
20      30             0.0001726957665537654              
1       6              0.0001726957665537654              
4       11             0.0001726957665537654              
7       12             0.0001726957665537654              
9       12             0.0001726957665537654              
9       11             0.0001726957665537654              
2       15             0.0001726957665537654              
19      29             0.00017269576655370988             
19      31             0.00017269576655370988             
20      31             0.00017269576655370988             
4       17             0.00017269576655370988             
8       11             0.00017269576655370988             
5       13             0.00017269576655370988             
1       16             0.00017269576655370988             
2       16             0.00017269576655370988             
11      12             0.00017269576655370988             
19      33             0.00017269576655365437             
20      29             0.00017269576655365437             
20      33             0.00017269576655365437             
4       13             0.00017269576655365437             
2       18             0.00017269576655365437             
8       12             0.00017269576655365437             
5       17             0.00017269576655365437             
3       16             0.00017269576655365437             
5       6              0.00017269576655359886             
7       16             0.00017269576655359886             
2       14             0.00017269576655359886             
3       15             0.00017269576655359886             
5       18             0.00017269576655354335             
7       17             0.00017269576655354335             
5       12             0.00017269576655354335             
2       13             0.00017269576655354335             
1       14             0.00017269576655354335             
7       15             0.00017269576655354335             
9       16             0.00017269576655354335             
10      16             0.00017269576655348784             
7       14             0.00017269576655348784             
4       12             0.00017269576655343233             
7       13             0.00017269576655343233             
1       17             0.00017269576655343233             
2       12             0.00017269576655343233             
2       11             0.00017269576655343233             
1       15             0.00017269576655343233             
10      15             0.00017269576655337682             
9       15             0.00017269576655337682             
4       18             0.0001726957665533213              
3       14             0.0001726957665533213              
7       18             0.0001726957665532658              
1       13             0.0001726957665532658              
8       16             0.0001726957665532658              
9       14             0.0001726957665532658              
9       17             0.00017269576655321028             
8       15             0.00017269576655321028             
1       18             0.00017269576655315477             
3       17             0.00017269576655315477             
10      17             0.00017269576655309926             
9       18             0.00017269576655309926             
10      14             0.00017269576655309926             
9       13             0.00017269576655309926             
6       16             0.00017269576655309926             
8       17             0.00017269576655298824             
8       14             0.00017269576655298824             
10      18             0.00017269576655293273             
3       13             0.00017269576655293273             
6       13             0.00017269576655293273             
6       14             0.00017269576655293273             
6       15             0.00017269576655293273             
8       18             0.00017269576655287722             
6       18             0.00017269576655287722             
8       13             0.0001726957665528217              
6       17             0.0001726957665528217              
10      13             0.0001726957665527662              
6       20             0.00017269576655271068             
3       18             0.00017269576655271068             
6       19             0.00017269576655259966             
19      20             0.00017269576655254415             
5       25             0.00017269576655243313             
5       26             0.00017269576655243313             
5       23             0.00017269576655243313             
5       27             0.00017269576655237762             
5       21             0.00017269576655237762             
5       22             0.0001726957665523221              
1       25             0.0001726957665523221              
5       24             0.0001726957665523221              
1       24             0.0001726957665522666              
1       26             0.0001726957665522666              
1       27             0.0001726957665522666              
1       21             0.0001726957665522666              
1       23             0.0001726957665522666              
2       24             0.0001726957665522666              
2       25             0.0001726957665522666              
2       21             0.0001726957665522666              
2       23             0.0001726957665522666              
12      20             0.00017269576655221108             
4       25             0.00017269576655221108             
2       26             0.00017269576655221108             
2       27             0.00017269576655221108             
12      19             0.00017269576655215557             
4       26             0.00017269576655215557             
4       21             0.00017269576655215557             
4       23             0.00017269576655215557             
7       24             0.00017269576655215557             
1       22             0.00017269576655215557             
2       22             0.00017269576655215557             
4       24             0.00017269576655210006             
4       27             0.00017269576655210006             
7       25             0.00017269576655204455             
7       27             0.00017269576655204455             
7       23             0.00017269576655204455             
7       21             0.00017269576655198904             
4       22             0.00017269576655193353             
7       22             0.00017269576655193353             
7       26             0.00017269576655193353             
9       27             0.00017269576655187802             
9       23             0.00017269576655187802             
5       33             0.0001726957665518225              
5       34             0.0001726957665518225              
8       27             0.0001726957665518225              
9       25             0.0001726957665518225              
9       21             0.0001726957665518225              
11      25             0.0001726957665518225              
11      27             0.0001726957665518225              
11      23             0.0001726957665518225              
5       28             0.000172695766551767               
5       30             0.000172695766551767               
10      24             0.000172695766551767               
10      27             0.000172695766551767               
10      21             0.000172695766551767               
10      23             0.000172695766551767               
8       23             0.000172695766551767               
3       25             0.000172695766551767               
9       24             0.000172695766551767               
11      24             0.000172695766551767               
5       31             0.00017269576655171148             
5       32             0.00017269576655171148             
1       28             0.00017269576655171148             
1       30             0.00017269576655171148             
2       28             0.00017269576655171148             
2       30             0.00017269576655171148             
10      22             0.00017269576655171148             
10      25             0.00017269576655171148             
10      26             0.00017269576655171148             
8       24             0.00017269576655171148             
8       25             0.00017269576655171148             
9       26             0.00017269576655171148             
11      21             0.00017269576655171148             
5       29             0.00017269576655165597             
1       31             0.00017269576655165597             
1       34             0.00017269576655165597             
1       32             0.00017269576655165597             
2       32             0.00017269576655165597             
8       21             0.00017269576655165597             
3       21             0.00017269576655165597             
3       23             0.00017269576655165597             
9       22             0.00017269576655165597             
6       25             0.00017269576655165597             
6       27             0.00017269576655165597             
6       21             0.00017269576655165597             
11      26             0.00017269576655165597             
3       20             0.00017269576655160046             
1       29             0.00017269576655160046             
1       33             0.00017269576655160046             
2       29             0.00017269576655160046             
8       26             0.00017269576655160046             
3       24             0.00017269576655160046             
3       26             0.00017269576655160046             
6       23             0.00017269576655160046             
11      22             0.00017269576655160046             
3       19             0.00017269576655154495             
4       28             0.00017269576655154495             
2       33             0.00017269576655154495             
2       31             0.00017269576655154495             
2       34             0.00017269576655154495             
8       22             0.00017269576655154495             
3       27             0.00017269576655154495             
6       22             0.00017269576655154495             
6       24             0.00017269576655154495             
6       26             0.00017269576655154495             
4       32             0.00017269576655148944             
4       30             0.00017269576655148944             
7       33             0.00017269576655148944             
3       22             0.00017269576655148944             
4       31             0.00017269576655143393             
4       34             0.00017269576655143393             
7       34             0.00017269576655143393             
7       28             0.00017269576655143393             
4       29             0.00017269576655137842             
4       33             0.00017269576655137842             
7       30             0.00017269576655137842             
7       31             0.0001726957665513229              
7       32             0.0001726957665513229              
7       29             0.0001726957665512674              
10      30             0.0001726957665512674              
9       30             0.0001726957665512674              
9       32             0.00017269576655121188             
11      30             0.00017269576655121188             
10      28             0.00017269576655115637             
9       31             0.00017269576655115637             
9       34             0.00017269576655115637             
9       28             0.00017269576655115637             
11      28             0.00017269576655115637             
10      29             0.00017269576655110086             
10      31             0.00017269576655110086             
10      34             0.00017269576655110086             
8       34             0.00017269576655110086             
10      32             0.00017269576655110086             
8       30             0.00017269576655110086             
9       29             0.00017269576655110086             
3       30             0.00017269576655110086             
11      34             0.00017269576655110086             
10      33             0.00017269576655104535             
8       33             0.00017269576655104535             
8       31             0.00017269576655104535             
9       33             0.00017269576655104535             
3       28             0.00017269576655104535             
6       30             0.00017269576655104535             
11      29             0.00017269576655104535             
11      31             0.00017269576655104535             
11      32             0.00017269576655104535             
7       19             0.00017269576655098984             
8       29             0.00017269576655098984             
8       32             0.00017269576655098984             
3       34             0.00017269576655098984             
8       28             0.00017269576655098984             
3       32             0.00017269576655098984             
6       31             0.00017269576655098984             
6       32             0.00017269576655098984             
6       28             0.00017269576655098984             
11      33             0.00017269576655098984             
7       20             0.00017269576655093433             
6       33             0.00017269576655093433             
6       34             0.00017269576655093433             
3       29             0.00017269576655087882             
3       33             0.00017269576655087882             
3       31             0.00017269576655087882             
6       29             0.00017269576655087882             
8       20             0.0001726957665507678              
10      20             0.00017269576655071228             
8       19             0.00017269576655071228             
9       20             0.00017269576655071228             
11      19             0.00017269576655071228             
10      19             0.00017269576655065677             
9       19             0.00017269576655060126             
11      20             0.00017269576655060126             
18      22             0.00017269576655049024             
18      24             0.00017269576655049024             
18      25             0.00017269576655049024             
18      26             0.00017269576655049024             
18      21             0.00017269576655049024             
12      27             0.00017269576655049024             
12      23             0.00017269576655049024             
18      23             0.00017269576655043473             
12      21             0.00017269576655043473             
1       20             0.00017269576655037921             
12      25             0.00017269576655037921             
5       20             0.0001726957665503237              
18      27             0.0001726957665503237              
12      24             0.0001726957665503237              
13      23             0.0001726957665503237              
1       19             0.0001726957665502682              
12      22             0.0001726957665502682              
12      26             0.0001726957665502682              
13      24             0.0001726957665502682              
13      25             0.0001726957665502682              
13      26             0.0001726957665502682              
13      27             0.0001726957665502682              
13      21             0.0001726957665502682              
5       19             0.00017269576655021268             
4       19             0.00017269576655010166             
4       20             0.00017269576655010166             
17      22             0.00017269576655010166             
13      22             0.00017269576655010166             
17      24             0.00017269576655010166             
17      26             0.00017269576655010166             
17      21             0.00017269576655010166             
17      23             0.00017269576655010166             
14      25             0.00017269576655010166             
14      27             0.00017269576655010166             
15      27             0.00017269576655010166             
17      25             0.00017269576655004615             
17      27             0.00017269576655004615             
14      22             0.00017269576655004615             
14      24             0.00017269576655004615             
14      26             0.00017269576655004615             
14      21             0.00017269576655004615             
14      23             0.00017269576655004615             
15      24             0.00017269576655004615             
15      26             0.00017269576654999064             
18      30             0.00017269576654993513             
16      22             0.00017269576654993513             
16      24             0.00017269576654993513             
16      27             0.00017269576654993513             
15      25             0.00017269576654993513             
18      34             0.00017269576654987961             
18      32             0.00017269576654987961             
12      28             0.00017269576654987961             
16      26             0.00017269576654987961             
15      22             0.00017269576654987961             
15      21             0.00017269576654987961             
15      23             0.00017269576654987961             
2       19             0.0001726957665498241              
2       20             0.0001726957665498241              
18      33             0.0001726957665498241              
18      28             0.0001726957665498241              
12      32             0.0001726957665498241              
12      30             0.0001726957665498241              
16      25             0.0001726957665498241              
16      21             0.0001726957665498241              
16      23             0.0001726957665498241              
18      31             0.0001726957665497686              
12      31             0.0001726957665497686              
12      34             0.0001726957665497686              
13      30             0.0001726957665497686              
18      29             0.00017269576654971308             
12      29             0.00017269576654971308             
17      30             0.00017269576654971308             
13      34             0.00017269576654965757             
13      32             0.00017269576654965757             
12      33             0.00017269576654960206             
13      29             0.00017269576654960206             
13      31             0.00017269576654960206             
17      28             0.00017269576654960206             
13      28             0.00017269576654960206             
14      32             0.00017269576654960206             
17      33             0.00017269576654954655             
13      33             0.00017269576654954655             
17      31             0.00017269576654954655             
14      28             0.00017269576654954655             
14      30             0.00017269576654954655             
17      29             0.00017269576654949104             
17      34             0.00017269576654949104             
17      32             0.00017269576654949104             
14      31             0.00017269576654949104             
15      30             0.00017269576654949104             
14      29             0.00017269576654943553             
14      33             0.00017269576654943553             
16      30             0.00017269576654943553             
14      34             0.00017269576654938001             
15      29             0.00017269576654938001             
15      32             0.00017269576654938001             
15      28             0.00017269576654938001             
16      29             0.0001726957665493245              
16      31             0.0001726957665493245              
16      32             0.0001726957665493245              
15      31             0.0001726957665493245              
15      34             0.0001726957665493245              
16      28             0.0001726957665493245              
16      33             0.000172695766549269               
16      34             0.000172695766549269               
15      33             0.000172695766549269               
21      35             -0.0019184618819057253             
23      35             -0.0019184618819057253             
24      35             -0.001918461881905753              
26      35             -0.0019184618819057808             
27      35             -0.0019184618819057808             
22      35             -0.0019184618819058086             
25      35             -0.0019184618819058086             
32      35             -0.0019184618819060029             
30      35             -0.0019184618819060029             
33      35             -0.0019184618819060306             
31      35             -0.0019184618819060306             
34      35             -0.0019184618819060306             
28      35             -0.0019184618819060306             
29      35             -0.0019184618819060861             
13      35             -0.0019184618819060861             
19      35             -0.0019184618819065025             
20      35             -0.0019184618819065025             
17      35             -0.0019184618819066135             
15      35             -0.0019184618819066412             
14      35             -0.0019184618819066968             
16      35             -0.0019184618819066968             
3       35             -0.001918461881906891              
4       35             -0.0019184618819069743             
7       35             -0.001918461881907002              
5       35             -0.0019184618819070298             
10      35             -0.0019184618819070853             
9       35             -0.0019184618819070853             
11      35             -0.0019184618819070853             
8       35             -0.001918461881907113              
1       35             -0.001918461881907113              
18      35             -0.0019184618819073074             
6       35             -0.0019184618819073074             
2       35             -0.0019184618819077237             
12      35             -0.0019184618819077792             
