#======================================================================
# PARAMETERS USED FOR THIS COMPUTATION: 
#      Sequence type: RNA
#      Total number of sequences in alignment data: 2
#      Length of sequences in alignment data: 32
#      Effective number of sequences: 1.0
#      Value of sequence identity: 0.8
#      Value of relative pseudocount: 0.5
# The First and Second columns represent sites and the
# Third column is MFDCA Frobenius norm, average product corrected (APC) DCA score
#======================================================================
6       17             0.00022707213193423614             
6       18             0.00022707213193423614             
3       18             0.00022707213193412512             
3       17             0.0002270721319340696              
10      18             0.00022707213193268183             
9       18             0.00022707213193262632             
7       18             0.00022707213193262632             
9       17             0.0002270721319325708              
10      17             0.0002270721319325708              
15      18             0.0002270721319325153              
7       17             0.0002270721319325153              
13      21             0.00022707213193245979             
13      30             0.00022707213193245979             
13      31             0.00022707213193245979             
8       18             0.00022707213193245979             
13      19             0.00022707213193240428             
13      20             0.00022707213193240428             
13      23             0.00022707213193240428             
13      25             0.00022707213193240428             
13      28             0.00022707213193240428             
14      18             0.00022707213193240428             
15      17             0.00022707213193234876             
13      24             0.00022707213193234876             
13      27             0.00022707213193234876             
13      29             0.00022707213193234876             
8       17             0.00022707213193234876             
13      22             0.00022707213193229325             
13      26             0.00022707213193229325             
5       20             0.00022707213193229325             
5       21             0.00022707213193229325             
5       22             0.00022707213193229325             
14      17             0.00022707213193223774             
5       23             0.00022707213193223774             
6       9              0.00022707213193218223             
5       19             0.00022707213193218223             
5       25             0.00022707213193218223             
5       26             0.00022707213193218223             
5       29             0.00022707213193218223             
5       30             0.00022707213193218223             
5       31             0.00022707213193218223             
16      21             0.00022707213193218223             
16      23             0.00022707213193218223             
5       24             0.00022707213193212672             
5       27             0.00022707213193212672             
5       28             0.00022707213193212672             
16      28             0.00022707213193212672             
11      17             0.0002270721319320712              
11      18             0.0002270721319320712              
16      19             0.0002270721319320712              
16      22             0.0002270721319320712              
16      24             0.0002270721319320712              
16      25             0.0002270721319320712              
16      26             0.0002270721319320712              
16      30             0.0002270721319320712              
8       20             0.0002270721319320712              
8       21             0.0002270721319320712              
8       23             0.0002270721319320712              
8       30             0.0002270721319320712              
8       31             0.0002270721319320712              
16      20             0.0002270721319320157              
16      27             0.0002270721319320157              
16      29             0.0002270721319320157              
16      31             0.0002270721319320157              
8       19             0.0002270721319320157              
8       22             0.0002270721319320157              
8       24             0.0002270721319320157              
8       26             0.0002270721319320157              
8       28             0.0002270721319320157              
8       29             0.0002270721319320157              
4       18             0.00022707213193196019             
3       9              0.00022707213193196019             
1       24             0.00022707213193196019             
2       20             0.00022707213193196019             
2       25             0.00022707213193196019             
2       28             0.00022707213193196019             
7       19             0.00022707213193196019             
8       25             0.00022707213193196019             
1       19             0.00022707213193190467             
1       23             0.00022707213193190467             
1       27             0.00022707213193190467             
2       19             0.00022707213193190467             
2       21             0.00022707213193190467             
2       24             0.00022707213193190467             
2       26             0.00022707213193190467             
2       27             0.00022707213193190467             
7       20             0.00022707213193190467             
7       21             0.00022707213193190467             
7       22             0.00022707213193190467             
7       23             0.00022707213193190467             
7       24             0.00022707213193190467             
7       25             0.00022707213193190467             
7       29             0.00022707213193190467             
8       27             0.00022707213193190467             
4       17             0.00022707213193184916             
4       19             0.00022707213193184916             
4       23             0.00022707213193184916             
1       21             0.00022707213193184916             
1       22             0.00022707213193184916             
1       25             0.00022707213193184916             
1       26             0.00022707213193184916             
1       28             0.00022707213193184916             
1       29             0.00022707213193184916             
1       30             0.00022707213193184916             
2       22             0.00022707213193184916             
2       23             0.00022707213193184916             
11      21             0.00022707213193184916             
11      25             0.00022707213193184916             
7       26             0.00022707213193184916             
7       27             0.00022707213193184916             
1       18             0.00022707213193179365             
12      17             0.00022707213193179365             
4       21             0.00022707213193179365             
4       24             0.00022707213193179365             
4       25             0.00022707213193179365             
1       20             0.00022707213193179365             
2       29             0.00022707213193179365             
11      19             0.00022707213193179365             
11      23             0.00022707213193179365             
11      29             0.00022707213193179365             
15      21             0.00022707213193179365             
15      23             0.00022707213193179365             
15      25             0.00022707213193179365             
7       30             0.00022707213193179365             
2       4              0.00022707213193173814             
12      18             0.00022707213193173814             
4       26             0.00022707213193173814             
1       31             0.00022707213193173814             
2       30             0.00022707213193173814             
11      20             0.00022707213193173814             
11      22             0.00022707213193173814             
11      30             0.00022707213193173814             
15      22             0.00022707213193173814             
15      26             0.00022707213193173814             
15      28             0.00022707213193173814             
15      29             0.00022707213193173814             
14      21             0.00022707213193173814             
14      23             0.00022707213193173814             
7       28             0.00022707213193173814             
3       10             0.00022707213193168263             
4       20             0.00022707213193168263             
4       27             0.00022707213193168263             
4       28             0.00022707213193168263             
4       29             0.00022707213193168263             
4       30             0.00022707213193168263             
6       10             0.00022707213193168263             
2       31             0.00022707213193168263             
11      24             0.00022707213193168263             
11      26             0.00022707213193168263             
11      27             0.00022707213193168263             
11      28             0.00022707213193168263             
11      31             0.00022707213193168263             
15      19             0.00022707213193168263             
15      24             0.00022707213193168263             
15      27             0.00022707213193168263             
15      30             0.00022707213193168263             
15      31             0.00022707213193168263             
14      19             0.00022707213193168263             
14      24             0.00022707213193168263             
14      26             0.00022707213193168263             
14      28             0.00022707213193168263             
7       31             0.00022707213193168263             
2       17             0.00022707213193162712             
4       22             0.00022707213193162712             
4       31             0.00022707213193162712             
15      20             0.00022707213193162712             
14      22             0.00022707213193162712             
14      29             0.00022707213193162712             
14      31             0.00022707213193162712             
6       19             0.00022707213193162712             
1       17             0.0002270721319315716              
14      20             0.0002270721319315716              
14      25             0.0002270721319315716              
14      27             0.0002270721319315716              
14      30             0.0002270721319315716              
6       23             0.0002270721319315716              
2       18             0.0002270721319315161              
12      19             0.0002270721319315161              
12      20             0.0002270721319315161              
12      22             0.0002270721319315161              
12      25             0.0002270721319315161              
12      26             0.0002270721319315161              
12      27             0.0002270721319315161              
12      29             0.0002270721319315161              
12      30             0.0002270721319315161              
6       24             0.0002270721319315161              
6       25             0.0002270721319315161              
6       26             0.0002270721319315161              
6       27             0.0002270721319315161              
6       28             0.0002270721319315161              
5       18             0.00022707213193146059             
12      24             0.00022707213193146059             
12      31             0.00022707213193146059             
5       17             0.00022707213193140507             
3       19             0.00022707213193140507             
12      21             0.00022707213193140507             
12      23             0.00022707213193140507             
12      28             0.00022707213193140507             
6       20             0.00022707213193140507             
6       21             0.00022707213193140507             
6       22             0.00022707213193140507             
6       29             0.00022707213193140507             
2       3              0.00022707213193134956             
3       23             0.00022707213193134956             
6       30             0.00022707213193134956             
3       24             0.00022707213193129405             
3       25             0.00022707213193129405             
3       27             0.00022707213193129405             
3       28             0.00022707213193129405             
6       31             0.00022707213193129405             
3       22             0.00022707213193123854             
3       26             0.00022707213193123854             
10      22             0.00022707213193118303             
10      23             0.00022707213193118303             
3       20             0.00022707213193118303             
3       21             0.00022707213193118303             
3       29             0.00022707213193118303             
3       4              0.00022707213193112752             
9       28             0.00022707213193112752             
10      21             0.00022707213193112752             
10      24             0.00022707213193112752             
10      25             0.00022707213193112752             
10      28             0.00022707213193112752             
3       30             0.00022707213193112752             
9       25             0.000227072131931072               
9       26             0.000227072131931072               
9       27             0.000227072131931072               
9       30             0.000227072131931072               
10      19             0.000227072131931072               
10      20             0.000227072131931072               
10      26             0.000227072131931072               
10      27             0.000227072131931072               
10      29             0.000227072131931072               
3       31             0.000227072131931072               
9       22             0.0002270721319310165              
9       24             0.0002270721319310165              
10      30             0.0002270721319310165              
10      31             0.0002270721319310165              
3       6              0.0002270721319310165              
9       23             0.00022707213193096099             
9       29             0.00022707213193096099             
9       31             0.00022707213193096099             
3       5              0.00022707213193090547             
9       19             0.00022707213193090547             
9       20             0.00022707213193090547             
9       21             0.00022707213193090547             
12      14             0.00022707213193090547             
1       3              0.00022707213193084996             
12      16             0.00022707213193084996             
10      12             0.00022707213193079445             
12      15             0.00022707213193079445             
13      18             0.00022707213193073894             
1       4              0.00022707213193068343             
9       12             0.00022707213193068343             
9       16             0.0002270721319305724              
10      11             0.0002270721319305724              
11      14             0.0002270721319305169              
14      15             0.0002270721319305169              
13      17             0.00022707213193046138             
12      13             0.00022707213193046138             
9       15             0.00022707213193046138             
1       2              0.00022707213193046138             
9       14             0.00022707213193046138             
7       10             0.00022707213193046138             
9       11             0.00022707213193040587             
15      16             0.00022707213193040587             
10      16             0.00022707213193035036             
10      14             0.00022707213193035036             
10      15             0.00022707213193029485             
11      12             0.00022707213193029485             
14      16             0.00022707213193029485             
11      15             0.00022707213193023934             
11      16             0.00022707213193023934             
6       7              0.00022707213193023934             
10      13             0.00022707213193012832             
6       8              0.00022707213193012832             
19      25             0.00022707213193012832             
19      27             0.00022707213193012832             
19      29             0.00022707213193012832             
20      26             0.00022707213193012832             
21      25             0.00022707213193012832             
23      24             0.00022707213193012832             
23      25             0.00022707213193012832             
19      24             0.0002270721319300728              
19      26             0.0002270721319300728              
19      28             0.0002270721319300728              
19      30             0.0002270721319300728              
19      31             0.0002270721319300728              
20      25             0.0002270721319300728              
21      26             0.0002270721319300728              
21      27             0.0002270721319300728              
21      28             0.0002270721319300728              
23      26             0.0002270721319300728              
23      27             0.0002270721319300728              
23      28             0.0002270721319300728              
23      29             0.0002270721319300728              
23      30             0.0002270721319300728              
24      29             0.0002270721319300728              
25      26             0.0002270721319300728              
25      27             0.0002270721319300728              
25      29             0.0002270721319300728              
26      29             0.0002270721319300728              
27      29             0.0002270721319300728              
28      29             0.0002270721319300728              
5       16             0.0002270721319300173              
19      20             0.0002270721319300173              
19      21             0.0002270721319300173              
19      22             0.0002270721319300173              
19      23             0.0002270721319300173              
20      24             0.0002270721319300173              
20      27             0.0002270721319300173              
20      29             0.0002270721319300173              
21      23             0.0002270721319300173              
21      24             0.0002270721319300173              
21      29             0.0002270721319300173              
21      30             0.0002270721319300173              
22      24             0.0002270721319300173              
22      25             0.0002270721319300173              
22      26             0.0002270721319300173              
22      27             0.0002270721319300173              
22      29             0.0002270721319300173              
24      25             0.0002270721319300173              
24      27             0.0002270721319300173              
25      28             0.0002270721319300173              
25      31             0.0002270721319300173              
26      27             0.0002270721319300173              
26      28             0.0002270721319300173              
27      28             0.0002270721319300173              
27      30             0.0002270721319300173              
27      31             0.0002270721319300173              
28      30             0.0002270721319300173              
7       9              0.00022707213192996178             
5       12             0.00022707213192996178             
8       10             0.00022707213192996178             
20      21             0.00022707213192996178             
20      30             0.00022707213192996178             
20      31             0.00022707213192996178             
22      31             0.00022707213192996178             
23      31             0.00022707213192996178             
24      26             0.00022707213192996178             
24      28             0.00022707213192996178             
24      30             0.00022707213192996178             
25      30             0.00022707213192996178             
26      30             0.00022707213192996178             
26      31             0.00022707213192996178             
28      31             0.00022707213192996178             
29      31             0.00022707213192996178             
30      31             0.00022707213192996178             
11      13             0.00022707213192990627             
4       7              0.00022707213192990627             
20      23             0.00022707213192990627             
20      28             0.00022707213192990627             
21      31             0.00022707213192990627             
22      23             0.00022707213192990627             
22      28             0.00022707213192990627             
22      30             0.00022707213192990627             
24      31             0.00022707213192990627             
29      30             0.00022707213192990627             
9       13             0.00022707213192985076             
21      22             0.00022707213192985076             
5       15             0.00022707213192979525             
8       9              0.00022707213192979525             
20      22             0.00022707213192979525             
1       5              0.00022707213192973974             
5       14             0.00022707213192973974             
2       7              0.00022707213192973974             
9       10             0.00022707213192968423             
16      17             0.00022707213192968423             
5       11             0.00022707213192968423             
18      26             0.00022707213192968423             
7       8              0.00022707213192968423             
16      18             0.00022707213192962872             
18      20             0.00022707213192962872             
18      25             0.00022707213192962872             
18      27             0.00022707213192962872             
4       10             0.0002270721319295732              
4       8              0.0002270721319295732              
17      20             0.0002270721319295732              
17      26             0.0002270721319295732              
17      27             0.0002270721319295732              
17      28             0.0002270721319295732              
17      29             0.0002270721319295732              
18      19             0.0002270721319295732              
18      23             0.0002270721319295732              
18      24             0.0002270721319295732              
18      28             0.0002270721319295732              
18      29             0.0002270721319295732              
18      30             0.0002270721319295732              
17      21             0.0002270721319295177              
17      24             0.0002270721319295177              
17      25             0.0002270721319295177              
17      30             0.0002270721319295177              
17      31             0.0002270721319295177              
18      21             0.0002270721319295177              
18      31             0.0002270721319295177              
18      22             0.00022707213192946218             
4       9              0.00022707213192940667             
13      14             0.00022707213192940667             
1       10             0.00022707213192940667             
17      19             0.00022707213192940667             
17      23             0.00022707213192940667             
7       11             0.00022707213192940667             
1       6              0.00022707213192940667             
8       12             0.00022707213192940667             
2       14             0.00022707213192935116             
17      22             0.00022707213192935116             
1       7              0.00022707213192935116             
2       8              0.00022707213192935116             
8       16             0.00022707213192935116             
8       14             0.00022707213192935116             
5       13             0.00022707213192929565             
1       9              0.00022707213192929565             
2       15             0.00022707213192929565             
7       12             0.00022707213192929565             
8       15             0.00022707213192929565             
2       16             0.00022707213192924014             
2       12             0.00022707213192924014             
4       6              0.00022707213192918463             
1       12             0.00022707213192918463             
1       8              0.00022707213192918463             
7       14             0.00022707213192918463             
13      16             0.00022707213192912912             
5       6              0.00022707213192912912             
1       16             0.0002270721319290736              
7       16             0.0002270721319290736              
13      15             0.0002270721319290181              
4       16             0.0002270721319290181              
1       15             0.0002270721319290181              
5       7              0.0002270721319290181              
7       15             0.0002270721319290181              
4       15             0.00022707213192896258             
4       12             0.00022707213192896258             
8       11             0.00022707213192896258             
2       10             0.00022707213192890707             
2       5              0.00022707213192890707             
3       8              0.00022707213192890707             
6       16             0.00022707213192890707             
6       12             0.00022707213192890707             
2       9              0.00022707213192885156             
2       11             0.00022707213192885156             
4       14             0.00022707213192885156             
1       14             0.00022707213192885156             
6       15             0.00022707213192885156             
6       14             0.00022707213192885156             
8       13             0.00022707213192874054             
2       6              0.00022707213192874054             
3       7              0.00022707213192874054             
4       11             0.00022707213192868503             
1       11             0.00022707213192868503             
3       16             0.00022707213192868503             
3       12             0.00022707213192868503             
17      18             0.00022707213192862952             
4       13             0.000227072131928574               
3       15             0.000227072131928574               
3       14             0.000227072131928574               
2       13             0.0002270721319285185              
7       13             0.0002270721319285185              
6       11             0.0002270721319285185              
1       13             0.00022707213192846298             
5       8              0.00022707213192846298             
4       5              0.00022707213192840747             
5       10             0.00022707213192840747             
3       11             0.00022707213192829645             
6       13             0.00022707213192818543             
5       9              0.0002270721319280189              
3       13             0.00022707213192796338             
11      32             -0.002295403072778368              
12      32             -0.002295403072778368              
13      32             -0.002295403072778729              
14      32             -0.002295403072778951              
15      32             -0.0022954030727789787             
16      32             -0.0022954030727789787             
1       32             -0.0022954030727791175             
7       32             -0.0022954030727791175             
8       32             -0.0022954030727791175             
4       32             -0.0022954030727791452             
10      32             -0.002295403072779173              
6       32             -0.002295403072779173              
3       32             -0.0022954030727792285             
5       32             -0.002295403072779506              
9       32             -0.002295403072779534              
2       32             -0.002295403072779867              
21      32             -0.002295403072780283              
26      32             -0.002295403072780283              
28      32             -0.002295403072780283              
23      32             -0.002295403072780311              
24      32             -0.002295403072780311              
25      32             -0.002295403072780311              
27      32             -0.002295403072780311              
30      32             -0.002295403072780311              
19      32             -0.0022954030727803387             
20      32             -0.0022954030727803387             
22      32             -0.0022954030727803387             
29      32             -0.0022954030727803387             
31      32             -0.0022954030727803387             
18      32             -0.0022954030727805608             
17      32             -0.002295403072780644              
