#======================================================================
# PARAMETERS USED FOR THIS COMPUTATION: 
#      Sequence type: RNA
#      Total number of sequences in alignment data: 118
#      Length of sequences in alignment data: 34
#      Effective number of sequences: 10.380729195956254
#      Value of sequence identity: 0.8
#      Value of relative pseudocount: 0.5
# The First and Second columns represent sites and the
# Third column is MFDCA Frobenius norm, average product corrected (APC) DCA score
#======================================================================
2       33             2.187867219560786                  
4       31             1.8564754590915769                 
1       34             1.6572834033871562                 
5       30             1.5219706620765932                 
3       32             1.5143946374532709                 
7       28             1.4181096207467356                 
6       29             1.0914278512122644                 
7       27             1.022432750480824                  
16      20             0.94378338237466                   
27      28             0.93633805835065                   
23      31             0.8722080597958906                 
15      21             0.8284256228437529                 
12      30             0.7932736914602986                 
5       12             0.7796282203751432                 
4       23             0.7055599309285121                 
15      16             0.6542875179778274                 
11      24             0.6401082985165152                 
15      20             0.6244497818035588                 
7       34             0.570232774853142                  
10      25             0.566207457717648                  
9       26             0.5486780675463903                 
2       3              0.5418086771367151                 
12      13             0.5408621137631678                 
3       34             0.5343946714390141                 
5       13             0.5248921094492499                 
17      18             0.5161221768520737                 
13      30             0.5131833632651873                 
8       15             0.5124082265353329                 
8       27             0.48922852678749157                
28      34             0.48553562985204246                
16      27             0.4742632859463115                 
4       19             0.46493425038436326                
2       32             0.4606961973186609                 
21      31             0.46004553219157807                
14      23             0.4535993726870741                 
3       33             0.45321884306038207                
20      27             0.44295050296624233                
1       31             0.4422690709564765                 
1       27             0.42837516825261135                
14      22             0.4130487064669595                 
2       34             0.40816389370234807                
8       16             0.3980148938374328                 
17      19             0.39652573586769607                
10      26             0.39425735586718036                
25      26             0.39425735586717775                
22      23             0.39382513840885597                
13      31             0.3900766558709141                 
9       10             0.3851422078596494                 
9       25             0.38514220785964703                
8       20             0.38205282305222055                
32      33             0.3759077537968959                 
13      19             0.37385506648018585                
13      14             0.34487848547059635                
13      21             0.3240042622970426                 
11      26             0.3122246105902032                 
10      11             0.3118484307315364                 
11      25             0.3118484307315348                 
1       32             0.3106912891940501                 
32      34             0.3077075024422198                 
24      31             0.30439640647600896                
1       3              0.3035731420582042                 
9       11             0.3021427228222733                 
19      20             0.30035451288559994                
11      22             0.2684637491599423                 
33      34             0.263854659554535                  
17      30             0.2565253908216671                 
16      21             0.25054356753633766                
4       24             0.2467193354318049                 
12      16             0.24516941674951187                
18      32             0.23592984341866574                
8       12             0.2343816727160123                 
13      20             0.23144152169484744                
5       17             0.2306438460417332                 
1       4              0.21868854669077997                
18      33             0.2153836101848831                 
15      22             0.2017320302902353                 
12      20             0.196874924920725                  
8       21             0.19620478836025357                
6       18             0.19430988305862923                
20      21             0.1906417261324983                 
5       18             0.1835432170818116                 
4       12             0.17062791478454953                
4       21             0.1683957713972053                 
9       24             0.16821462257944672                
26      28             0.16301216898354026                
24      25             0.16298855010954694                
10      24             0.16298855010954402                
24      26             0.16292059785153942                
25      28             0.16260027833771767                
10      28             0.16260027833771468                
16      17             0.16087338558080144                
18      19             0.16080679084496763                
9       28             0.1540689512994195                 
7       26             0.15369157216229717                
7       10             0.15329523374303383                
7       25             0.1532952337430324                 
8       26             0.15252467113521373                
3       18             0.1517780973197706                 
8       25             0.15162919845516915                
8       10             0.15162919845516798                
9       14             0.14596672949056436                
7       9              0.14562584250878946                
13      16             0.14503956583098154                
14      26             0.1448622556566447                 
14      25             0.14471249595657065                
10      14             0.1447124959565706                 
1       24             0.14461496695857984                
2       31             0.14343303652768458                
11      14             0.1418334382789672                 
2       30             0.1325733402347517                 
18      29             0.12400378691694847                
8       9              0.122394156450435                  
12      17             0.12081912894809316                
12      29             0.11889745841538463                
9       29             0.1186263961981934                 
3       19             0.11572511523961498                
7       11             0.11204428002909533                
21      34             0.11179360896355561                
11      28             0.10975475486086506                
21      22             0.10624996808130249                
18      30             0.10607537867887445                
2       5              0.10456783173641832                
18      21             0.10329918616705708                
25      29             0.10142356199864727                
10      29             0.10142356199864683                
17      23             0.10129102488812597                
1       13             0.10125011986361565                
26      29             0.10124053623925794                
6       26             0.10082038581720237                
6       10             0.10047358023511682                
6       25             0.10047358023511652                
17      20             0.09910596883483536                
9       22             0.09630124600275941                
8       19             0.09438937935697983                
6       9              0.09308807148340228                
15      27             0.08974763700085686                
1       6              0.08922273525469065                
8       11             0.08905059926222064                
22      25             0.08541424263679409                
10      22             0.08541424263679354                
22      26             0.08536430125292005                
12      15             0.08414022323391424                
16      23             0.08242738849885684                
12      33             0.08101218542947752                
31      33             0.07988272309191613                
17      32             0.0768026380150843                 
4       13             0.07501614918838384                
21      33             0.07195671920304991                
9       23             0.07183997597606084                
8       18             0.06784772701704861                
4       34             0.06462111560881134                
4       30             0.06391693937273107                
20      23             0.06341669110696802                
17      21             0.061015975713989035               
17      22             0.06058909561164916                
6       22             0.059058811611290896               
1       29             0.05635521119122189                
5       33             0.055958046577047726               
14      24             0.05356316541688111                
19      28             0.05234571974451968                
7       19             0.05199626049707845                
10      23             0.051385870151978374               
23      25             0.05138587015197793                
23      26             0.05116226797621204                
6       14             0.04856068298478161                
14      17             0.045681944428054067               
5       6              0.04436222481026936                
22      29             0.0431232568331984                 
31      34             0.04267462766725827                
14      29             0.042156343219295234               
6       11             0.040617206468366335               
17      28             0.0380421238165386                 
16      18             0.037177072477082296               
22      24             0.03684435991588769                
19      31             0.03450018986912823                
11      29             0.03382601779443151                
6       12             0.033299354243596424               
27      34             0.030972538624608026               
2       21             0.02898399885935643                
21      24             0.02850644789075163                
26      27             0.02815068307961044                
25      27             0.027819186309438526               
10      27             0.027819186309437693               
7       17             0.025344011662975285               
9       27             0.023968395365000672               
7       15             0.021658002794188835               
18      23             0.016028388057958087               
3       17             0.013984533396427024               
17      29             0.013776209803214534               
13      22             0.01264785008530167                
15      32             0.009874993720476122               
1       33             0.009572773354148079               
23      33             0.009171268156832002               
6       17             0.006075191687699155               
12      34             0.003690208984547416               
14      15             0.002104852190687345               
24      27             0.001303223140271259               
7       14             0.000902858512219662               
12      18             -0.0012686591770861289             
18      22             -0.0029741449900499706             
29      30             -0.00334205379086161               
1       7              -0.00836536838271873               
2       22             -0.008634131357682706              
19      29             -0.008687261416131742              
19      22             -0.009728526761339784              
14      28             -0.010420968441486433              
26      32             -0.010854195389121746              
1       19             -0.011108412437300708              
10      32             -0.011457726341918273              
25      32             -0.01145772634191905               
3       22             -0.011990366774763395              
13      23             -0.012431072081666439              
29      32             -0.01395442237863631               
1       15             -0.014609921560685413              
3       30             -0.015216675817041891              
13      24             -0.016859861768048434              
22      32             -0.01809546595410333               
7       29             -0.022646980247153337              
6       7              -0.02346931615021358               
9       17             -0.026141302891258517              
8       24             -0.026561056370206892              
15      34             -0.027613613953941796              
9       32             -0.02829372531893487               
16      19             -0.028326317535388335              
28      29             -0.029424079463331032              
6       28             -0.029437545587009506              
11      27             -0.02976368119130618               
4       6              -0.030544177725201738              
14      18             -0.03277562452755947               
5       29             -0.03326068313789571               
3       31             -0.03348306304373905               
21      27             -0.033778108691500774              
10      17             -0.035577718390021495              
17      25             -0.035577718390022106              
17      26             -0.035600075660832314              
24      30             -0.03634056926867113               
12      14             -0.03726811752486797               
1       8              -0.03775224216613482               
23      24             -0.03849355066323601               
18      20             -0.039205960686641284              
11      17             -0.0401807130816777                
14      19             -0.04035117935056498               
19      33             -0.040610690887213086              
5       24             -0.04076744653777009               
1       14             -0.04076980347885151               
14      16             -0.04160803999352586               
30      33             -0.04442326816418829               
24      28             -0.04518947100081111               
3       6              -0.04677293806839533               
15      28             -0.04729109316563873               
14      20             -0.05064865615538816               
7       24             -0.05122772252830965               
2       12             -0.05159617630244673               
5       26             -0.05270814484424374               
5       10             -0.05347423077976321               
5       25             -0.05347423077976321               
4       5              -0.053774306002192906              
1       20             -0.05510169425068934               
18      28             -0.05563756469690273               
6       8              -0.05591905889073273               
1       16             -0.05738824709574042               
2       14             -0.059248031059226214              
11      15             -0.059592460713453255              
6       24             -0.06005244914825511               
4       29             -0.06051201305165288               
12      28             -0.06266455914136926               
1       21             -0.0631444880995593                
5       19             -0.06455384058919017               
12      24             -0.06512145279928078               
26      30             -0.0656025946476004                
6       19             -0.06570915968386631               
11      23             -0.06597708692650403               
25      30             -0.06606927505083499               
10      30             -0.06606927505083718               
31      32             -0.06673850356445243               
7       18             -0.06767208714564499               
15      19             -0.07018190936775442               
2       19             -0.07024455718820355               
3       15             -0.07045726240114436               
19      30             -0.07171768353023117               
15      29             -0.07234102206754173               
13      34             -0.0724385830290265                
27      33             -0.0724761299984436                
6       30             -0.07576971026420853               
9       30             -0.07637861659394293               
5       9              -0.07727375041452614               
16      22             -0.07749459962653382               
9       18             -0.07756908322901862               
20      22             -0.07933413598068467               
1       22             -0.07947685193025394               
3       26             -0.08011637873475821               
3       25             -0.08100640988674862               
3       10             -0.08100640988674945               
24      33             -0.08125582713089191               
24      29             -0.08309291223124637               
2       13             -0.08527384321325365               
3       29             -0.08604248371247863               
21      30             -0.08669497323053382               
6       15             -0.0868315829642462                
11      32             -0.08752555794361297               
2       11             -0.09060705061576294               
18      31             -0.09081663503760656               
30      32             -0.09172514115338193               
5       21             -0.0951179542767166                
15      24             -0.09524868533177866               
19      24             -0.09550778259661322               
5       11             -0.0955264971660893                
29      31             -0.09652052591259647               
2       18             -0.09675980099042325               
14      33             -0.09791928085520135               
1       23             -0.09817356251759546               
11      18             -0.09819706121441694               
18      26             -0.09841559021505202               
8       28             -0.0985193679431226                
10      18             -0.09870163068843768               
18      25             -0.09870163068843799               
2       27             -0.09987246115264908               
15      17             -0.10021270361302348               
16      30             -0.10026512541020988               
23      27             -0.10071601886006354               
5       16             -0.10074431708128745               
2       4              -0.1010604729968283                
8       23             -0.1029679093918624                
3       24             -0.10600939441710194               
7       8              -0.10612008659571914               
14      21             -0.1061513292595363                
19      21             -0.1063491368152707                
4       22             -0.10707684104116905               
19      26             -0.10732708172391242               
8       22             -0.10740675336312597               
13      17             -0.10756802101338853               
7       12             -0.10794478950461667               
10      19             -0.1080945550820753                
19      25             -0.10809455508207616               
2       23             -0.10895018123896616               
6       32             -0.10919598858333984               
3       9              -0.10951184066412009               
4       32             -0.11099552115378664               
6       23             -0.11253949065682409               
8       29             -0.11290355644774741               
4       33             -0.11302441660805684               
20      29             -0.11330360706563775               
2       16             -0.11344218539906031               
6       33             -0.11362687342502792               
19      32             -0.11364139224042205               
8       14             -0.11431301261798421               
23      28             -0.11442815537013573               
12      21             -0.11467337833877733               
15      18             -0.11554819037033981               
9       13             -0.11591544344512866               
6       16             -0.11687850112432258               
3       5              -0.11695093231402204               
4       15             -0.11921464197305603               
5       20             -0.11936681635147922               
11      19             -0.11949797793891175               
8       17             -0.11993153849517457               
20      30             -0.12010956542336648               
16      29             -0.12030829642785901               
8       34             -0.12105451169362375               
1       11             -0.12303725624522038               
13      26             -0.12475760624085364               
10      13             -0.1248237973268859                
13      25             -0.12482379732688681               
22      30             -0.12558380319311216               
18      24             -0.12654430910368533               
14      32             -0.12707144514251298               
9       15             -0.1283991788075383                
9       19             -0.12904995460966623               
16      32             -0.1298767965008995                
7       22             -0.1300133260211241                
12      19             -0.13031971239554557               
23      29             -0.1304273927655991                
6       20             -0.1306977422813008                
17      31             -0.1308289945834638                
2       17             -0.1310882297873543                
1       2              -0.1311320444688875                
1       28             -0.13141894778536822               
11      21             -0.1316870678285118                
5       32             -0.13447307525210017               
4       26             -0.13521832402780556               
15      26             -0.13531045231390465               
10      15             -0.13540619296441542               
15      25             -0.13540619296441567               
4       25             -0.1362718133660877                
4       10             -0.13627181336608835               
11      13             -0.13690408585975203               
20      34             -0.1369417641810875                
22      33             -0.13829892657895343               
19      23             -0.1394709374912281                
5       34             -0.14261471611821286               
3       11             -0.14394946205846562               
21      29             -0.1441688157553513                
21      23             -0.14469414240130218               
6       27             -0.1449755066453811                
6       13             -0.1453516016780665                
12      31             -0.14597123859449868               
1       30             -0.14614129798966102               
16      28             -0.1473548614283242                
11      30             -0.14832203540279304               
17      24             -0.14862554735500993               
2       8              -0.14894096883136843               
22      31             -0.14986464517817838               
6       34             -0.1509939261517284                
7       23             -0.1510973423782213                
2       20             -0.15217944437365233               
5       14             -0.15262786456229566               
13      29             -0.155927546219016                 
27      29             -0.1565116762614077                
3       12             -0.15703254495504299               
8       33             -0.15705186394710413               
24      32             -0.1584636927757376                
29      33             -0.15851674491131568               
30      34             -0.15907735316420846               
21      32             -0.16054565820760253               
22      27             -0.16161842821279834               
29      34             -0.16309583382555698               
4       20             -0.16324989027281606               
16      34             -0.1633066845259702                
7       16             -0.16381842884586695               
22      28             -0.1638233228508902                
16      33             -0.1648837706892155                
4       9              -0.16498964589425424               
5       22             -0.16517085235400786               
20      31             -0.16628693649458243               
6       21             -0.16654947464475806               
3       14             -0.16835891487713225               
9       16             -0.16903139257198613               
28      32             -0.16985431692448483               
15      33             -0.17087643389230506               
11      33             -0.17157073010964016               
14      27             -0.17202237567887207               
20      28             -0.17822420739396516               
11      16             -0.17863004971658927               
13      33             -0.17880793474780515               
20      33             -0.1790525025222519                
4       18             -0.1790571607931051                
3       23             -0.18050414932525832               
16      25             -0.1805801020221227                
10      16             -0.180580102022123                 
16      26             -0.18058872331901524               
20      24             -0.18079078419577385               
12      26             -0.18134705205895518               
12      25             -0.18179763258219495               
10      12             -0.18179763258219578               
9       20             -0.18280257255473142               
14      30             -0.1828714583083589                
20      26             -0.1834611854644347                
20      25             -0.18370439487234624               
10      20             -0.1837043948723463                
2       9              -0.18376082495558257               
9       12             -0.1837719220096453                
11      20             -0.18392692937520835               
13      18             -0.18426944102589343               
4       11             -0.18441555533041787               
1       5              -0.18457348990020378               
9       21             -0.18527408724943328               
5       8              -0.18903161880500025               
11      12             -0.19019936193477915               
21      26             -0.19318906576749792               
10      21             -0.1933241724453399                
21      25             -0.1933241724453414                
3       4              -0.19373538898295994               
4       14             -0.19399541666455175               
16      31             -0.19407257606977513               
7       20             -0.1961159824785269                
17      33             -0.19856349073112242               
3       21             -0.1996163579880753                
2       6              -0.19978724416372717               
6       31             -0.20154074906227226               
16      24             -0.20333907730139278               
3       28             -0.20375772079317683               
15      23             -0.20462853111074142               
7       32             -0.20492413650748614               
3       16             -0.2059851020163847                
8       31             -0.20711520914212245               
5       31             -0.2074590598910956                
30      31             -0.20920372804128018               
24      34             -0.2092856146061126                
20      32             -0.21106022171412375               
7       21             -0.21173672858623743               
9       31             -0.21244084394275486               
27      32             -0.21492237107284684               
15      30             -0.21530719599760073               
26      31             -0.2169494770420529                
25      31             -0.2178899128411497                
10      31             -0.21788991284115006               
9       33             -0.21902023031606732               
2       10             -0.21907459046489058               
2       25             -0.21907459046489092               
2       26             -0.21952812930298493               
2       15             -0.21980609968553327               
12      22             -0.22357738415738385               
8       32             -0.2252370529261151                
19      34             -0.22623658410212713               
13      15             -0.22958259677865694               
4       27             -0.23059181699367376               
7       13             -0.2307244882075341                
7       30             -0.23110785526232358               
11      34             -0.23223518183518693               
2       29             -0.23238790825764852               
3       27             -0.23291931260677523               
23      32             -0.2340547657681318                
9       34             -0.23532118674174418               
28      30             -0.23597621392371332               
15      31             -0.23675431681946424               
23      30             -0.2372599872908419                
5       7              -0.2373529870391564                
18      27             -0.23772480967711893               
5       28             -0.23866020889812284               
5       23             -0.23977255943244608               
18      34             -0.23992653827588084               
23      34             -0.24096235171940672               
8       13             -0.24124559686292507               
3       7              -0.24349083140963787               
26      34             -0.2449958502666791                
10      34             -0.24508926141261073               
25      34             -0.24508926141261128               
11      31             -0.24760808629974249               
1       17             -0.24899128364934112               
12      23             -0.24913970792246815               
19      27             -0.24975495181811397               
1       18             -0.2511365740992624                
10      33             -0.2511911324223314                
25      33             -0.25119113242233315               
26      33             -0.2515630733284899                
13      28             -0.2517711819546752                
22      34             -0.25225305335123116               
17      27             -0.2552316319935934                
21      28             -0.2564758288687368                
3       20             -0.2592156582484225                
4       17             -0.2610446236550982                
8       30             -0.2670631373424496                
28      33             -0.26856595822867224               
12      32             -0.28052378549198065               
3       13             -0.2808466541020449                
28      31             -0.2844569929677991                
5       15             -0.28539726861207865               
14      31             -0.28610251093689165               
7       31             -0.2890935633355479                
14      34             -0.2919552790978618                
3       8              -0.29275202452879084               
5       27             -0.29506242148759915               
27      30             -0.3015062561533609                
4       8              -0.3061677606335288                
2       24             -0.30909925453527204               
2       28             -0.31381041312816194               
4       28             -0.31853553986324296               
13      27             -0.31871467575094775               
12      27             -0.3227607845983877                
4       16             -0.3300161524058305                
27      31             -0.3322683512365835                
4       7              -0.3403566171046425                
1       9              -0.3439052341410668                
13      32             -0.34813403249466374               
1       26             -0.36040876469285693               
1       25             -0.36041274646401733               
1       10             -0.36041274646401744               
2       7              -0.37460751059396463               
1       12             -0.40313550419268823               
7       33             -0.4034966432424818                
17      34             -0.41399451750266                  
