#======================================================================
# PARAMETERS USED FOR THIS COMPUTATION: 
#      Sequence type: RNA
#      Total number of sequences in alignment data: 59
#      Length of sequences in alignment data: 56
#      Effective number of sequences: 13.515737577680728
#      Value of sequence identity: 0.8
#      Value of relative pseudocount: 0.5
# The First and Second columns represent sites and the
# Third column is MFDCA Frobenius norm, average product corrected (APC) DCA score
#======================================================================
18      39             0.9503564213577506                 
3       54             0.9360015953346477                 
10      48             0.8644824343790609                 
14      44             0.7731496419626434                 
2       11             0.7574645015199789                 
11      12             0.7184935625597128                 
4       53             0.7032349680434291                 
14      45             0.6759261038177862                 
25      46             0.6750203670684715                 
19      38             0.6458461778409967                 
24      33             0.6390494505707656                 
36      48             0.6231676927497056                 
9       49             0.5632762640779626                 
6       13             0.5574323348738667                 
1       56             0.5566374383823167                 
2       12             0.553988922998587                  
7       27             0.5503436259455363                 
1       6              0.5497661860103675                 
14      18             0.5404654707141995                 
10      17             0.5297641679139785                 
10      56             0.5276675178729987                 
1       25             0.5200872936047203                 
39      56             0.502537809464584                  
30      31             0.5022464250791401                 
19      51             0.5006823010938162                 
9       11             0.4983674960489085                 
19      37             0.4872462463913078                 
1       4              0.48149663198359105                
7       16             0.4814949584209561                 
10      36             0.47941610827536496                
12      24             0.47686223996100824                
19      34             0.47245573534777374                
1       54             0.47070730683180234                
49      50             0.4672712631107476                 
9       15             0.4669223371489697                 
41      53             0.4660345734171236                 
5       20             0.46484629967980556                
34      38             0.4647574330420854                 
6       55             0.4635152188941275                 
2       15             0.46210189671557905                
4       52             0.45959325006233875                
17      56             0.4548210726902713                 
41      55             0.45445876241266703                
3       11             0.45163436989692973                
21      24             0.43657843290602383                
33      48             0.42901305580065907                
1       55             0.4262955964441168                 
55      56             0.4227268352456788                 
36      38             0.42200176531665884                
13      54             0.4187532711410872                 
47      53             0.41158391314158116                
7       11             0.41100212240061634                
21      22             0.4104437681632461                 
18      44             0.4050328836546066                 
31      32             0.40352394273224884                
30      32             0.4035239427322485                 
25      56             0.4030513631289773                 
3       28             0.392775310412542                  
9       13             0.3915033464501758                 
6       51             0.3896741746534941                 
25      26             0.3869578073943925                 
2       9              0.3856854111963248                 
18      49             0.3829947591127071                 
23      35             0.3773170006004599                 
34      51             0.37730633891091336                
8       47             0.3771922544714349                 
44      45             0.37681774766506804                
40      56             0.37562906341687974                
8       50             0.36934786810120535                
2       43             0.3690212105903295                 
8       16             0.36726795728414363                
3       13             0.36431197953436645                
28      29             0.36163866502457764                
20      54             0.3567201134379792                 
1       3              0.3566737089007982                 
15      55             0.3542823471823084                 
4       55             0.35116608384617254                
34      46             0.351126981460132                  
7       12             0.343953953627035                  
25      54             0.34112554614746365                
20      28             0.3395012535932596                 
4       6              0.3383335689994237                 
2       55             0.3319276710612808                 
3       20             0.32984974368061776                
34      36             0.3292332694205337                 
15      34             0.3285386778715089                 
17      39             0.3257079984378787                 
38      51             0.32533288982144887                
11      15             0.32491994526618084                
22      40             0.32168346048055607                
29      30             0.3208294465757421                 
29      31             0.3208294465757419                 
16      29             0.3195477968928333                 
16      43             0.31849454694254753                
20      51             0.313001691263703                  
8       46             0.31234338848857557                
13      20             0.31128338284320045                
27      37             0.3109510087973653                 
1       47             0.3109055234326857                 
17      55             0.30780349245577077                
5       52             0.3067773094718738                 
26      51             0.3048105983368745                 
16      42             0.29998003924358735                
20      24             0.29772540937561376                
21      52             0.2967724387496085                 
49      51             0.29537927752315085                
4       42             0.2934398986197282                 
8       40             0.2923707369855917                 
47      55             0.29206398466925043                
39      49             0.2910220067745811                 
2       7              0.2884429672458958                 
7       47             0.2872526798557323                 
37      38             0.28713674343588647                
34      44             0.2866452446255929                 
21      50             0.2854726321025752                 
18      56             0.28546121439325556                
18      48             0.2831035105105807                 
17      27             0.28276164982367313                
9       40             0.28239767314321407                
41      47             0.28162513901534464                
27      40             0.28152689116383833                
22      43             0.2776809351638841                 
5       50             0.27726651050566187                
3       25             0.27543803949680434                
21      40             0.2743804911368009                 
10      33             0.2693145501786157                 
28      54             0.2670941412144386                 
1       53             0.2666360368745302                 
48      52             0.26364812149177314                
12      43             0.26200274186240613                
37      42             0.25964519388747564                
33      39             0.2584824785416105                 
50      52             0.25814218357379926                
5       54             0.25804283097425396                
15      19             0.25609170681260307                
22      52             0.25544584016895294                
26      50             0.25482818009176544                
24      49             0.25454353695685644                
11      54             0.24889216182061047                
23      47             0.24767563198922032                
33      49             0.24700893155789228                
29      32             0.24571134482856918                
24      44             0.24480662227464045                
6       41             0.24453505793209107                
5       51             0.2444394454317988                 
19      27             0.24346837874347882                
17      33             0.2399488668388966                 
5       13             0.23967739111035102                
40      52             0.2395884539378481                 
15      38             0.23950276564122752                
16      47             0.23896042985660382                
14      39             0.2362041972197223                 
5       37             0.23618514194609974                
38      47             0.23384320652016105                
12      33             0.23373940504412266                
13      53             0.23356511613073538                
33      40             0.2335487523969315                 
3       5              0.23320459904803553                
14      34             0.23202739928995292                
13      27             0.23097505235670046                
46      56             0.23071083586345387                
7       28             0.23029980639568715                
42      44             0.2291682681304481                 
9       24             0.22854122771049878                
19      47             0.22794302723870075                
2       28             0.22764592329280403                
23      43             0.22704025507857445                
37      52             0.22685947849528987                
36      46             0.22620084055175832                
28      51             0.2261733518468121                 
39      40             0.22599315262457065                
7       9              0.22581949677572388                
54      56             0.22559293951988557                
18      33             0.22527784983301435                
23      29             0.22230060729630327                
36      45             0.22136255200070448                
26      56             0.2212640362877819                 
35      47             0.22002414847044938                
14      25             0.21555036094766422                
33      45             0.21464412536002192                
35      43             0.21429860571496623                
4       41             0.213734520361961                  
17      18             0.21326072362822812                
22      41             0.21196850067314332                
8       53             0.21142940281874834                
16      48             0.21041884373088104                
18      40             0.20946789724443138                
6       20             0.20918625503768518                
9       39             0.20806867526967732                
10      41             0.20774648588225186                
9       33             0.20701863707791024                
27      53             0.20549389736474832                
10      38             0.20506879801632166                
3       12             0.2034337103649193                 
2       53             0.20302504027045554                
37      41             0.20240419797809345                
9       22             0.2018320921681782                 
29      35             0.2015910244319748                 
12      44             0.1985938869658203                 
15      46             0.19739819423562988                
25      45             0.19727677390998466                
22      32             0.19726879487809235                
39      45             0.19437755677077673                
27      55             0.19332100459772739                
10      34             0.19281203158898697                
16      26             0.1923430276605843                 
5       46             0.1915220961929638                 
21      36             0.1891213245561552                 
41      46             0.18888351895147665                
14      42             0.18862874179066602                
16      31             0.188261963935385                  
16      30             0.18826196393538489                
11      28             0.18807826118537768                
5       21             0.18675582554746217                
21      23             0.18664940070058264                
3       43             0.1863235665172932                 
21      35             0.18590223460918015                
27      45             0.185771163010217                  
42      43             0.18545952468680704                
38      46             0.18501942068880833                
13      52             0.18443722038388877                
28      43             0.18434639798364078                
25      55             0.18388174404171592                
5       22             0.17999006362512276                
39      42             0.17962391647591996                
22      36             0.1784308535761973                 
46      54             0.17777451975125474                
17      28             0.1763112696406492                 
4       26             0.1742004061083287                 
8       12             0.17399801346092275                
43      47             0.17338217213727647                
39      44             0.17189135162193897                
36      37             0.17170551438479364                
7       17             0.1709454270604297                 
3       56             0.1695122983585915                 
12      15             0.16891004934468778                
33      36             0.16777107449882                   
13      15             0.1675497280196363                 
41      42             0.16724925770536547                
21      49             0.16632108110631277                
16      46             0.1652491915331346                 
45      47             0.16502432115916332                
23      32             0.16355783587557718                
9       50             0.16336025486908512                
52      53             0.16334371252276192                
7       15             0.1592689739636639                 
16      50             0.15866498396566098                
15      53             0.15846075396450987                
39      48             0.1572102148190977                 
24      25             0.1568769310605841                 
23      31             0.15660989935167033                
23      30             0.15660989935167016                
26      42             0.15631972307707737                
28      55             0.15625282671806445                
40      49             0.155820429254532                  
23      24             0.15579064759071046                
3       46             0.1547005440547381                 
32      35             0.15396537202156071                
19      45             0.1535148952005031                 
13      14             0.1525260213193066                 
29      36             0.15211458244677128                
1       45             0.1518961053964739                 
5       19             0.15097541112989926                
21      37             0.15002736271843087                
31      35             0.14841061652332424                
30      35             0.14841061652332402                
12      14             0.14778625655556582                
19      36             0.1472984930805158                 
27      50             0.14502761298006328                
24      35             0.14381069157634638                
45      48             0.14327765504043477                
20      21             0.14300071167941725                
5       42             0.14197040353119844                
28      40             0.14131843236803587                
16      28             0.14042861260387318                
22      24             0.13973973064523426                
14      16             0.13842306182003167                
36      52             0.13809136375654735                
16      36             0.13771212036556962                
51      55             0.13743672034655907                
29      43             0.13577674193008502                
42      53             0.13496741016197156                
14      24             0.1325503449575095                 
27      52             0.13254986909368438                
27      48             0.1321820805896563                 
4       37             0.13193292232903897                
23      42             0.12761787599676638                
35      42             0.12702307044567906                
15      39             0.12688431138481826                
8       36             0.12653293828372458                
32      36             0.12576628841030318                
16      37             0.12568851109368623                
31      36             0.12528235067799143                
30      36             0.12528235067799137                
44      49             0.1251189681394711                 
10      16             0.12508360296652976                
20      50             0.12442080785442144                
29      48             0.12441524499677653                
7       55             0.12436378859801966                
19      42             0.1242996843334922                 
19      46             0.12418129520138166                
5       36             0.12372802022758117                
16      32             0.12345984164410809                
20      29             0.1228530386100897                 
13      40             0.12281988303111335                
24      46             0.12257856949979518                
6       19             0.121213291844115                  
4       31             0.12116670653044659                
4       30             0.12116670653044587                
9       44             0.11919907150317999                
32      49             0.11713914187521773                
8       39             0.11628040304656473                
8       27             0.11593530414737652                
5       26             0.11575980929683682                
17      50             0.11375927943458908                
22      37             0.11360507144730936                
6       10             0.11314370057148049                
11      43             0.11307926503775778                
32      50             0.11303046158269925                
33      44             0.11278437964898907                
6       53             0.11156860132805402                
24      27             0.1107938555081478                 
4       47             0.11050440630637687                
24      40             0.11008431651316436                
35      37             0.10979341178958252                
37      46             0.1094503070321945                 
23      37             0.10898554269095168                
10      40             0.10857884298505172                
21      33             0.10832641560934941                
5       38             0.1082081922638568                 
46      48             0.1081365219857296                 
27      28             0.10754696986145723                
6       18             0.10647646526630239                
34      37             0.10606563184713003                
26      45             0.10570983133800027                
8       49             0.10469942949104527                
33      56             0.10457018913508265                
4       46             0.10451488385596297                
18      50             0.10407855332711957                
30      43             0.10338963108041122                
31      43             0.10338963108041122                
18      45             0.1032615707196558                 
4       7              0.10316004976565762                
29      47             0.10228949252009911                
43      45             0.10224412421810689                
27      56             0.10222904384693332                
10      27             0.10171737135596393                
40      41             0.10159054724645245                
11      40             0.10138718364601862                
8       22             0.10067681015194418                
14      49             0.10027039114069514                
29      37             0.09999003165807477                
26      39             0.09998698964043706                
22      39             0.09993846310758736                
33      50             0.09957762134789394                
27      33             0.09905664501068945                
26      35             0.09864717254010327                
4       32             0.09855439616602873                
26      38             0.09825295104092907                
11      18             0.09809402954724289                
22      38             0.09742140266354221                
38      52             0.0973950338172323                 
37      49             0.09603287517217801                
6       44             0.09549682393259318                
20      55             0.09527132131738753                
53      55             0.09495649422642982                
41      48             0.09418542036372834                
10      19             0.09383498450114569                
6       26             0.09379071517424453                
36      47             0.09368861328172484                
4       16             0.09356828130432204                
10      30             0.09296366602346406                
10      31             0.0929636660234639                 
32      43             0.09254999172532088                
8       54             0.0922190680565772                 
51      54             0.09148805787880487                
18      34             0.09138445789716843                
44      54             0.09089505785239843                
8       45             0.09022631638700856                
49      52             0.08999794823719809                
5       8              0.08970476638208802                
31      42             0.08968345087912227                
30      42             0.08968345087912194                
17      24             0.08964087620149375                
5       47             0.08948344863749053                
9       53             0.08933353221774465                
23      45             0.08912363328279849                
26      40             0.0877701751213984                 
10      25             0.08772878322823008                
8       37             0.08695973386784922                
31      37             0.08641603886327032                
30      37             0.08641603886326998                
42      50             0.08611128585118594                
6       49             0.08548479382776764                
29      42             0.08528834843685626                
4       34             0.08515436345993005                
18      53             0.08352758522983328                
32      42             0.08285095029677408                
34      56             0.0824894939402453                 
19      25             0.08246684867283949                
22      46             0.08204282226639081                
26      28             0.08106810488293792                
21      46             0.08092362295132699                
1       11             0.07946931376631183                
35      45             0.079467709946585                  
6       9              0.07942610882040357                
17      51             0.07864832740300576                
5       28             0.07863795337654234                
19      56             0.07825203686056259                
38      48             0.07821809639330635                
10      18             0.0775093846951832                 
21      29             0.07727057587013816                
12      27             0.07666950354297336                
48      49             0.07636697525499303                
45      52             0.07625278965842947                
2       17             0.07533351047470765                
31      48             0.07444426429731182                
30      48             0.07444426429731177                
11      39             0.0739729419467976                 
11      32             0.07397168494976031                
16      35             0.07389322346489213                
9       48             0.07337552911740153                
2       46             0.07299805198742476                
32      51             0.07297853279538574                
18      22             0.07253029783941745                
17      41             0.07242747082561352                
18      51             0.07221444445509018                
8       51             0.07212964055911242                
8       18             0.07187235311833418                
1       52             0.07184143196536041                
4       35             0.07171691669127386                
25      34             0.07050130503171403                
22      28             0.07049927211347295                
1       28             0.07046616259584326                
19      52             0.07011083572279364                
17      52             0.06962197755266608                
48      53             0.06915371500955747                
32      48             0.06865832556782181                
2       23             0.06856943661471762                
9       18             0.0683597202830789                 
50      54             0.06816387384303235                
40      48             0.068154771294199                  
1       46             0.06772019761161463                
5       32             0.06666653329217556                
4       22             0.06654309427982191                
14      33             0.06651876732544348                
9       54             0.06543846935092879                
27      38             0.0654293542803171                 
3       50             0.06507125777428013                
27      47             0.06447481782540465                
13      21             0.06440512514268343                
6       17             0.06429056824507717                
6       48             0.06426826541465991                
30      47             0.06422008185783273                
31      47             0.06422008185783273                
6       7              0.06347733888284574                
24      29             0.06217626055819703                
13      26             0.06216258123654217                
34      52             0.06199991019689299                
8       41             0.061238434829420485               
19      26             0.06078331999713171                
8       19             0.06019165575245655                
22      25             0.06005090309245953                
27      44             0.05989820360507725                
25      40             0.059869500231271355               
28      30             0.05984031522683364                
28      31             0.05984031522683336                
7       44             0.05884400703897613                
4       27             0.05873535203665814                
3       51             0.058118525723643955               
26      54             0.05781583988444711                
6       14             0.05760884672111405                
10      14             0.056825937021884265               
6       28             0.05666850614763075                
21      43             0.05646681901153619                
21      38             0.05591114568534944                
39      50             0.0558078028134551                 
8       17             0.05554234960530047                
11      24             0.05522902441421479                
2       32             0.05388123327369365                
46      52             0.05380115444155675                
8       42             0.053688591455222534               
4       44             0.052946071285535024               
1       22             0.05283922459597862                
7       32             0.051582005111113494               
19      44             0.05118048317120233                
20      43             0.0510286906802363                 
6       47             0.05100490310260908                
10      32             0.05061261437940018                
13      18             0.04945721176952744                
15      56             0.04888121292168024                
25      49             0.0486302527607948                 
26      46             0.048563567117625384               
34      42             0.04834237910115896                
2       3              0.048273541838619316               
11      22             0.04762342178545653                
12      51             0.04737543983452991                
27      34             0.04727206455459043                
29      41             0.04717620463010572                
10      45             0.04673850267588159                
28      41             0.04639856396885478                
2       35             0.04501603962400805                
4       23             0.04489950965032727                
24      41             0.044474483077216354               
4       25             0.04400617615061858                
40      47             0.04314649206113752                
15      25             0.04263073413947127                
20      27             0.042121167236250645               
13      48             0.042088220122393216               
7       36             0.04145901419726866                
13      17             0.04111914253549487                
8       28             0.040684887226720035               
40      53             0.039953583139737736               
6       34             0.039880906684122475               
31      54             0.03952126709194029                
30      54             0.03952126709194001                
14      19             0.039113336335257265               
6       8              0.03790224678964449                
4       50             0.0376588547690383                 
27      36             0.0371642160914879                 
19      55             0.03707896009160744                
17      19             0.03677473112503127                
15      52             0.03644582330548851                
14      20             0.03539322718399712                
38      56             0.03526801781328581                
49      53             0.035032179946132946               
13      56             0.03451652362610824                
12      23             0.03407603939822354                
15      18             0.033630494845337255               
20      23             0.033266221456941636               
41      49             0.03296955119363498                
24      45             0.03285935555368252                
4       5              0.03222949581884782                
17      53             0.03167116059484798                
3       26             0.03159029529942897                
34      41             0.03057892508100374                
1       13             0.03013092000331974                
5       17             0.02942002416839895                
17      26             0.02926951341153128                
47      50             0.029245053624911255               
9       26             0.02899134645444068                
15      33             0.028751137511345504               
12      45             0.028652565189102586               
32      53             0.02785900442286432                
15      20             0.0275050233111091                 
22      31             0.027459632357663466               
22      30             0.027459632357663077               
6       15             0.026667246089963847               
3       6              0.026472371518983184               
1       17             0.025895051850045536               
17      48             0.025265480098121684               
15      43             0.02490031902440093                
50      51             0.02481687958434564                
14      43             0.024446343693118544               
24      54             0.02420093550242125                
7       29             0.02407042876038823                
26      34             0.023974370481383622               
13      47             0.02384927802152792                
8       25             0.02372465837155835                
20      35             0.023400805694731852               
20      37             0.023393105779869694               
30      51             0.02280327134394078                
31      51             0.02280327134394078                
12      21             0.02234638028574426                
22      42             0.022326538456730327               
31      34             0.021916118200355383               
30      34             0.021916118200355328               
23      55             0.02169254289965583                
25      44             0.021570290904781964               
42      52             0.021266447200738503               
7       31             0.02047556831210723                
7       30             0.020475568312107062               
45      50             0.020124392941487323               
10      52             0.019958746840488262               
10      37             0.019220423517767593               
3       44             0.018945369786297406               
11      41             0.018669112363047358               
20      22             0.018430077087893126               
2       6              0.018008006838435398               
51      52             0.01792568840355946                
7       50             0.01769204202852559                
8       15             0.017554890792904287               
26      36             0.017301310654292912               
12      35             0.017294794923453233               
16      39             0.016648182950346146               
32      34             0.016010775560315216               
9       41             0.01581396868514484                
5       45             0.01479693648555136                
11      55             0.014718767117308462               
41      44             0.014628262932254332               
12      13             0.014376189310908838               
8       21             0.01430884182532971                
29      51             0.01408023802199665                
7       53             0.013616100291679145               
2       22             0.012918407561706646               
25      38             0.012533169356563179               
7       21             0.01232519437672569                
12      42             0.010697272590264262               
26      55             0.010590616416823628               
26      53             0.010540624992312564               
3       22             0.010332984677936974               
50      53             0.010239557569978852               
40      46             0.010086172177644515               
13      55             0.009914165977007117               
20      34             0.009888946032275525               
14      23             0.009852749871613553               
11      27             0.009525396606413272               
28      50             0.009389027153976659               
23      36             0.009344618064976773               
15      49             0.009109347356538455               
2       20             0.008975754711075645               
23      27             0.00888843791684879                
35      36             0.00865762369702655                
9       12             0.008296778828692897               
11      53             0.0077883452876919                 
2       8              0.007452837642708654               
1       14             0.00725805287583442                
21      30             0.007236870123469463               
21      31             0.007236870123469269               
12      17             0.006532178634654606               
9       47             0.005814619595722381               
14      35             0.00515193517097276                
8       33             0.005148507014777204               
23      28             0.004885471109290301               
9       46             0.0045737506281449125              
15      23             0.004546747338838614               
20      44             0.004482547238192136               
1       29             0.004424090802241126               
1       39             0.004265826160792352               
12      53             0.003831483940912428               
13      44             0.003662187784067239               
14      28             0.003356428372062348               
18      42             0.0032437410804798117              
14      55             0.002901120169560123               
21      32             0.002593985879734917               
20      49             0.0025114113334184784              
23      26             0.0021110981051034317              
34      48             0.0008984022069453146              
26      37             0.0007560750833092711              
23      25             0.0003367925415382056              
5       33             0.00019949715314354632             
20      52             0.00014998015016182142             
2       26             -0.0003261653664010655             
32      41             -0.0006130637385431958             
5       15             -0.0006697317100191058             
48      50             -0.0007148557806160305             
43      55             -0.000797030618490624              
26      33             -0.0010216750291946464             
15      35             -0.0012785700476442563             
43      48             -0.0013254769399869137             
17      45             -0.0013634752099451197             
37      43             -0.001984276546263236              
40      54             -0.0020391122470080347             
15      36             -0.0022476377637192235             
26      27             -0.002357734007632728              
13      24             -0.002736201985417408              
9       38             -0.0028217139463577734             
10      46             -0.0031539855858409016             
7       10             -0.0032301316121758905             
3       8              -0.0034377308242666826             
30      52             -0.0034393114966937977             
31      52             -0.0034393114966941307             
25      31             -0.0035889898811796717             
25      30             -0.0035889898811798937             
38      45             -0.0038149049943539404             
31      53             -0.004002710899102646              
30      53             -0.004002710899102979              
25      35             -0.004202376977524042              
40      50             -0.0044128642031106                
2       13             -0.004836115276034447              
8       32             -0.004876458109902393              
35      55             -0.004945542918011858              
16      45             -0.005084821882075208              
35      41             -0.00533825777402161               
34      40             -0.006232063879821226              
42      46             -0.006232107796478981              
3       9              -0.006709499466475921              
23      41             -0.007348651605946388              
21      51             -0.007398808303591131              
22      35             -0.007645066851494575              
31      33             -0.007757981370613287              
30      33             -0.007757981370613509              
31      39             -0.008875356304641785              
30      39             -0.00887535630464184               
16      19             -0.008909758764793663              
16      53             -0.009037588325319423              
14      54             -0.009113871640000049              
48      56             -0.00915904803087042               
6       54             -0.009183155867010018              
17      20             -0.009847220956401781              
12      54             -0.010242557518271578              
33      53             -0.010278136479447975              
28      32             -0.011244032619222188              
27      54             -0.011261707748180139              
6       25             -0.01135017280443329               
5       12             -0.011607166107465372              
1       18             -0.012099142520174133              
7       43             -0.012354331377370464              
18      43             -0.01253385338666163               
11      56             -0.012750702048532736              
2       40             -0.013444944760410804              
32      39             -0.013923696283580173              
11      44             -0.014810933301000806              
15      51             -0.015028655613772701              
4       8              -0.01544408613559689               
28      48             -0.01551445855014788               
19      40             -0.015834666550895382              
36      41             -0.015863747910100978              
29      45             -0.016088553426193947              
1       2              -0.016126068632533408              
19      33             -0.016546413482668942              
14      29             -0.01692732588466972               
22      23             -0.017067931969603545              
49      54             -0.01708810494281121               
10      49             -0.017237384864310923              
17      44             -0.017621401490882205              
25      50             -0.018451416636101947              
8       48             -0.018696801553143128              
14      37             -0.01914326597615279               
2       49             -0.01915931493345502               
22      50             -0.01946326746256799               
2       16             -0.019524357091324107              
13      28             -0.019704042318708814              
34      45             -0.02094391996435041               
16      22             -0.021390597318599658              
2       41             -0.0214202598274838                
35      49             -0.022105771964139653              
41      50             -0.02243933049281266               
3       27             -0.02250351535560091               
11      49             -0.022504385884580147              
44      46             -0.02253643107988057               
21      34             -0.022821255438680466              
7       46             -0.022982224834846354              
18      21             -0.023002554066872072              
9       35             -0.023792081540310928              
4       19             -0.02390703750940998               
28      35             -0.02391125732494878               
20      26             -0.024111204321776436              
3       24             -0.02451998197076316               
13      46             -0.02455333564372153               
15      22             -0.025106856803124022              
20      42             -0.02512704750073408               
5       40             -0.02541104733354904               
28      52             -0.025578133400833203              
24      51             -0.025871723193358842              
12      29             -0.026146141793383926              
42      45             -0.02626058333157849               
9       14             -0.026326168911636805              
6       31             -0.02633821717500473               
6       30             -0.026338217175004897              
15      37             -0.026482829494475058              
9       36             -0.02663198980224224               
39      43             -0.027331189474199546              
41      43             -0.02749965496249321               
32      54             -0.02761828290633797               
38      41             -0.02762512170627679               
23      51             -0.02950590845766282               
8       9              -0.029707606681693477              
35      51             -0.03012947133995303               
13      38             -0.031214550070070735              
11      21             -0.031264282334180715              
24      39             -0.03137851489517385               
28      39             -0.03164554961129196               
16      41             -0.031756294717457945              
24      43             -0.03196433369265281               
14      31             -0.03227169581987771               
14      30             -0.032271695819877766              
9       16             -0.03227471167894941               
12      20             -0.03253003900755547               
1       43             -0.03267965997686198               
38      42             -0.03270539096069636               
5       7              -0.032832872897416765              
6       52             -0.03295256011058478               
1       41             -0.03302239698265952               
3       40             -0.03356550960689497               
20      38             -0.033970266943040284              
10      29             -0.03430104954221147               
3       53             -0.03430472909226567               
32      52             -0.03434122794571032               
1       23             -0.034547666471910266              
33      47             -0.03456526070584465               
13      22             -0.03460147432777905               
3       30             -0.03486699019202122               
3       31             -0.034866990192021496              
16      38             -0.03488750227108289               
43      44             -0.034924029210404356              
15      29             -0.03501727763983589               
14      48             -0.03519875946100803               
29      44             -0.035441075535949024              
38      40             -0.03552311009943693               
4       17             -0.03642249089260813               
23      49             -0.03650239834886626               
20      46             -0.03700450087728763               
12      16             -0.037173359007959816              
23      39             -0.037992708505856426              
46      49             -0.037997613899484084              
2       42             -0.03820352006231936               
12      55             -0.0382394313718703                
23      50             -0.038254148857035264              
29      55             -0.038858389152716194              
35      53             -0.039320992893301654              
12      32             -0.03943313466465728               
44      47             -0.03972558814929067               
1       35             -0.040139075739242414              
43      46             -0.04030634203250977               
9       23             -0.04035765152475895               
25      51             -0.040649556120442965              
7       24             -0.04124987207840841               
44      56             -0.04146924899293408               
10      12             -0.0417814101764441                
1       50             -0.041809797971821716              
6       38             -0.04270365504385809               
14      32             -0.04304227707722255               
4       48             -0.043262199047664096              
41      51             -0.043568397140723136              
18      35             -0.044696126784039975              
34      39             -0.04501119096222994               
8       29             -0.04512377934354295               
14      36             -0.04582291002638933               
17      34             -0.04597497618968199               
38      39             -0.046032147742219254              
12      34             -0.04667572018918548               
32      33             -0.04702830512434142               
21      39             -0.04703645825378894               
16      49             -0.04708006518150332               
19      22             -0.0472064282070459                
20      32             -0.04739402592304173               
7       26             -0.04746482682901687               
5       49             -0.04763323777993439               
18      41             -0.048083122254031996              
2       30             -0.048108931592190374              
2       31             -0.04810893159219068               
12      31             -0.048370779382521156              
12      30             -0.048370779382521295              
40      44             -0.04908413600615935               
41      52             -0.04937865010584375               
38      55             -0.04946548666693784               
4       14             -0.04951451321953443               
2       33             -0.04952784612381189               
3       29             -0.04980012690838084               
50      55             -0.049806767234000515              
20      30             -0.05001362107088467               
20      31             -0.050013621070884695              
7       25             -0.05003515947267434               
21      42             -0.05018608495793869               
35      39             -0.050311906083184116              
19      20             -0.05047402026952508               
5       43             -0.05066451263417812               
33      34             -0.051143312286606235              
19      43             -0.0513463842370922                
5       25             -0.0513651791048626                
17      21             -0.0514052447309864                
37      44             -0.051620231178247766              
7       14             -0.05184727177918419               
24      52             -0.05187825936231821               
10      44             -0.052273870157127145              
53      54             -0.05265698562736937               
37      56             -0.05311117654734132               
35      50             -0.053378916379284685              
30      50             -0.05341918834768508               
31      50             -0.05341918834768525               
18      29             -0.05365469632465028               
7       35             -0.0538110359436722                
1       31             -0.05395041130694925               
1       30             -0.05395041130694936               
51      56             -0.0545222632329897                
35      44             -0.05519799509690124               
8       20             -0.055256113639047366              
11      34             -0.05531687131259516               
18      23             -0.055384563108660884              
45      54             -0.055964332915624304              
25      47             -0.056027629526460954              
13      33             -0.05603634335613317               
28      56             -0.05614310620448615               
7       20             -0.0561977662105812                
3       14             -0.05649468654099099               
12      49             -0.05670226541017692               
48      51             -0.05706611265059475               
11      17             -0.05719539583404587               
39      41             -0.057587966712905725              
10      26             -0.05775695623493804               
16      27             -0.057875355604499856              
23      53             -0.05794379585667073               
38      43             -0.058052162350049286              
43      52             -0.0582449084171664                
17      43             -0.05831285411512982               
4       40             -0.05840202394983213               
23      44             -0.05878915490683784               
42      51             -0.058810804662726146              
36      50             -0.05890251269046992               
47      49             -0.058973041142624916              
18      52             -0.05914213712013777               
5       53             -0.059264200869761585              
5       6              -0.05962372109728614               
19      41             -0.060033046670549206              
15      21             -0.060055879638615584              
27      42             -0.06061514056626349               
27      51             -0.060672736071902045              
13      30             -0.061029416736909425              
13      31             -0.06102941673690945               
24      30             -0.061528467822585226              
24      31             -0.0615284678225857                
31      41             -0.06181623622811891               
30      41             -0.06181623622811894               
7       23             -0.06190581324083974               
9       37             -0.06194967334463353               
35      48             -0.0620111877891634                
15      30             -0.06220259512440718               
15      31             -0.06220259512440718               
18      24             -0.06222975234618444               
4       39             -0.062410907381736935              
22      45             -0.06261353079491372               
15      42             -0.06280752714167992               
21      41             -0.063109589130382                 
54      55             -0.06311096823443496               
12      50             -0.0632618392349803                
11      20             -0.06343374396499857               
33      37             -0.0641741313461176                
10      13             -0.06446304933139613               
37      50             -0.06460115727321919               
3       55             -0.0646761062397816                
14      15             -0.06509678004482294               
13      36             -0.06546142565816948               
34      55             -0.06552786705422325               
45      53             -0.0656238348874339                
33      54             -0.06582986090299708               
27      35             -0.06587390196498921               
40      55             -0.06602692540742561               
2       54             -0.06655355243734135               
20      33             -0.06678643206439472               
17      29             -0.06688917168096856               
16      33             -0.06715161521657054               
6       56             -0.06716922928459923               
14      21             -0.06800606980225771               
2       29             -0.06915502798116452               
32      37             -0.06922456840359795               
3       16             -0.06924246333079259               
18      30             -0.06958543934286038               
18      31             -0.06958543934286049               
31      45             -0.06963822117307411               
30      45             -0.06963822117307414               
19      21             -0.06968351214692514               
47      51             -0.07042672874422196               
7       39             -0.07067630759275267               
11      23             -0.07094017152198759               
15      32             -0.0711774338987892                
36      56             -0.07218957079856647               
3       49             -0.07267576363643802               
10      24             -0.07346654908185912               
24      37             -0.07362346705051315               
39      53             -0.07469137910794071               
23      48             -0.07476344273740382               
43      51             -0.07508937765707127               
7       45             -0.07519149612871173               
37      53             -0.07537145017437752               
37      51             -0.07682445434228036               
9       17             -0.07687166552919567               
25      32             -0.07713053475066883               
29      34             -0.07743063805499689               
6       11             -0.0777926346698512                
11      38             -0.07839697426869435               
25      53             -0.07868562842417226               
17      31             -0.07874643882382229               
17      30             -0.07874643882382246               
15      24             -0.07893265596931276               
20      47             -0.07907784189743566               
20      36             -0.07913775312217886               
24      50             -0.07922136069359176               
10      11             -0.07938330376711217               
35      46             -0.07941923393434                  
6       45             -0.07960695706809301               
22      34             -0.08005367820313791               
9       56             -0.08054782572702468               
11      35             -0.08066212281456811               
36      43             -0.08083352517324377               
2       34             -0.08098091642816407               
12      52             -0.08125210602915967               
29      33             -0.08164171073031529               
49      56             -0.08186342887949882               
1       44             -0.08186425100282757               
25      29             -0.08197789526085286               
20      45             -0.08200271399160947               
32      47             -0.08200757848587736               
5       35             -0.08211444978842797               
3       23             -0.08247881734857074               
14      47             -0.08256453462590324               
5       23             -0.08269578876389516               
29      52             -0.08326496623191681               
11      30             -0.08359411778869738               
11      31             -0.08359411778869744               
14      26             -0.08399913745902476               
23      56             -0.08420230431403528               
26      48             -0.08426004188130065               
12      41             -0.08444092138565668               
5       16             -0.08471546849984707               
3       17             -0.08492775906359917               
43      54             -0.08519163084383322               
34      47             -0.08525301187915962               
27      29             -0.08551370119845425               
37      39             -0.08557791678138821               
22      48             -0.0860547132331313                
2       21             -0.08632925515216577               
29      39             -0.08635083456276568               
37      45             -0.08637195039257406               
9       25             -0.086550358901829                 
23      54             -0.08705622151946471               
16      52             -0.08719630872499395               
2       14             -0.08738690586518605               
43      56             -0.08822019429972763               
20      53             -0.08854197846564205               
22      27             -0.08904766781399676               
3       21             -0.08905302078027794               
2       39             -0.08908074006100603               
1       42             -0.08908978237907889               
7       38             -0.08914980740738343               
24      32             -0.0894231408503202                
6       39             -0.08974852667946903               
21      54             -0.08985485124421883               
46      53             -0.09054448136064441               
5       34             -0.09079567216403606               
47      56             -0.09152729427820738               
5       18             -0.09186013581101743               
9       10             -0.09264275374346298               
10      55             -0.09301534567122927               
19      23             -0.09339184897279362               
3       35             -0.09345584907423851               
13      29             -0.09358830394479928               
1       38             -0.09360821826648846               
19      35             -0.09367631257805126               
3       32             -0.09369324595019765               
37      47             -0.09377949326283036               
35      52             -0.09405972584154543               
5       41             -0.09429223112373653               
23      46             -0.09487070396795699               
13      32             -0.09529569862804743               
35      54             -0.09562537161778936               
35      38             -0.09568836838060424               
6       29             -0.09685987203895033               
29      38             -0.0968852213690013                
3       4              -0.09703450624150495               
2       47             -0.0971054265105481                
7       52             -0.09733756102138441               
15      26             -0.09750459735744504               
35      56             -0.09753386596613522               
37      55             -0.09777608891363232               
10      53             -0.09805211582385454               
2       50             -0.09808302352134035               
30      46             -0.09819539351404447               
31      46             -0.0981953935140446                
14      38             -0.09869752497424089               
23      52             -0.0988086228077919                
11      16             -0.09890207641224597               
22      53             -0.0990138899910013                
13      25             -0.09906386162172215               
27      46             -0.09910854658087564               
4       13             -0.09941629999349522               
18      28             -0.09955214413680474               
17      54             -0.09966750052290535               
24      42             -0.10003036292662687               
32      45             -0.10010432409962519               
44      55             -0.10017163810383545               
22      29             -0.10086235638329574               
11      42             -0.10091603143980557               
1       24             -0.10132930653005384               
39      51             -0.10166963923816463               
28      42             -0.10204999354074532               
36      40             -0.10216042833144312               
5       11             -0.10221059226166729               
25      27             -0.10228676111368329               
2       56             -0.10260988035217994               
12      28             -0.10307825070432913               
29      56             -0.10324260017887948               
22      26             -0.1039569344474931                
30      55             -0.10425071445901804               
31      55             -0.10425071445901812               
6       12             -0.10448274642877614               
40      51             -0.10497932288649947               
16      23             -0.10529478297128658               
29      54             -0.10548694934403019               
25      43             -0.10571233759678617               
9       52             -0.1060389358593653                
23      38             -0.10609787539245229               
4       54             -0.10629584681456594               
11      50             -0.10631507580171684               
8       26             -0.10661867369627237               
18      32             -0.10701270732393522               
22      44             -0.1071650677079119                
42      47             -0.10722770380120111               
17      47             -0.10733291783804516               
47      54             -0.10736394865145049               
21      44             -0.10736573390135448               
33      38             -0.10739001080348798               
4       43             -0.10742514832436736               
31      38             -0.10789425332326016               
30      38             -0.1078942533232602                
1       48             -0.10814996059597559               
7       22             -0.10820360097709747               
16      34             -0.1083284556213771                
38      53             -0.10923524704569487               
13      41             -0.10985226634826722               
2       51             -0.10998753566147629               
29      46             -0.11021817881496135               
15      28             -0.11046347600700557               
45      49             -0.11056446648867585               
7       51             -0.1106886739209702                
1       32             -0.11081454827684722               
21      45             -0.11105078815327932               
17      32             -0.11129929716050016               
3       33             -0.11140100365361033               
4       38             -0.11157514325176876               
12      38             -0.11209814760019055               
3       45             -0.11235906091466258               
29      49             -0.11238480497416042               
10      23             -0.11403097261156447               
4       29             -0.11425348674801505               
24      26             -0.1147873435012502                
17      49             -0.11488180584784058               
13      37             -0.11560446183309764               
38      44             -0.11578902745403219               
22      33             -0.1158274040168647                
12      26             -0.11623155246313577               
26      41             -0.11633552122852825               
33      51             -0.1163911492807837                
1       26             -0.11666363866386292               
26      29             -0.11695377204572939               
17      42             -0.11703197735345996               
6       50             -0.11710304704497987               
44      52             -0.11721416951444535               
1       37             -0.11729549110337129               
9       19             -0.11767968421035963               
7       42             -0.11769047866283827               
44      50             -0.11774137692395042               
1       21             -0.11799097616391449               
25      28             -0.1180279986784093                
21      56             -0.11830585340676275               
24      38             -0.11849915655021018               
1       7              -0.11913866537896683               
9       51             -0.11914144014458589               
17      37             -0.11943616670143747               
44      48             -0.11945554989331902               
8       35             -0.11968707518088278               
31      56             -0.11976835317083376               
30      56             -0.11976835317083387               
5       29             -0.11994544831817582               
2       52             -0.12043093477310446               
26      32             -0.12046865939104445               
3       15             -0.12075908070270791               
6       33             -0.12084611879019369               
32      55             -0.12094601860449755               
8       10             -0.1210143881618474                
12      22             -0.12121476646570817               
33      41             -0.12122706760749669               
8       23             -0.12136085966072466               
33      35             -0.1215660871606696                
11      14             -0.12157448260007636               
13      49             -0.1217005486482512                
24      34             -0.12192390163746675               
28      47             -0.12218923612727484               
36      44             -0.12263577568920031               
1       19             -0.12267869620471628               
18      26             -0.12333996689990656               
2       25             -0.12393275702772905               
36      42             -0.12399587326038414               
3       38             -0.12403510103244558               
25      48             -0.12413944297817014               
26      43             -0.12414841345248273               
8       11             -0.12429247060811821               
40      42             -0.12434468025792667               
6       32             -0.12456482182204318               
26      30             -0.12464298041218681               
26      31             -0.12464298041218687               
5       24             -0.12570116340709359               
1       15             -0.1258966338744611                
36      53             -0.12594060465766016               
30      44             -0.12695608348746906               
31      44             -0.12695608348746912               
8       38             -0.1271130902160904                
1       20             -0.1271947170674032                
32      38             -0.12759345100374225               
42      48             -0.12793254857988892               
10      21             -0.12797308259209306               
14      27             -0.1279929845904219                
19      49             -0.12834761112017767               
5       30             -0.1289667308370604                
5       31             -0.12896673083706045               
10      43             -0.12928594779364716               
29      40             -0.12942318163243954               
1       49             -0.12944721811258375               
34      49             -0.12992830476021533               
11      51             -0.13042963510771538               
9       28             -0.13168279740769567               
32      40             -0.13192632782783925               
11      45             -0.13218395444641232               
10      28             -0.1323834659179446                
8       52             -0.1324358131928679                
1       8              -0.13261680366102258               
10      35             -0.13263662924047265               
16      17             -0.1326566695090899                
21      26             -0.13276463328965546               
19      32             -0.1328817990596855                
46      50             -0.1329975294462135                
25      33             -0.13319700631146064               
9       42             -0.1335170701481594                
26      49             -0.13384740899679787               
42      55             -0.1341370464415392                
13      43             -0.13426937935063105               
32      44             -0.13443534402519744               
8       13             -0.1344394701203826                
7       19             -0.1346319243530496                
42      56             -0.1347306805704656                
31      40             -0.13477985669832876               
30      40             -0.13477985669832881               
36      51             -0.13480003601411295               
23      34             -0.13505775677481274               
18      54             -0.13599647021929978               
19      31             -0.13625052554246597               
19      30             -0.13625052554246608               
2       24             -0.13669665553961624               
17      23             -0.13691025440467408               
13      19             -0.13704915817487406               
2       27             -0.13718674190842056               
37      40             -0.1373613806014084                
7       49             -0.1374176583602627                
19      29             -0.13776038930840634               
11      29             -0.13804465341011102               
52      55             -0.13850255400341255               
20      25             -0.13854681814011927               
21      47             -0.13905947262562773               
12      25             -0.13932143513919834               
4       21             -0.13949235827036016               
22      49             -0.13975219549073287               
47      48             -0.1404072582083049                
16      20             -0.1404694711331121                
43      49             -0.14065533449778278               
16      44             -0.14147787288886965               
7       48             -0.1423113923328707                
13      23             -0.1425590132826691                
17      40             -0.14267103893468663               
12      18             -0.14315979392175965               
15      16             -0.14348219890191055               
31      49             -0.14350920096698375               
30      49             -0.1435092009669838                
23      33             -0.1437975962282368                
21      28             -0.14386137372752603               
34      35             -0.14462083895027977               
10      50             -0.14464945158594633               
32      46             -0.14513984537575395               
33      46             -0.14616355097802186               
23      40             -0.14617879859834126               
46      47             -0.14619973996924568               
7       33             -0.14657920026618027               
19      24             -0.146618440738875                 
40      43             -0.14714537136741804               
28      37             -0.14734033673284458               
17      38             -0.14770097576276914               
1       34             -0.1478373984005507                
38      54             -0.147969353079905                 
28      36             -0.14841869644491237               
17      35             -0.14871223336787298               
13      35             -0.1490117655443556                
41      56             -0.14903048281616937               
20      41             -0.1491652760645132                
51      53             -0.14944536032649003               
12      46             -0.14963854798250925               
3       7              -0.14975519696982642               
42      54             -0.1498622706918181                
38      49             -0.15096985597246926               
35      40             -0.15099137844976812               
14      56             -0.15178332786722482               
7       8              -0.1521068373799505                
15      45             -0.15224739304492022               
27      41             -0.1523648975982746                
28      44             -0.15237308142746764               
37      48             -0.152854616969099                 
9       34             -0.15330673160864422               
52      56             -0.15352016913582056               
20      40             -0.15420400127366196               
2       5              -0.15478636094645437               
4       56             -0.15482243795103506               
11      26             -0.15551133103562198               
6       36             -0.1560862220069042                
15      44             -0.156749154760767                 
1       9              -0.15723894804128802               
5       10             -0.15732330773813957               
36      39             -0.157452056916071                 
18      27             -0.15746890431707566               
4       45             -0.1582683056262999                
33      43             -0.15913872086834055               
19      48             -0.15933660627504087               
2       10             -0.15947603852762138               
44      51             -0.1603803534830162                
10      51             -0.1606075712246116                
26      52             -0.1606866432879458                
7       54             -0.1606933421930323                
11      13             -0.16089888744066355               
13      16             -0.1609024965962138                
12      37             -0.16168888453916377               
13      51             -0.1617995782607614                
21      53             -0.1619199493759404                
8       34             -0.162294426928289                 
24      36             -0.16265413989983452               
27      31             -0.16276677183528954               
27      30             -0.16276677183528968               
22      54             -0.1628177973031501                
2       18             -0.16319027493580585               
7       40             -0.16384265538083126               
39      52             -0.16433457164114368               
9       55             -0.16479707587144088               
4       10             -0.16569939044277843               
1       27             -0.16592323652899715               
28      49             -0.1661325822403486                
24      56             -0.16639284912422406               
32      56             -0.1668073784131947                
4       36             -0.16697689480309724               
25      41             -0.16749703660742132               
6       23             -0.16812798602416035               
16      56             -0.16821541120336697               
2       44             -0.1683366301580434                
42      49             -0.1691151087620983                
3       42             -0.16925995465468735               
10      42             -0.1704625856447309                
41      45             -0.17071827537213521               
28      45             -0.1707925435494006                
13      50             -0.17085283707426135               
40      45             -0.17150555191941214               
7       56             -0.1715094130950509                
11      47             -0.17172056215905046               
21      25             -0.17200297027188408               
14      41             -0.1722360835535891                
4       18             -0.17239419306950232               
2       4              -0.1726526059353521                
2       37             -0.17269808879155107               
12      36             -0.1727574237554696                
15      54             -0.17339356185328553               
12      39             -0.17364191570774276               
5       44             -0.17417309373238873               
6       42             -0.174370462217541                 
14      40             -0.17486542116149795               
47      52             -0.1749656961230568                
27      43             -0.17500242375948316               
17      22             -0.17532633142775567               
16      21             -0.17547640093279573               
18      46             -0.17572083356676182               
8       55             -0.1759537092868972                
29      50             -0.1759883658549185                
22      51             -0.176772624413429                 
15      40             -0.1779196124218409                
25      37             -0.1787017287860008                
52      54             -0.17886019699417294               
28      38             -0.17927468454347276               
24      28             -0.17942532446548948               
24      47             -0.17948399226191425               
5       39             -0.17989573766613404               
3       18             -0.1800525255649878                
11      25             -0.18008581667874052               
25      42             -0.18014513944001825               
39      46             -0.18095830661902618               
11      33             -0.18173116389018606               
3       48             -0.18191763591318738               
21      55             -0.1820193479544999                
14      50             -0.18246989910382116               
8       43             -0.1826105406752844                
9       29             -0.1830239553178415                
48      54             -0.1830545841056732                
15      47             -0.18345269329737596               
18      36             -0.1839540681062064                
9       43             -0.18438414179181697               
9       45             -0.18445001729485494               
6       24             -0.18468443542213092               
1       51             -0.18600437241285273               
19      28             -0.18620471851221063               
53      56             -0.18663186513967361               
6       27             -0.1880365278030381                
20      48             -0.18841414581812232               
6       35             -0.1888273898888348                
6       22             -0.18915157318701925               
7       34             -0.18990802169259322               
28      33             -0.1906170367545495                
19      39             -0.19122600013614233               
45      51             -0.1916508075847273                
22      55             -0.19238840826722814               
45      46             -0.19285674850789614               
10      54             -0.19294526943434748               
49      55             -0.19355230344723018               
7       37             -0.19361280014021368               
17      25             -0.19366037308893164               
27      32             -0.19422828940208575               
13      42             -0.19454172123436103               
3       52             -0.1950635202976327                
25      36             -0.1961563427864391                
8       56             -0.19626261564220437               
46      55             -0.19662198569928968               
16      51             -0.19673724425026806               
19      50             -0.19705288572748003               
5       55             -0.19736332905478438               
34      43             -0.19754137163511026               
39      54             -0.19786783145223                  
8       44             -0.19821194005694565               
16      55             -0.1984934306331143                
3       10             -0.1998680706235642                
4       12             -0.20117483668312067               
19      53             -0.20163348061295683               
10      47             -0.20234517075440334               
39      55             -0.20261272927855972               
3       47             -0.20268750222124826               
33      42             -0.20271190220242866               
20      39             -0.20276586757881562               
11      46             -0.20339846379120657               
2       45             -0.2034139603806086                
4       11             -0.20345736291344496               
33      55             -0.20477566027056698               
36      49             -0.20621049011424214               
9       21             -0.20664930391708378               
24      55             -0.20701010561750213               
21      48             -0.20772900701982025               
13      45             -0.2084170184371133                
5       27             -0.20959776901403432               
1       40             -0.20978617869592858               
4       24             -0.20996875588796504               
10      15             -0.21006188427555794               
3       36             -0.2106810945050706                
45      56             -0.21071381205192355               
12      48             -0.2113139383704931                
14      52             -0.21176939756843782               
11      19             -0.21185398567456076               
45      55             -0.21309455054608242               
28      53             -0.21442096835082242               
43      50             -0.21510291340703208               
7       18             -0.21522202736413226               
21      27             -0.2158468015311005                
5       14             -0.2159352083870701                
15      48             -0.21608018808721519               
26      47             -0.21664612421190738               
12      40             -0.2176154492154046                
8       24             -0.2194282793048704                
14      22             -0.2199718277701262                
11      37             -0.22050332613406953               
19      54             -0.22206913616017895               
15      50             -0.22208098064025372               
16      24             -0.2224249029208851                
27      49             -0.22274931946589344               
4       9              -0.2231552140530466                
12      19             -0.22402980103723344               
16      54             -0.22418588285677774               
4       15             -0.2245414213101484                
39      47             -0.225088581522567                 
6       43             -0.22525219365295784               
5       9              -0.22527909829906245               
11      48             -0.22648027434260615               
16      25             -0.22758400608518456               
29      53             -0.22782402515610173               
28      34             -0.22828299132607738               
4       20             -0.22883298747759656               
7       13             -0.22927561523530154               
2       38             -0.2294230844316797                
11      52             -0.22981377671563816               
9       32             -0.23040599474094747               
14      51             -0.23065713481491898               
1       12             -0.23117773383860454               
37      54             -0.231512028303237                 
34      53             -0.23159108039561221               
46      51             -0.23205369755303357               
8       31             -0.2322430848161834                
8       30             -0.23224308481618344               
4       51             -0.23285910411889382               
38      50             -0.23345255873933218               
3       37             -0.23392882792055952               
18      25             -0.23481959552977272               
9       30             -0.23589840321424338               
9       31             -0.23589840321424338               
50      56             -0.23740000620315482               
18      37             -0.23775411799716445               
41      54             -0.23785037245726398               
14      17             -0.24015907947003914               
15      41             -0.24139934003489452               
10      22             -0.24146084657184275               
13      39             -0.24195921303516194               
16      18             -0.24409870081593246               
20      56             -0.24417208580159494               
34      54             -0.2444052039551213                
1       10             -0.24457135898966842               
43      53             -0.24492073112895132               
24      48             -0.24500460505500313               
1       16             -0.24600269836376706               
1       36             -0.2468432597398031                
25      39             -0.24718493727611218               
36      55             -0.24843263745964356               
26      44             -0.2493534485489119                
3       39             -0.24949582590415195               
6       40             -0.25123267727927295               
2       19             -0.25133654612390877               
18      20             -0.251893458665738                 
13      34             -0.25226276936556463               
36      54             -0.25264651451772424               
17      36             -0.2528463205065262                
15      17             -0.25355342830587224               
18      55             -0.2566848909977798                
10      39             -0.25782842874453316               
3       19             -0.2579436781122253                
18      38             -0.258356619035646                 
18      19             -0.2588351362478445                
12      56             -0.25896602636813704               
6       37             -0.26028053895205117               
4       33             -0.2606619678252156                
3       34             -0.2612713540607905                
6       16             -0.2625275777402396                
44      53             -0.26610757187152667               
18      47             -0.26625497365625395               
6       21             -0.2665144278792909                
28      46             -0.26693529478144773               
34      50             -0.2693662237964064                
4       28             -0.27109348868504357               
25      52             -0.2720065124670765                
5       56             -0.2742313783111292                
24      53             -0.2778762606519559                
4       49             -0.27822625228957937               
14      46             -0.27917186995418897               
22      47             -0.27923386873605016               
9       27             -0.28082384522265225               
11      36             -0.2843411749055191                
48      55             -0.287098724989146                 
3       41             -0.28863866090730683               
10      20             -0.2917776447414039                
12      47             -0.29284950925736913               
14      53             -0.2929350833795663                
5       48             -0.2974775631967389                
1       5              -0.3010793777107274                
2       36             -0.30450650230858345               
16      40             -0.3057597898156927                
22      56             -0.30586983077937846               
7       41             -0.3095492970532149                
2       48             -0.3116606039958662                
15      27             -0.3167551238288362                
17      46             -0.32624635819806946               
8       14             -0.33228000643744837               
1       33             -0.34480080281152403               
33      52             -0.347848928519476                 
6       46             -0.3532102126889659                
27      39             -0.3643070015576491                
9       20             -0.37344680417341486               
