#======================================================================
# PARAMETERS USED FOR THIS COMPUTATION: 
#      Sequence type: RNA
#      Total number of sequences in alignment data: 6129
#      Length of sequences in alignment data: 36
#      Effective number of sequences: 12.472766624871056
#      Value of sequence identity: 0.8
#      Value of relative pseudocount: 0.5
# The First and Second columns represent sites and the
# Third column is MFDCA Frobenius norm, average product corrected (APC) DCA score
#======================================================================
1       36             2.5796611834280423                 
15      23             2.5418196593058577                 
2       35             2.0247898142908136                 
3       34             1.808271688019487                  
4       33             1.5058355061389892                 
5       32             1.3721189768019129                 
9       29             1.3058779779851162                 
11      27             1.3005501756933027                 
12      26             1.240111647541888                  
14      24             0.9185849918022188                 
6       31             0.8700131143854245                 
7       30             0.8280459698336078                 
8       20             0.5512050286559409                 
33      34             0.48594910510378764                
16      22             0.4461739872686752                 
34      35             0.42576767502536017                
13      25             0.40175321035700085                
30      31             0.3919814038997385                 
3       33             0.3727063771001059                 
19      21             0.37259109985905514                
29      35             0.3703163888269073                 
18      19             0.36930930992258415                
16      18             0.363389054509376                  
16      17             0.3615970084073004                 
4       34             0.3611079137741716                 
16      21             0.35658513026719163                
18      22             0.35568640947326136                
16      19             0.352773927420553                  
17      22             0.34750313459112786                
19      22             0.3427563851847663                 
21      22             0.3419443893467713                 
17      19             0.3288782840644009                 
17      18             0.32576517620983364                
3       35             0.3223831437322575                 
18      21             0.31962964592404397                
32      35             0.31476335144430834                
2       9              0.29811430869212463                
17      21             0.29187526747049264                
2       29             0.2853107410265737                 
5       29             0.2795600197276987                 
14      34             0.2765320399450135                 
29      32             0.27558962300565104                
9       35             0.2744317235291962                 
32      33             0.273125329844078                  
2       8              0.27023044291034                   
24      34             0.2661072367686665                 
14      36             0.26049538919710563                
11      30             0.2570497906456075                 
24      36             0.25225303688868667                
7       10             0.24135271389879764                
5       9              0.24068137156928288                
4       5              0.23164125388804752                
9       32             0.22325339733186483                
7       8              0.22250909752285922                
3       24             0.21718097470640285                
5       6              0.21567090824506419                
3       14             0.21562054445914997                
25      28             0.20725909936980386                
5       33             0.20362873681409793                
13      28             0.20147494562890533                
1       29             0.2009113736080278                 
5       35             0.2007357756927759                 
3       20             0.19746779157088024                
1       9              0.1941364867005192                 
1       5              0.19060043431270818                
1       2              0.1836783644853387                 
32      36             0.17283389518585673                
4       29             0.1711562570067724                 
9       27             0.17074599432873677                
13      19             0.16900685133118687                
31      33             0.16854450358901651                
31      36             0.16540576048271854                
20      21             0.1644469632792726                 
10      13             0.16391828379003875                
3       36             0.16251430574439074                
19      25             0.15907607271994292                
4       9              0.15696509391311775                
1       33             0.1563605874020786                 
20      22             0.15552225250263138                
28      31             0.15541103456571187                
14      16             0.15391504156817076                
13      26             0.15338397394955097                
12      25             0.15288736400821906                
14      22             0.15278038142187783                
10      25             0.1520082329903808                 
14      19             0.1519538143051558                 
29      36             0.15139530699722747                
12      17             0.14901180354732113                
12      23             0.14544295591723172                
35      36             0.14442483097200487                
22      24             0.14396691432707592                
16      20             0.14204090564499725                
12      13             0.14058527067960386                
31      32             0.13938346217806352                
16      24             0.1389203272412705                 
14      21             0.1366454317386101                 
25      26             0.1361682727623913                 
23      26             0.13507464845061218                
14      17             0.1343161336081788                 
14      18             0.1332392189836213                 
19      24             0.13041875397105807                
2       33             0.12778578427220327                
19      20             0.1259985463320054                 
19      28             0.12595388967541343                
10      29             0.125430429184492                  
9       36             0.12468270021242345                
21      25             0.12446431926630852                
6       30             0.1208960327008688                 
18      24             0.12049404941629133                
9       10             0.12038020942799971                
13      21             0.12001110865882697                
15      24             0.11923077761900214                
27      29             0.11836430720542285                
2       3              0.11740113261724788                
16      25             0.11685316237983173                
4       35             0.11637404087362846                
10      30             0.1163660285832614                 
22      25             0.11497402361065717                
21      24             0.11465269717076104                
13      16             0.11451538196577166                
6       7              0.1133812922648608                 
13      22             0.11226248632057928                
18      25             0.11163931045807407                
17      24             0.11043071700233692                
9       34             0.1099606040051766                 
1       4              0.10962838370254124                
13      18             0.10951792924015583                
29      34             0.1081668223372968                 
18      20             0.10555156255989512                
2       31             0.10524396161179589                
7       31             0.1031367517855225                 
17      25             0.10233668255965192                
15      25             0.09911959664057429                
23      24             0.09911564957790026                
10      28             0.09866060487946543                
12      28             0.09789500202747159                
13      17             0.09731434309416445                
13      15             0.09675536656776906                
7       32             0.09581742636803509                
11      33             0.09576572380713227                
25      27             0.09469325161057462                
13      27             0.0918643029039175                 
16      28             0.09177870175204028                
22      28             0.09122801024095595                
5       7              0.09033703339495103                
6       8              0.0891522809530706                 
8       30             0.08875945672465863                
6       28             0.08799381060853023                
8       9              0.08723812684476684                
18      28             0.08433733211498293                
26      28             0.08390877805656735                
30      32             0.08250272118391311                
4       36             0.08142515564114883                
6       13             0.07906314286141883                
13      23             0.07795442762876464                
23      25             0.0770918192177078                 
5       8              0.07460029589807188                
7       25             0.07414739511240587                
21      28             0.074073938256181                  
2       11             0.07372709696978469                
17      26             0.07246674780431217                
5       36             0.07180735058041088                
34      36             0.0701366951893041                 
4       30             0.06964589629005713                
10      12             0.06883612974941292                
6       25             0.06826737344260075                
17      28             0.06818106127927279                
7       13             0.06585872170153007                
17      20             0.06442263964749903                
14      25             0.0640298161497937                 
15      28             0.06321380200470283                
3       4              0.06293229030959435                
4       6              0.06208856019395881                
13      14             0.06125892800397714                
18      27             0.05815971288559174                
9       33             0.057786453850030284               
4       11             0.05754912593464667                
12      18             0.056999200882930284               
13      31             0.0561716334243757                 
10      17             0.054727481151492785               
11      36             0.05293920038233835                
9       11             0.052352688674483006               
12      15             0.05047655347571517                
10      18             0.04829883891401196                
30      36             0.04768331131931591                
15      20             0.04727815051500989                
20      25             0.046639506752712445               
23      28             0.04414667787314791                
12      21             0.04386126343650423                
1       32             0.04371483484950772                
24      25             0.04326412644046773                
7       28             0.0419569994735805                 
33      35             0.04082902488272144                
13      24             0.03790551759361571                
2       4              0.03712896944297828                
18      26             0.03608135169940402                
32      34             0.036066387495067354               
10      16             0.035505240582670905               
7       11             0.035206983779434986               
10      26             0.034974337716685844               
25      31             0.03473648974434479                
10      21             0.03453169330394357                
12      16             0.03447986320740698                
14      28             0.03353923624682087                
10      22             0.03335391389782194                
20      26             0.03324864526339283                
15      26             0.033156910175109994               
17      27             0.032543809018520053               
26      27             0.031608264198260405               
20      23             0.0314240321670049                 
16      26             0.03130058972016439                
1       8              0.031122358520585147               
21      26             0.03061152391193972                
8       15             0.03025676712041203                
6       20             0.02972556695621953                
10      19             0.02779125087937384                
11      29             0.02771405651600395                
4       8              0.026370856354467898               
11      25             0.02578716353319699                
1       30             0.025771906448821935               
12      19             0.02539724972056473                
12      22             0.024733274700094177               
1       35             0.023560905898523887               
13      20             0.023554832290441252               
8       10             0.02223612838492886                
1       3              0.021483800358162664               
3       31             0.020940190763646005               
11      13             0.02077236950814504                
3       8              0.019796205517439935               
8       23             0.0193419395541638                 
22      26             0.01881543409593961                
25      30             0.01769768627215501                
29      33             0.01757133609847017                
14      20             0.016724722757140098               
27      33             0.016347153487681454               
2       24             0.015094979112362183               
20      28             0.013945020354565102               
8       33             0.012682335484771545               
27      28             0.011438453610037203               
10      15             0.011332949795040792               
2       14             0.009572738735405817               
19      26             0.009496097139275794               
24      28             0.008910924447182056               
15      21             0.007286832544869254               
13      30             0.006856261187442314               
10      27             0.006512462377864681               
12      20             0.006358805262021816               
16      23             0.005916677116825586               
15      16             0.005504000987583579               
2       20             0.0035376333267516102              
14      26             0.0029549169677589027              
15      22             0.00219448145918244                
15      18             0.0020609739429389706              
8       25             0.0014798813291587998              
15      19             0.0006697738374440154              
22      23             0.0003423075903670192              
24      35             -0.00048525769673357644            
6       32             -0.0023362363256896335             
28      30             -0.002997531649420626              
21      23             -0.0030630180201503543             
12      27             -0.003319210101867087              
10      23             -0.0033433760363156817             
11      18             -0.005248779825748673              
8       36             -0.005873588560052712              
15      17             -0.005903733819222129              
5       27             -0.006417565891055743              
6       33             -0.00674388623826927               
11      28             -0.00694421386556443               
4       27             -0.006985181229257731              
28      32             -0.0073923920007023525             
3       10             -0.00791567504099161               
31      35             -0.008192788754953384              
2       10             -0.009255892438818913              
8       28             -0.009744646680827251              
7       12             -0.010857921798502479              
12      14             -0.011267338718572939              
12      24             -0.011857600330512641              
7       21             -0.012883291578281136              
7       26             -0.01388854100828385               
6       26             -0.016298230954322035              
10      14             -0.01633995473337052               
7       36             -0.01690279118893684               
8       26             -0.017116673203508848              
11      31             -0.01717109757816554               
5       34             -0.01925328556805289               
6       10             -0.019857011263419322              
4       32             -0.021351239683107093              
18      23             -0.021461698136768237              
8       29             -0.0216783286640701                
5       30             -0.022360104492632482              
11      12             -0.02295551752656272               
19      23             -0.023056356678306245              
7       16             -0.023190267855110358              
7       17             -0.023363770194592598              
27      30             -0.02438354916881952               
24      26             -0.026637452763455527              
14      35             -0.026747582847778006              
17      23             -0.02747239011961644               
6       12             -0.02763743863398546               
8       35             -0.027805233302905297              
33      36             -0.028300803886532666              
22      27             -0.02847448245861045               
4       22             -0.02921537408821301               
7       22             -0.030306195722917456              
17      31             -0.030728427992522345              
20      27             -0.031236293746932042              
8       34             -0.031325743577358234              
1       11             -0.03146379220113121               
7       19             -0.03187638026488837               
30      33             -0.032528076415328844              
1       20             -0.03297650441355926               
10      35             -0.03316022592084211               
21      27             -0.033483894133835984              
16      27             -0.03354110634160451               
10      24             -0.03368857084985494               
7       15             -0.03413426830283092               
1       31             -0.03455617221014745               
19      27             -0.03463097852174066               
2       6              -0.036317076201175524              
8       13             -0.03686168850022456               
4       31             -0.03776638558845413               
3       11             -0.03808629564011773               
11      26             -0.03862486836502721               
7       18             -0.03915181061136058               
20      31             -0.039213218793580834              
1       6              -0.03982182825718705               
14      15             -0.04058394183069597               
30      34             -0.042181114944004505              
27      34             -0.04343112798905496               
8       31             -0.045566571660270005              
2       27             -0.04819155552295812               
15      27             -0.048680048373073936              
4       16             -0.05212534206059827               
20      24             -0.052686437668589436              
28      33             -0.053003290500810096              
7       23             -0.054544527672338916              
5       20             -0.056227382453974184              
10      34             -0.05649412828503314               
6       15             -0.05695413850283729               
9       13             -0.05709299698571024               
2       34             -0.05986650100677654               
11      21             -0.06004101857264399               
3       23             -0.06147801099325073               
6       21             -0.061707028105913636              
3       32             -0.06238812470512228               
14      23             -0.06265463571883828               
6       19             -0.06323768358616272               
2       12             -0.06375690126520894               
7       9              -0.06375835690969134               
7       14             -0.06529776988870961               
6       23             -0.0662420931268318                
11      19             -0.06663405277298126               
10      11             -0.06747575747019224               
13      29             -0.06750433615782231               
5       31             -0.06832696990610121               
6       29             -0.06842586565965125               
27      31             -0.06940061934837052               
25      29             -0.0694949639369854                
23      27             -0.06956854756822783               
3       30             -0.06961497983390735               
6       16             -0.06989976608013299               
20      32             -0.07009949360703832               
7       29             -0.07132351163018319               
9       25             -0.07135656526723955               
11      17             -0.07198552718346546               
4       17             -0.07327225561227371               
6       22             -0.0740609240440584                
7       24             -0.07415246958480445               
8       12             -0.07478534434361092               
11      15             -0.0758474790250186                
2       36             -0.07592404163980365               
5       28             -0.07619144634961603               
21      30             -0.07739295386848252               
11      22             -0.07789887701733675               
26      33             -0.07887938456414176               
11      16             -0.07991965763272363               
12      31             -0.07992250719226465               
6       11             -0.07998329748441776               
6       34             -0.0816331551217751                
11      34             -0.08294727388597528               
26      31             -0.08333025477152503               
26      30             -0.08492026188348611               
6       17             -0.08529035647227931               
1       18             -0.08571573390067466               
15      31             -0.08609275545990513               
20      34             -0.08609636581624353               
6       14             -0.0868347299733826                
4       18             -0.08844963840400719               
22      30             -0.09051673036375787               
6       18             -0.09173605963137567               
1       10             -0.09209768697494591               
16      30             -0.09221782020824318               
12      30             -0.09226437506290447               
8       14             -0.09293843473433194               
14      27             -0.09333506178876633               
10      20             -0.09333570864418073               
20      30             -0.09351315440299404               
15      30             -0.09507487223285233               
3       5              -0.09611898959725307               
21      31             -0.09724930112023783               
15      32             -0.09746808535222795               
8       27             -0.09859715171003527               
17      30             -0.09860705047615048               
11      23             -0.09864465954858229               
7       27             -0.09946977871192475               
19      31             -0.09948296616923077               
13      32             -0.10186305350878513               
6       27             -0.10195649542664986               
11      35             -0.1033095609861413                
8       18             -0.10339437961658449               
18      30             -0.10422109067561144               
8       32             -0.10442853465732188               
23      31             -0.10462563821307946               
6       36             -0.10472614090159005               
22      31             -0.10629083461004599               
19      30             -0.10673486463587675               
8       17             -0.10679724091842961               
4       10             -0.10783193411261971               
16      31             -0.10916716367060261               
4       21             -0.11020456466448728               
1       21             -0.11104398079191724               
9       20             -0.11301660279323875               
2       32             -0.1140424044477929                
10      36             -0.11450960040042718               
6       35             -0.11471531128207993               
28      35             -0.11511569050694304               
3       28             -0.1160588060320929                
5       25             -0.11724866022536792               
3       26             -0.11784552158857325               
5       26             -0.11886062095258362               
28      29             -0.11913895280209014               
5       13             -0.12012712477431264               
26      32             -0.1224572278216648                
3       7              -0.12277169352954237               
30      35             -0.12278679189785324               
7       33             -0.12325209912489593               
9       30             -0.12335752879783346               
1       16             -0.12390615463575977               
4       19             -0.12424773000443962               
20      35             -0.1249180167903296                
23      30             -0.12516543564948268               
11      20             -0.12560762378182388               
8       21             -0.12578486586347407               
14      30             -0.12629905896914595               
2       26             -0.12638929761113682               
18      31             -0.12773757813221698               
4       28             -0.12805855585312864               
24      27             -0.12842628783508292               
9       18             -0.12862413874650824               
1       22             -0.12962534641888154               
8       11             -0.13019204291809983               
25      32             -0.13132510909745584               
21      32             -0.13166705985957092               
19      32             -0.13171752008889812               
3       15             -0.1323691219191213                
12      34             -0.13313778963194697               
26      34             -0.13315492865884204               
1       27             -0.13333317036645698               
5       12             -0.13334490288114156               
3       12             -0.13334651219155855               
2       5              -0.13591173970724452               
8       16             -0.13632276219312806               
23      32             -0.13683708423404178               
1       19             -0.13711969634619928               
1       17             -0.13715535410486102               
8       22             -0.13734453865837354               
6       24             -0.13738949059015865               
2       23             -0.1377932804089318                
11      14             -0.13909212910751978               
26      29             -0.1399953129420707                
24      30             -0.1415304131567002                
2       30             -0.1415884007982955                
3       6              -0.14203767013600926               
27      32             -0.14263059762276573               
12      32             -0.14280994465389366               
29      30             -0.14360095960588676               
18      32             -0.14444954541141464               
14      31             -0.14465715807607427               
8       24             -0.14569858127237478               
5       21             -0.1458303817456414                
3       27             -0.1461836628862248                
17      33             -0.14779248574178458               
4       26             -0.14863603964241165               
9       26             -0.14877063845139163               
5       18             -0.14901235331002705               
21      35             -0.14952224093247854               
8       19             -0.15103125137479187               
1       7              -0.15129667386069107               
11      24             -0.15226278840475488               
31      34             -0.15331095636833558               
12      29             -0.15366841195548767               
20      33             -0.15383817975315947               
4       20             -0.1542862273198307                
1       34             -0.15465790336724833               
6       9              -0.15499644381493524               
9       28             -0.15688595123849602               
12      33             -0.15710289978154182               
9       12             -0.15780835475137717               
5       16             -0.15809126837073378               
5       15             -0.1605088959886904                
29      31             -0.16283284262755526               
5       19             -0.1633825365801957                
21      29             -0.16431282181224158               
24      31             -0.1645003136838556                
4       12             -0.16465950592238354               
7       20             -0.16529919603431067               
9       21             -0.1657628684013897                
19      29             -0.16618627134671254               
5       22             -0.16656931353094                  
4       7              -0.16746119351768363               
5       17             -0.16985399996380657               
19      35             -0.17083119798152532               
11      32             -0.17153630439745376               
16      32             -0.17294701206829552               
22      32             -0.1730834899113851                
16      29             -0.17471025970739248               
9       15             -0.17619249805568538               
22      29             -0.17715518270310635               
17      32             -0.17742301017841877               
9       31             -0.17763584377083144               
16      34             -0.17820300481517576               
28      34             -0.17850053106946076               
15      29             -0.18006297992526063               
10      31             -0.18100870112361278               
7       35             -0.1822995669647656                
5       23             -0.18261951796757914               
22      34             -0.18361047259920843               
9       16             -0.18362820008576236               
17      29             -0.18438900879626693               
20      29             -0.18465568813778271               
9       22             -0.18712218681935688               
9       23             -0.1873901805559325                
1       12             -0.18929228404016632               
2       7              -0.18974869338167                  
9       19             -0.19028377982940178               
23      33             -0.1912950831403668                
9       17             -0.1920969628453919                
10      33             -0.19214341716067307               
17      34             -0.19295926286819798               
3       9              -0.19349517560755325               
18      29             -0.195013364071126                 
23      29             -0.19514426339476537               
5       10             -0.1952226831485585                
7       34             -0.1952258694253225                
17      35             -0.19542727942433785               
2       19             -0.19593290113140902               
19      34             -0.19731529310481902               
3       25             -0.19748034542421178               
19      33             -0.19863493840906826               
27      36             -0.19896688398988527               
10      32             -0.20257465737245933               
18      34             -0.202902191736117                 
3       13             -0.20430040406756605               
24      32             -0.20435100768254041               
3       29             -0.20740167033200152               
2       21             -0.20918327966526032               
17      36             -0.21312116074973586               
25      33             -0.2140953917333507                
24      33             -0.21417308976508204               
22      35             -0.2147595938568783                
15      33             -0.21537992367227476               
13      33             -0.21710691878023886               
3       21             -0.2176733291185177                
5       11             -0.21840880543534655               
18      36             -0.2214275288703999                
26      35             -0.22195951309459214               
22      33             -0.22389837685624003               
2       22             -0.22601083694009214               
1       13             -0.22726435328951014               
16      33             -0.22746418714789426               
2       17             -0.22875932780703762               
14      29             -0.22925583557540705               
1       24             -0.23041606474265136               
18      33             -0.23067305425138826               
22      36             -0.23122656448831705               
9       14             -0.23122887245575574               
18      35             -0.23214892556514644               
12      36             -0.23291074351088953               
21      36             -0.23374137638442039               
4       13             -0.23417778450028423               
5       14             -0.2343288715434343                
20      36             -0.23477941813456035               
2       13             -0.23526060262591458               
5       24             -0.23552903200468686               
16      35             -0.23594692663173733               
3       17             -0.23723507997543233               
28      36             -0.23726754129583563               
4       23             -0.23832758261205214               
1       25             -0.24037410241495347               
21      33             -0.24040022957634685               
3       18             -0.2407620644582481                
2       16             -0.2416411992217546                
3       22             -0.2425256753717887                
2       25             -0.24322530498675068               
19      36             -0.24337806626128983               
14      32             -0.24388004708075617               
2       18             -0.24391628485666522               
24      29             -0.24449246519743775               
21      34             -0.24524767283336166               
16      36             -0.2459496492374905                
1       28             -0.24689935140720587               
1       26             -0.24760498214982862               
25      34             -0.24883999129613005               
26      36             -0.2493795099182812                
2       15             -0.25102882908273594               
9       24             -0.2521288213132782                
4       14             -0.25302617843100716               
4       25             -0.2542992762158338                
3       16             -0.2544762695026457                
3       19             -0.25489397404265207               
2       28             -0.2616481908126883                
13      34             -0.2688759114203018                
4       24             -0.2703820510884367                
1       15             -0.2718158959627197                
23      36             -0.27692178682442625               
1       14             -0.28211710142698887               
4       15             -0.2837453515037624                
15      35             -0.2850625812593402                
1       23             -0.28784045998539                  
12      35             -0.29007511337714414               
27      35             -0.303896869287694                 
25      35             -0.3088859644324991                
15      34             -0.31089978486247083               
13      35             -0.31151308710451175               
14      33             -0.31327487867416515               
23      35             -0.3158366687562768                
23      34             -0.3250069726490599                
15      36             -0.32520747339678335               
13      36             -0.3453776557944421                
25      36             -0.3516274628874272                
