#======================================================================
# PARAMETERS USED FOR THIS COMPUTATION: 
#      Sequence type: RNA
#      Total number of sequences in alignment data: 798
#      Length of sequences in alignment data: 39
#      Effective number of sequences: 12.881663698939807
#      Value of sequence identity: 0.8
#      Value of relative pseudocount: 0.5
# The First and Second columns represent sites and the
# Third column is MFDCA Frobenius norm, average product corrected (APC) DCA score
#======================================================================
3       39             1.2511356711196768                 
4       38             0.9905295708372197                 
1       2              0.8736854064985592                 
14      39             0.8511986946021602                 
15      27             0.850606550511454                  
16      31             0.7842262206807098                 
3       5              0.7167918543650957                 
17      24             0.7023259304823715                 
33      34             0.6827403422629335                 
9       29             0.6773559122971674                 
27      29             0.6608222850890175                 
1       15             0.6513709908687487                 
8       9              0.6496197748177928                 
3       14             0.642030093855236                  
38      39             0.6357760681296559                 
12      30             0.6131455606577698                 
1       27             0.6117808326759695                 
28      32             0.5912583404810346                 
16      25             0.5900437612228937                 
19      20             0.5630766238455043                 
27      28             0.5539873519127929                 
3       26             0.5470113731815843                 
12      14             0.5316872391774035                 
11      16             0.5288528630350666                 
30      31             0.5285195438275878                 
32      38             0.5091528864236853                 
21      22             0.5085191361619205                 
21      23             0.501879712454834                  
7       35             0.4890460659297381                 
1       28             0.4777928933551141                 
1       31             0.4660515942764629                 
5       26             0.46564365795327933                
12      18             0.44956230668998387                
35      38             0.44830149447084433                
2       32             0.445547132670012                  
16      17             0.4433956002077441                 
2       3              0.4355959760590701                 
6       10             0.43051039276913444                
13      37             0.42949661853365906                
5       15             0.4253231436645736                 
14      15             0.42331250385028785                
33      35             0.4200108947852879                 
33      36             0.4142437072907238                 
34      35             0.4039094127232286                 
34      36             0.4029807173231089                 
14      27             0.39730530288209476                
18      30             0.3951157270359994                 
1       5              0.3946541483221919                 
9       33             0.3934716187009574                 
29      33             0.3882687938813224                 
36      37             0.3859086232369831                 
4       35             0.3711211874541641                 
1       14             0.37011632197979116                
5       39             0.3681336635906606                 
9       34             0.36757022245212695                
24      25             0.36396686378879944                
18      31             0.36069391236552883                
29      34             0.35681752313425374                
24      26             0.35462637117047463                
7       8              0.3525715187445546                 
26      39             0.3496030915516062                 
12      15             0.3470713138286457                 
9       10             0.3427220210944119                 
6       11             0.3413707446019589                 
6       8              0.3412676335116357                 
8       29             0.34112229230595303                
20      21             0.33439226136048233                
12      31             0.3246882435378197                 
3       28             0.3245077067086308                 
17      26             0.32418466416145314                
7       9              0.3235127146434891                 
23      38             0.3234375220331455                 
14      30             0.3218840770369229                 
29      39             0.31733628709189354                
13      29             0.3112987101708953                 
18      26             0.30719125122303176                
5       28             0.30612916998032036                
8       33             0.28727711598281547                
15      28             0.28547026649502827                
20      28             0.2764991668333859                 
35      36             0.2715928826628831                 
8       10             0.2699153366473491                 
8       34             0.265023250088449                  
12      13             0.261843201244446                  
22      38             0.2614618036253836                 
1       26             0.2591152045271262                 
20      23             0.2532869741323708                 
8       11             0.2491436194415929                 
31      35             0.24877450658757783                
16      24             0.2459455026416681                 
4       23             0.24039204362153344                
19      22             0.24029754625272653                
11      25             0.2379141826502239                 
18      20             0.23578214670713915                
3       29             0.23161310361042697                
22      23             0.2284921537258305                 
19      21             0.22753844347685925                
17      32             0.22690753398523045                
6       7              0.22556665076862908                
10      11             0.22490220697812383                
20      22             0.22283160575139577                
1       18             0.22057895176022457                
28      38             0.21328389134001657                
15      18             0.21304486731401695                
33      37             0.2112403202355573                 
2       15             0.20906946062954135                
24      32             0.20595131066257671                
34      37             0.20520232414867343                
22      25             0.20412975973927883                
28      30             0.20299825070736016                
2       12             0.19481576684038737                
6       9              0.19469148946725123                
15      30             0.19421267904824313                
7       10             0.19272946277564076                
4       7              0.18860492324690675                
5       18             0.18761754556861654                
35      39             0.18736625130036832                
5       35             0.1857826238628152                 
16      19             0.1847564984999423                 
7       37             0.17245683539543327                
18      19             0.17221676303450084                
19      23             0.16548715898221988                
30      32             0.16444795783139438                
10      36             0.16133898357243995                
3       27             0.15985034431314593                
2       14             0.15971278100014497                
20      32             0.15856385208387774                
27      38             0.15808428684672338                
19      28             0.15505556533328185                
2       18             0.15411935779271468                
10      13             0.15338945313414404                
10      37             0.15268899040864486                
13      17             0.1523727753138545                 
4       6              0.1523174531120296                 
6       36             0.15065756361305604                
22      37             0.14582213445555006                
36      39             0.14555456010178391                
14      18             0.14284486838035648                
18      27             0.13537197969205322                
11      12             0.13447474394257042                
2       5              0.12823689701329866                
7       11             0.12770453068050835                
17      25             0.12715014125434398                
2       30             0.12713803345881225                
6       25             0.12657589704517183                
21      35             0.12364035429793407                
2       38             0.12341067902799008                
20      24             0.1215912879311038                 
1       35             0.12139647912308515                
11      13             0.12020808512181258                
14      37             0.11921605273378871                
10      22             0.11711659432973648                
26      30             0.11439699408735737                
2       31             0.11224503056480128                
20      26             0.11038497098685535                
19      25             0.10695237899626031                
13      32             0.1066025818397448                 
23      39             0.10641723951724252                
31      32             0.10509387983239227                
4       10             0.10064055855197301                
21      38             0.0996534687463444                 
36      38             0.0993213043449192                 
4       27             0.09877964367481407                
25      30             0.09689496744406678                
25      28             0.09630775961181104                
15      39             0.09575540713006991                
26      31             0.09558836111752489                
25      37             0.09457576833273462                
19      24             0.0940703805611876                 
6       13             0.09343946991180072                
9       31             0.0921457288819954                 
5       6              0.09150037304568054                
12      28             0.08959043756964252                
4       17             0.08943233554705293                
27      39             0.08709548449013338                
9       11             0.08681981788896437                
15      31             0.08571802613288315                
10      19             0.08516424632386901                
11      17             0.08433723089201128                
6       37             0.0841988728800471                 
12      17             0.08281612554281265                
19      32             0.08253976036000749                
26      28             0.0824905897767726                 
9       39             0.08209648271496872                
1       7              0.0806808967763557                 
10      12             0.08065069604947722                
5       7              0.07971020037588888                
4       39             0.07945372144955276                
7       34             0.0792293397158434                 
13      23             0.077709508629142                  
14      26             0.07651992931306817                
17      20             0.07635032132759045                
5       27             0.07613463994744096                
2       16             0.07566793436905744                
4       24             0.07379218361134343                
11      31             0.07270688112189588                
21      24             0.07216462561184384                
4       29             0.07215741122971597                
17      21             0.07038992473785421                
14      31             0.06994672707355587                
35      37             0.06649206954391695                
30      36             0.06597685686351967                
7       16             0.06551932949932576                
10      17             0.0650812081212308                 
24      33             0.06467987587123397                
7       33             0.06448913028117295                
26      32             0.059522243254121865               
4       21             0.05892806767783981                
13      19             0.058796174614213215               
24      34             0.057855760694533576               
19      26             0.056720549364080664               
3       9              0.05632706041637625                
31      38             0.05611866196365145                
24      36             0.05574607631364875                
22      24             0.05553693374241728                
6       12             0.053864025596660814               
32      39             0.05269016784802705                
6       20             0.052523615306676236               
6       17             0.05017556857750741                
6       16             0.04994928740075821                
13      16             0.049606827919340735               
24      37             0.046857342329325535               
23      27             0.04658500657339648                
10      20             0.04618050745501662                
13      27             0.04599244477391662                
2       29             0.045490123884159295               
3       15             0.045320684318419735               
8       25             0.04445505102515629                
15      26             0.044332802460046006               
29      38             0.04417463441505254                
6       22             0.04386162215915276                
4       15             0.04350282506877834                
11      36             0.0420858001810544                 
10      24             0.04103224733710367                
4       11             0.040831949665449285               
9       14             0.03989972412242204                
1       12             0.03971958118822805                
10      33             0.03859037369116061                
7       21             0.03854776189195325                
11      24             0.038091623097910615               
5       10             0.037681885470964294               
10      34             0.03660328421341616                
1       16             0.03567456988556117                
6       19             0.03350810256621589                
4       13             0.03282173492977092                
6       24             0.032670279574615185               
1       32             0.03232918555838915                
3       8              0.03142501109027235                
18      21             0.03141360818937916                
30      33             0.030951386390164815               
11      19             0.030313215770009838               
4       19             0.030134175889603043               
9       35             0.02886061162753706                
6       33             0.028680071132639567               
37      38             0.028396346927080485               
20      33             0.02752425299385758                
11      21             0.026599522857259167               
1       38             0.026548936417892022               
13      22             0.02649840587575289                
12      37             0.026127436676441018               
13      25             0.02582888646591419                
3       7              0.02579007717238052                
4       20             0.025506080952479138               
11      20             0.024220082436459595               
10      21             0.023822571266762738               
22      36             0.023060832158195543               
7       25             0.02227513926072816                
6       34             0.022149495850773165               
23      29             0.021209152433984413               
23      24             0.02105626944120298                
13      15             0.020947569562208113               
2       23             0.020789992688702352               
15      23             0.020622203615098755               
7       29             0.020276180786380882               
11      22             0.020226095536622968               
3       13             0.0201015162999158                 
20      36             0.020044465624567964               
8       20             0.019681126024128692               
18      22             0.01870673579107751                
10      25             0.018602265053484862               
17      36             0.01745599908740908                
20      34             0.01634945089284648                
6       21             0.015671870640090457               
8       13             0.015656377897767415               
30      34             0.015212697968414401               
22      35             0.015013504779444187               
11      34             0.014993219447554051               
10      30             0.014802884466682986               
21      36             0.014629880897657016               
16      22             0.01354901590962787                
1       25             0.013038633758434393               
13      24             0.012457408659607427               
26      38             0.0118260669613659                 
20      25             0.011710050704791253               
16      34             0.011313365857434199               
5       31             0.010989723845110877               
2       37             0.009533078590117816               
5       32             0.00913907065529529                
8       16             0.0067264951937525685              
17      22             0.005425318755664793               
8       19             0.004857703170096511               
17      19             0.004550822873315763               
2       4              0.0037885491510674107              
22      29             0.003441051557356467               
17      33             0.0016794542973960491              
15      17             0.0010729373479885784              
7       13             -0.0016424950020262064             
26      27             -0.001940391479450021              
8       35             -0.0023038589271723864             
18      38             -0.0023786728273416102             
8       24             -0.0026227318190820137             
2       25             -0.0027206788463342013             
17      34             -0.002962976901655201              
15      38             -0.003523338909200091              
8       17             -0.0049409493071443655             
18      24             -0.0062309881973617864             
20      38             -0.00693344213725422               
14      29             -0.007231338431369472              
11      30             -0.0077530614641738715             
27      31             -0.008210097471728184              
4       32             -0.008707129722834495              
3       20             -0.008710328878278217              
4       26             -0.008749523803953219              
19      37             -0.00981760934839529               
16      33             -0.010981658614550777              
1       29             -0.011424285104022491              
7       24             -0.012655959701814323              
29      31             -0.013423821122237944              
1       4              -0.013979095570067046              
9       19             -0.014091129197168428              
3       23             -0.014179653201845666              
29      35             -0.014539083799551988              
21      28             -0.014650231766686006              
8       12             -0.014708644596067022              
11      37             -0.014737061525416734              
16      36             -0.015015857912898833              
3       35             -0.015558416302663414              
12      16             -0.016391238455396917              
23      32             -0.01651011688877191               
23      36             -0.017119562056367055              
11      33             -0.017505423888997867              
7       12             -0.01798065414465344               
25      31             -0.01876509864343917               
14      25             -0.01951061583773528               
7       17             -0.019770677990912033              
5       11             -0.021695215561363834              
16      20             -0.022292054701436026              
21      31             -0.02242600594094013               
21      32             -0.02321938072035712               
13      38             -0.023633659909944926              
2       24             -0.024235989932258006              
2       27             -0.02586545819341235               
19      38             -0.02668123621513735               
30      37             -0.027296075791851837              
32      34             -0.02734365137988476               
21      25             -0.02946592153855862               
16      21             -0.02966462033724629               
23      28             -0.030605292334741185              
9       13             -0.031163990445609913              
8       36             -0.03131593210495598               
13      36             -0.03140722648894212               
13      39             -0.032601801406375475              
32      36             -0.032603910491796895              
25      34             -0.032719498364581795              
13      34             -0.03300915755731376               
3       37             -0.033465922723371844              
19      35             -0.03443280415599276               
11      32             -0.035157902615884695              
4       9              -0.03524907397937971               
25      33             -0.03537230351476531               
23      35             -0.03594823843265316               
10      16             -0.03596226546882031               
10      23             -0.036052299894873296              
13      30             -0.03618049860427611               
11      23             -0.03666182693059167               
5       14             -0.03773132812987723               
7       22             -0.03971515866781519               
5       30             -0.04029752115757257               
5       8              -0.04205104367296009               
2       22             -0.04213352625846212               
22      27             -0.04255193252502126               
6       23             -0.04259048634322282               
10      32             -0.043306184177198725              
25      36             -0.04434220928497637               
5       12             -0.04619080326304359               
19      33             -0.046199752796303034              
12      25             -0.047555345233882995              
19      36             -0.048206273128539145              
18      23             -0.048776341428949876              
19      34             -0.04933164939482712               
6       30             -0.04973947055809838               
14      32             -0.05105076805668629               
9       20             -0.05112914224336773               
1       30             -0.05128957866604944               
23      25             -0.05236497025855252               
22      31             -0.05251221295129449               
21      26             -0.05413787541874954               
18      36             -0.0541522579022497                
17      23             -0.05500658376180709               
21      39             -0.0554480132567341                
1       37             -0.055631613722856466              
9       17             -0.05773964159994999               
30      35             -0.05811191072885885               
2       17             -0.058470736917288324              
16      30             -0.058601637324057654              
13      20             -0.058724359932822795              
1       23             -0.05901132875006554               
4       8              -0.059472273112951224              
17      18             -0.06027589890501578               
20      37             -0.06072121798005198               
9       36             -0.060745154142879676              
3       6              -0.06094869564151184               
21      27             -0.06175039999873427               
12      26             -0.06354953981912176               
32      33             -0.06377703116058564               
18      34             -0.06573031852540881               
9       12             -0.06579652633868177               
12      21             -0.06627417849584288               
22      30             -0.0669880249560007                
2       26             -0.06722119056271025               
37      39             -0.06761473708992533               
26      36             -0.06810767245021315               
9       24             -0.06869564779505732               
4       18             -0.06916162293226702               
9       22             -0.06938617582741849               
27      30             -0.06940530829247527               
20      27             -0.06974153684758766               
24      35             -0.07006381407949108               
21      33             -0.07216030710506491               
10      18             -0.07224837927294381               
18      33             -0.07284806457992099               
6       32             -0.07485979393981781               
18      25             -0.07544248616448085               
13      33             -0.07605017405966412               
24      31             -0.0762964472999278                
9       38             -0.0771890735246587                
5       23             -0.07784742203560835               
13      14             -0.07829419520715886               
21      37             -0.07985133935347163               
12      36             -0.0805185178582204                
21      29             -0.08084487147748282               
20      35             -0.08086627633386517               
3       19             -0.08101118379900468               
5       37             -0.08237016673617337               
2       9              -0.08325235590282692               
21      34             -0.0852355292368433                
23      34             -0.08552713549302353               
2       28             -0.08588671370032619               
4       14             -0.08604049314741857               
25      32             -0.08610398997424795               
6       18             -0.08647321984647455               
15      20             -0.08649554882542998               
9       37             -0.08721169848374805               
6       28             -0.08767001421714782               
24      27             -0.08843694700025129               
11      29             -0.08848286387967161               
25      38             -0.08909559549659996               
12      22             -0.0897774464631679                
7       39             -0.09020076446386821               
18      37             -0.09028899417438718               
8       39             -0.09059188935447815               
16      23             -0.09072481593057505               
15      19             -0.09131227867943265               
33      38             -0.09169233218168432               
23      30             -0.09177420440252057               
1       9              -0.09225452378680365               
9       25             -0.09236731275165494               
31      36             -0.09389489049078642               
7       36             -0.09391036697300156               
15      37             -0.09395257398579598               
15      21             -0.09410706387820428               
7       23             -0.09465979654703366               
12      23             -0.0952974688484825                
17      31             -0.09578738787335345               
17      37             -0.09613340993789016               
15      16             -0.09613948203503153               
28      29             -0.09714851613336833               
4       36             -0.09733811356126809               
17      35             -0.09753059400952202               
21      30             -0.09781992954072388               
12      33             -0.09992805965141274               
2       39             -0.10006329105791467               
11      28             -0.10081385935079673               
32      37             -0.10167857596843538               
14      36             -0.10183905650758285               
25      26             -0.10397602618850477               
12      34             -0.10399972916365222               
17      30             -0.1052022832608622                
18      28             -0.10565484369654576               
22      26             -0.10614061692629206               
7       14             -0.1065466598325257                
19      31             -0.10691573377210023               
10      28             -0.10730287933752114               
14      22             -0.10774649871307429               
3       10             -0.10776498354609215               
29      30             -0.10780362580771691               
4       34             -0.1083026097034786                
4       33             -0.10902915187475157               
8       21             -0.10974115844802994               
18      32             -0.10993645641070593               
19      27             -0.11011663263826846               
5       22             -0.11114192949393464               
2       21             -0.11143797803340366               
2       7              -0.1117167812426007                
10      35             -0.11186177551093121               
34      38             -0.11324093407669406               
4       5              -0.1134555542868742                
23      37             -0.11351436145426516               
27      36             -0.11397031172289179               
28      35             -0.11590213108246322               
7       38             -0.11690593480873068               
8       31             -0.11703849154977414               
11      18             -0.11725421692766416               
28      31             -0.11784550763297658               
28      37             -0.11798181347381875               
7       27             -0.11824223808571169               
29      32             -0.11881821452014668               
16      37             -0.11996428472875495               
16      28             -0.11997475580286493               
34      39             -0.12036828946009134               
33      39             -0.12154739000312226               
31      37             -0.12173827245990532               
12      20             -0.12436408291663179               
1       24             -0.12477800183827453               
4       22             -0.12484487562825994               
8       30             -0.1252212094700413                
23      33             -0.1252768942677903                
22      32             -0.12557949817321842               
8       22             -0.12621821095792674               
8       37             -0.1262269470011142                
28      36             -0.12646380450696845               
16      18             -0.12824924963891032               
5       34             -0.1283179765621725                
9       16             -0.12857375260381548               
24      30             -0.12907738993981752               
9       23             -0.1292060133161532                
24      29             -0.12932663516504495               
2       19             -0.13400599347029585               
25      35             -0.1340397710679625                
3       4              -0.13410074105612424               
22      34             -0.13451823298922994               
11      26             -0.13518247920531637               
22      39             -0.13617502612949162               
12      19             -0.13620072438482414               
16      26             -0.1362307358778574                
22      33             -0.13646814249165123               
20      39             -0.13813639959289165               
26      33             -0.13817834804263118               
13      18             -0.13891556697719265               
26      34             -0.1390504141884413                
12      24             -0.14059801452509946               
16      35             -0.14064620380089551               
15      25             -0.14081534033673504               
25      27             -0.14133730050661047               
9       21             -0.14139629509157198               
6       35             -0.1414048420062411                
10      26             -0.14208859945222913               
8       38             -0.14223271071738908               
6       26             -0.14264385854022943               
3       11             -0.14599121299592427               
28      33             -0.14683240910899273               
8       32             -0.14690374416637192               
7       28             -0.1469332130348286                
1       22             -0.14944840258611647               
3       16             -0.149864518648974                 
12      29             -0.15067552798353379               
20      30             -0.15223334263457933               
19      30             -0.15230448065586125               
5       13             -0.15307900864395335               
8       18             -0.15412949720816482               
7       30             -0.15416070804311313               
5       33             -0.15454959479473734               
2       8              -0.15518286103028278               
8       14             -0.15578483019979755               
3       36             -0.15604208788784069               
16      32             -0.1568737078222166                
26      37             -0.15773258076217847               
5       36             -0.1580931265784204                
23      31             -0.15861654601376954               
28      34             -0.15915958489038765               
14      21             -0.15959823147736052               
5       9              -0.1595987526183884                
31      34             -0.1604474863806424                
18      29             -0.1613043951852705                
11      35             -0.16161194119106492               
2       13             -0.16230370870711952               
15      32             -0.16443014106687232               
3       21             -0.1655123778694529                
7       32             -0.165753238883502                 
29      36             -0.16741449326248584               
29      37             -0.16819617030622172               
8       28             -0.16839347118117165               
5       17             -0.1695525778632477                
14      35             -0.17034336579817944               
2       6              -0.17105914463215274               
1       39             -0.1718918964596503                
14      38             -0.17241100413065324               
1       17             -0.17397159428183628               
4       31             -0.17454913308102465               
27      32             -0.17609787234006863               
13      21             -0.17714909917327037               
6       14             -0.17789958465008507               
22      28             -0.1787444859046697                
3       30             -0.17971990213551953               
2       11             -0.18056496357546875               
13      28             -0.18101977877018852               
31      33             -0.18122017737857404               
8       23             -0.181926116077527                 
24      39             -0.1825567814785652                
6       29             -0.1844394001530515                
32      35             -0.18637195066156154               
10      14             -0.18671244280379554               
27      33             -0.18697501160748162               
1       8              -0.18705429200078583               
5       25             -0.18708885413073897               
12      32             -0.1894228966396523                
25      29             -0.19050410699795312               
10      29             -0.19076784634489172               
3       22             -0.19159940168811954               
1       3              -0.19177252326524297               
27      34             -0.19184280903589362               
12      35             -0.19354275906753182               
1       13             -0.19481929584813673               
2       35             -0.19511201736048273               
7       15             -0.19567194826120873               
14      23             -0.1960254861455261                
9       30             -0.1960911833670141                
7       19             -0.19680783402541552               
16      27             -0.19697730664786225               
13      31             -0.197703337065974                 
14      28             -0.19942549631473988               
11      15             -0.20037139997953357               
3       17             -0.20047345154291674               
3       38             -0.2008684771416951                
4       37             -0.20202889000292007               
6       38             -0.20209848027834115               
27      37             -0.20342454650105612               
15      22             -0.20379781323724622               
19      29             -0.2039280727760424                
17      27             -0.20414862473937495               
17      39             -0.2056807001916819                
11      14             -0.2058885975623798                
17      28             -0.20799792426553693               
14      20             -0.2083476999051936                
10      15             -0.20846095430199524               
4       28             -0.2089454319347499                
15      33             -0.2090077684903686                
20      29             -0.20930775561252946               
15      36             -0.2093331512342017                
15      24             -0.2105111679472082                
2       10             -0.2110114223885795                
16      39             -0.2123024640277542                
5       19             -0.21276047928690536               
24      28             -0.2131142101402464                
7       31             -0.2144641030331251                
19      39             -0.21454750316309978               
17      29             -0.21610223217935945               
2       20             -0.21806009534600823               
10      38             -0.21813891307460928               
15      29             -0.218520446673162                 
9       18             -0.21953670511168571               
5       20             -0.2199423935424281                
2       36             -0.22181981973628223               
11      27             -0.22274938689682833               
15      34             -0.22452553467722391               
6       15             -0.22491631936665252               
23      26             -0.22498265110049936               
26      29             -0.2252743818552676                
14      17             -0.22561542072177704               
10      39             -0.2258749647005308                
6       31             -0.22614575118873662               
25      39             -0.22818963348372806               
5       24             -0.22890904790587555               
5       29             -0.2293056427521839                
3       25             -0.23009551860562638               
14      19             -0.23048373961622898               
13      35             -0.23136397372309087               
7       26             -0.23223414231152273               
10      27             -0.2330003746118507                
28      39             -0.2339828335850761                
6       27             -0.23403078249365739               
14      16             -0.236782227387763                 
5       21             -0.23720580715248574               
6       39             -0.23741976400960402               
7       20             -0.24189446681085505               
16      29             -0.24193629606003508               
10      31             -0.242691637130911                 
4       25             -0.24451023259877178               
7       18             -0.24473978853933442               
14      33             -0.24580692728526532               
1       21             -0.2474650063581152                
5       16             -0.24751728100912732               
11      38             -0.24930601490755913               
13      26             -0.25055095463938615               
3       12             -0.2509148705920665                
2       34             -0.2511148625628712                
2       33             -0.2538100902227357                
3       24             -0.2539058612761777                
18      39             -0.2558246930582448                
3       33             -0.25641561668227075               
8       26             -0.25655067596772996               
14      34             -0.2568274138140202                
9       32             -0.25828765678481724               
4       12             -0.2593889686268144                
4       16             -0.2612736790093544                
1       19             -0.26437352394314817               
8       27             -0.2644352238371199                
12      27             -0.2667220524130589                
26      35             -0.272695937680804                 
3       34             -0.27426309951417616               
4       30             -0.2746995145457377                
1       34             -0.2772299025888977                
9       28             -0.28079899808442754               
27      35             -0.2815999675397871                
16      38             -0.28263593874706794               
8       15             -0.28572285006201836               
1       33             -0.2866487018125012                
9       26             -0.2897254186676425                
11      39             -0.2911023480427324                
3       31             -0.2918797279664864                
31      39             -0.29466428849405485               
15      35             -0.2965146052236045                
20      31             -0.2974870234493457                
1       11             -0.29841091630775507               
9       27             -0.3083216231368337                
14      24             -0.3124644917247662                
5       38             -0.31322065631118334               
18      35             -0.31709866288662025               
1       36             -0.3173272868808773                
17      38             -0.31995345962815813               
3       32             -0.3291497437921599                
12      39             -0.33171925810480446               
30      38             -0.3331900654777116                
3       18             -0.3357553417778762                
30      39             -0.34030080344650776               
1       10             -0.3410559653382974                
1       6              -0.3504784175255683                
9       15             -0.35766253032066325               
12      38             -0.3834310479642511                
1       20             -0.396552549359124                 
24      38             -0.42566454864687353               
