#======================================================================
# PARAMETERS USED FOR THIS COMPUTATION: 
#      Sequence type: RNA
#      Total number of sequences in alignment data: 14
#      Length of sequences in alignment data: 49
#      Effective number of sequences: 7.266666666666667
#      Value of sequence identity: 0.8
#      Value of relative pseudocount: 0.5
# The First and Second columns represent sites and the
# Third column is MFDCA Frobenius norm, average product corrected (APC) DCA score
#======================================================================
3       47             1.144466985277273                  
1       49             1.1111626570156372                 
21      22             1.094226974535573                  
20      25             1.0022567212008928                 
18      28             0.921984180939996                  
7       43             0.8415019854990674                 
2       48             0.7381130061539274                 
4       48             0.7222289827680114                 
17      18             0.6883892395292348                 
25      26             0.6771142011324707                 
24      25             0.6725738166487464                 
24      26             0.6569395725067986                 
35      48             0.6428792488008963                 
4       46             0.6304653824886793                 
18      19             0.6244296084948073                 
20      21             0.6174108812289055                 
20      22             0.6174108812289046                 
5       44             0.6039671795279833                 
5       45             0.6039671795279828                 
6       45             0.6039671795279822                 
6       44             0.6039671795279817                 
5       6              0.60396717952798                   
44      45             0.6039671795279777                 
11      37             0.584372164593702                  
8       42             0.5595741734817922                 
1       19             0.5556709928725458                 
28      35             0.5509708593667888                 
25      37             0.5450358679838074                 
9       41             0.5163171392097223                 
2       3              0.514169848964158                  
3       48             0.4984851584236313                 
19      28             0.4984074506119836                 
1       37             0.47692257310558595                
21      25             0.4695833573748786                 
22      25             0.4695833573748786                 
42      46             0.46886177392917594                
17      26             0.46659618894068455                
4       49             0.442826869164476                  
11      27             0.44276563135511815                
11      43             0.4214909784304996                 
7       11             0.4214909784304966                 
29      39             0.421304730454859                  
13      43             0.4170811539119205                 
7       13             0.41708115391191963                
17      48             0.4110081186621268                 
19      26             0.4105887796870865                 
17      19             0.4072584023409072                 
17      24             0.4064634167056082                 
39      42             0.4056901379459727                 
17      28             0.3871329169406304                 
4       42             0.38057045023769753                
37      46             0.3764084240545855                 
8       39             0.3720808247846574                 
8       46             0.369472503396809                  
12      43             0.36925042979731126                
7       12             0.36925042979730954                
9       39             0.3631433227079385                 
39      41             0.36314332270793775                
2       47             0.3612516065024682                 
4       17             0.3487606827497335                 
11      25             0.3476061750196463                 
9       47             0.34719092645020194                
41      47             0.34719092645019756                
35      46             0.34632711411533945                
8       13             0.3445425387191354                 
17      49             0.34067705514583246                
19      49             0.33219992703087914                
7       42             0.32794586642684115                
42      43             0.32794586642683926                
13      42             0.3273475373921331                 
11      13             0.32658657827770976                
9       30             0.32579044780663863                
30      41             0.32579044780663485                
47      48             0.30913249099929163                
33      34             0.3057136991028313                 
34      36             0.3057136991028229                 
33      36             0.30571369910282276                
11      12             0.30495162433541795                
12      13             0.30369203767074976                
26      49             0.29767107076580296                
1       18             0.2953395203784359                 
37      47             0.2945483578010526                 
25      49             0.2827610000302025                 
20      28             0.2817437988306372                 
1       28             0.2795233502229102                 
8       43             0.27614718174878505                
7       8              0.2761471817487834                 
18      26             0.2746234216368873                 
29      30             0.2742867906138947                 
4       8              0.27366660125357745                
19      24             0.27252349543190285                
4       24             0.2670762482159458                 
29      42             0.26462850730582455                
8       29             0.26387193897364847                
23      43             0.2573672159877194                 
7       23             0.25736721598771684                
26      48             0.25068342170127716                
21      35             0.24946104854587153                
22      35             0.2494610485458712                 
29      44             0.24910847958389165                
29      45             0.24910847958389154                
5       29             0.24910847958389104                
6       29             0.24910847958389054                
48      49             0.24157892090589794                
13      35             0.2404987309144248                 
37      49             0.24029650105974454                
39      44             0.23243698903737858                
39      45             0.23243698903737858                
5       39             0.23243698903737786                
6       39             0.23243698903737747                
18      49             0.23240246088428307                
25      28             0.23231046391793453                
3       43             0.2306473245797206                 
3       7              0.2306473245797192                 
6       36             0.22956626549877424                
6       33             0.22956626549877415                
5       36             0.22956626549877399                
5       33             0.22956626549877357                
5       34             0.22956626549877143                
6       34             0.22956626549877115                
34      45             0.22956626549877107                
34      44             0.22956626549877102                
36      45             0.2295662654987708                 
33      44             0.22956626549877074                
33      45             0.22956626549877068                
36      44             0.22956626549877063                
12      23             0.22895500555771814                
38      40             0.22833540774091926                
32      40             0.22833540774091893                
31      40             0.22833540774091876                
31      38             0.22833540774091857                
32      38             0.22833540774091857                
10      38             0.2283354077409158                 
10      40             0.2283354077409154                 
15      31             0.22833540774091474                
15      40             0.2283354077409147                 
15      32             0.22833540774091468                
15      38             0.22833540774091465                
10      14             0.2283354077409145                 
14      32             0.22833540774091438                
14      40             0.22833540774091404                
14      31             0.228335407740914                  
31      32             0.22833540774091382                
14      38             0.2283354077409138                 
10      31             0.2283354077409131                 
10      32             0.22833540774091288                
14      15             0.22833540774091196                
10      15             0.22833540774091124                
23      30             0.22480367946336402                
16      27             0.22456080698782943                
35      49             0.22211764440180048                
1       16             0.22038277400028644                
37      41             0.22035086608390708                
9       37             0.22035086608390658                
11      24             0.21890294198546462                
24      49             0.21856463602806114                
8       9              0.21691645782152924                
8       41             0.21691645782152796                
37      39             0.21531794041334323                
30      39             0.21171018244467227                
1       20             0.2058708886833051                 
18      48             0.19966644532126737                
17      46             0.19920380006896615                
28      49             0.19523405681820483                
4       18             0.19381916820294687                
11      42             0.1935545127395759                 
1       25             0.1921390639221458                 
1       17             0.1914516935689316                 
9       29             0.190409747676407                  
29      41             0.19040974767640662                
12      42             0.1897599733447522                 
1       3              0.1870961332501293                 
16      23             0.1861764540456123                 
11      17             0.1821376383852727                 
19      48             0.1814408165431618                 
18      24             0.18023406974425626                
21      30             0.18019546472386083                
22      30             0.1801954647238585                 
34      39             0.1794043677905145                 
36      39             0.1794043677905141                 
33      39             0.17940436779051405                
37      42             0.1793071745122492                 
13      23             0.17928808660142287                
8       23             0.17549679713518368                
23      24             0.1745766392735574                 
4       47             0.16559525566090427                
1       2              0.1651956110494021                 
39      46             0.1637922714683815                 
3       49             0.1635664693987724                 
27      28             0.16326913337987248                
26      28             0.1629952821247062                 
35      47             0.1627468585474377                 
23      42             0.15941462194354006                
20      49             0.15929976071126523                
4       26             0.15817942427906312                
16      30             0.15583718761264104                
17      27             0.15476879548936706                
26      35             0.15410810926611185                
16      21             0.1521208920666467                 
16      22             0.1521208920666462                 
8       37             0.1519256268984639                 
3       9              0.15122871180037467                
3       41             0.1512287118003729                 
29      33             0.14939719737152168                
29      36             0.14939719737152135                
29      34             0.14939719737151974                
27      46             0.14937346932346246                
8       11             0.1488208370200217                 
1       9              0.14828758019271693                
1       41             0.14828758019271587                
3       8              0.1468122749663504                 
12      31             0.1443364344254753                 
12      32             0.14433643442547525                
12      15             0.14433643442547384                
10      12             0.14433643442547214                
12      40             0.14433643442547206                
12      14             0.14433643442547203                
12      38             0.14433643442547192                
3       4              0.14261966655237968                
24      48             0.14075479496069604                
3       37             0.13990574969271008                
2       49             0.1390433095625373                 
39      47             0.13770216087927423                
16      40             0.13521151690708408                
16      38             0.1352115169070839                 
14      16             0.1352115169070805                 
10      16             0.1352115169070803                 
15      16             0.13521151690708                   
16      31             0.13521151690707875                
16      32             0.1352115169070787                 
2       46             0.1342997310582889                 
8       12             0.13372061511126954                
3       35             0.13344357475488777                
1       26             0.1329856501979642                 
11      23             0.13174524984500285                
30      47             0.13128862947700892                
14      33             0.13117270666859218                
15      33             0.13117270666859196                
14      36             0.13117270666859174                
15      36             0.1311727066685917                 
10      34             0.13117270666859102                
10      36             0.1311727066685908                 
10      33             0.13117270666859013                
14      34             0.13117270666858996                
15      34             0.1311727066685895                 
32      36             0.13117270666858064                
31      36             0.13117270666858058                
34      40             0.13117270666858002                
32      34             0.1311727066685799                 
34      38             0.13117270666857986                
31      34             0.1311727066685798                 
36      40             0.13117270666857977                
33      40             0.13117270666857964                
36      38             0.13117270666857964                
33      38             0.13117270666857953                
31      33             0.1311727066685792                 
32      33             0.1311727066685792                 
22      23             0.13053770497331058                
21      23             0.1305377049733099                 
3       13             0.12423745094087407                
26      37             0.11929372216037282                
8       44             0.11895604190941089                
8       45             0.11895604190941089                
5       8              0.11895604190941089                
6       8              0.11895604190941056                
41      42             0.11894292307392729                
9       42             0.11894292307392151                
20      30             0.11790690715506952                
4       19             0.11129628811856584                
17      25             0.10662647969326111                
37      48             0.10579257584877327                
24      43             0.10491252393402384                
7       24             0.1049125239340215                 
26      27             0.10428949934044013                
27      48             0.10341787557533427                
8       30             0.09773178575365243                
14      27             0.09555080985640885                
27      40             0.09555080985640874                
27      38             0.09555080985640851                
15      27             0.09555080985640774                
10      27             0.09555080985640715                
27      32             0.0955508098564041                 
27      31             0.09555080985640388                
13      33             0.09436437013798832                
13      34             0.09436437013798751                
13      36             0.09436437013798729                
18      35             0.09388612268304503                
29      37             0.09187431937540586                
30      37             0.09169248715002942                
3       28             0.09131937006448965                
21      28             0.09106017909118602                
22      28             0.09106017909118591                
25      27             0.09041256950014975                
2       10             0.09027110343804279                
2       40             0.09027110343804265                
2       38             0.09027110343804248                
2       32             0.09027110343804207                
2       14             0.09027110343804201                
2       31             0.09027110343804201                
2       15             0.09027110343804187                
12      24             0.09001437734008055                
18      20             0.0840963061875476                 
3       12             0.08336106417222755                
24      28             0.08200017428094142                
11      19             0.07904191306833896                
12      16             0.07899502233648184                
17      20             0.07857549424176719                
28      48             0.07786412347940391                
12      35             0.07711653316472877                
20      23             0.0767469074921368                 
11      18             0.07583264183780408                
11      28             0.07532057256055469                
16      36             0.07423505029289137                
16      33             0.07423505029289124                
16      34             0.07423505029288924                
18      46             0.07322121348676403                
13      47             0.07295541498595332                
19      25             0.07122268879901156                
18      27             0.0680932854314597                 
3       11             0.06628901173040014                
40      41             0.06368878388467691                
38      41             0.06368878388467647                
31      41             0.06368878388467597                
32      41             0.06368878388467591                
9       31             0.06368878388467275                
9       10             0.06368878388467264                
9       32             0.06368878388467253                
9       15             0.06368878388467158                
9       40             0.06368878388466886                
10      41             0.06368878388466875                
9       38             0.0636887838846687                 
9       14             0.06368878388466859                
14      41             0.06368878388466803                
15      41             0.06368878388466737                
5       43             0.06267846695681878                
7       45             0.0626784669568185                 
7       44             0.06267846695681817                
6       43             0.06267846695681811                
5       7              0.062678466956818                  
6       7              0.06267846695681761                
43      44             0.0626784669568175                 
43      45             0.06267846695681739                
16      20             0.06259797815047555                
24      27             0.061453155563068296               
3       19             0.05969463328634811                
16      46             0.05873559157656977                
16      17             0.05703598273107269                
8       47             0.054953398422522004               
21      29             0.05018679355663436                
22      29             0.05018679355663397                
3       23             0.049996369432628085               
41      46             0.049904036687986986               
9       46             0.04990403668798665                
46      48             0.0487410056266982                 
25      48             0.04805540378059925                
6       42             0.046518688225766935               
5       42             0.046518688225766935               
42      45             0.04651868822576588                
42      44             0.046518688225765825               
27      33             0.046077437880935296               
27      36             0.046077437880934435               
27      34             0.04607743788093405                
1       13             0.04604710822311958                
13      46             0.04542542225752766                
3       18             0.04542131163577934                
29      47             0.04500551096008071                
11      26             0.04410558954503091                
8       35             0.043599006320238276               
20      44             0.04283955820423818                
20      45             0.042839558204238126               
6       20             0.04283955820423735                
5       20             0.04283955820423657                
13      24             0.04281978684982002                
4       27             0.042647780607727115               
2       4              0.042615079444610016               
8       36             0.04165469148208972                
8       33             0.041654691482089334               
8       34             0.041654691482086836               
4       39             0.04162004002674202                
21      27             0.04056514815241008                
22      27             0.04056514815240969                
1       23             0.039524276066991326               
1       39             0.037640646764530605               
8       24             0.03683131317423399                
23      29             0.0353608709377895                 
24      37             0.0353222403071935                 
3       29             0.03433406331666977                
30      42             0.032724959927074304               
3       39             0.03060433207479918                
11      35             0.029451182328215142               
1       30             0.029120374154463113               
29      46             0.02835745736498596                
2       19             0.02818663735486643                
26      30             0.02679535468798877                
2       28             0.02628226549362339                
18      25             0.02471955231900036                
9       26             0.024521114062159954               
26      41             0.0245211140621599                 
35      42             0.023352441261267565               
16      18             0.023077745452797727               
21      32             0.021421205538874527               
21      31             0.021421205538874333               
10      21             0.021421205538874305               
22      32             0.021421205538874277               
22      31             0.021421205538874166               
21      40             0.02142120553887414                
10      22             0.02142120553887411                
21      38             0.021421205538873944               
14      22             0.021421205538873916               
14      21             0.021421205538873778               
22      40             0.0214212055388735                 
22      38             0.021421205538873334               
15      21             0.021421205538873167               
15      22             0.02142120553887314                
27      37             0.02129318932320401                
20      43             0.019405256920633107               
7       20             0.01940525692063294                
1       29             0.016765262655562718               
27      30             0.01518326573564599                
24      42             0.01348381388680403                
15      30             0.010567554761939213               
14      30             0.010567554761938991               
10      30             0.01056755476193788                
30      32             0.010567554761937714               
30      31             0.010567554761937603               
30      40             0.01056755476193641                
30      38             0.010567554761936243               
16      29             0.009673232257634334               
9       22             0.009478902020345348               
9       21             0.009478902020344793               
22      41             0.009478902020344793               
21      41             0.00947890202034335                
35      36             0.008851359698439143               
34      35             0.008851359698438976               
33      35             0.008851359698438255               
1       22             0.008625982585522385               
1       21             0.008625982585521996               
23      41             0.008579401707829448               
9       23             0.00857940170782795                
3       42             0.008532405093039874               
2       35             0.006790216593599685               
19      30             0.006120797860378724               
4       13             0.005715539365307165               
10      23             0.003619121952776194               
15      23             0.003619121952776083               
14      23             0.0036191219527758056              
23      40             0.00361912195277575                
23      38             0.0036191219527755836              
23      31             0.0036191219527714757              
23      32             0.0036191219527713925              
42      48             0.003588241740659359               
35      44             0.003422857106820665               
35      45             0.0034228571068206093              
6       35             0.0034228571068202762              
5       35             0.003422857106819832               
28      47             0.001856851063670617               
20      37             0.0013750346144912329              
4       37             0.0007599250595105023              
9       19             0.0007555414605799893              
19      41             0.0007555414605795452              
12      34             -0.0023777386674030954             
12      33             -0.002377738667405621              
12      36             -0.0023777386674058154             
2       37             -0.0036617836935684545             
4       16             -0.004828529305061391              
6       13             -0.006043188911857844              
13      45             -0.006043188911858066              
13      44             -0.006043188911858122              
5       13             -0.006043188911858399              
1       8              -0.006576525766008978              
3       5              -0.007714453424892853              
3       6              -0.007714453424893297              
3       45             -0.007714453424893519              
3       44             -0.007714453424893575              
4       25             -0.008508188580776177              
14      47             -0.012132647421856269              
15      47             -0.012132647421856324              
10      47             -0.012132647421856602              
38      47             -0.012132647421860043              
31      47             -0.012132647421860543              
32      47             -0.012132647421860654              
40      47             -0.012132647421861154              
18      47             -0.014578118867273893              
17      32             -0.01464496746634869               
17      31             -0.014644967466349024              
17      40             -0.014644967466351078              
15      17             -0.014644967466351133              
17      38             -0.0146449674663513                
14      17             -0.014644967466351744              
10      17             -0.014644967466352188              
12      27             -0.01699318477929415               
20      29             -0.017154376612200595              
17      23             -0.017746891313472096              
19      23             -0.01807468093258685               
10      43             -0.02029362515744404               
15      43             -0.020293625157444956              
14      43             -0.020293625157445067              
7       10             -0.020293625157446094              
7       15             -0.02029362515744662               
7       32             -0.020293625157446815              
7       31             -0.020293625157446843              
7       14             -0.02029362515744762               
7       40             -0.020293625157447925              
7       38             -0.020293625157448175              
40      43             -0.02029362515745181               
38      43             -0.02029362515745209               
31      43             -0.02029362515745245               
32      43             -0.02029362515745256               
2       34             -0.02105814934453301               
2       36             -0.021058149344533622              
2       33             -0.021058149344533844              
3       30             -0.021112179815024834              
30      46             -0.021587031451355487              
38      45             -0.021884680870369655              
40      45             -0.021884680870369655              
40      44             -0.021884680870369683              
38      44             -0.02188468087036971               
31      45             -0.02188468087037007               
31      44             -0.0218846808703701                
32      44             -0.0218846808703701                
32      45             -0.0218846808703701                
6       40             -0.021884680870370404              
5       40             -0.021884680870370488              
6       38             -0.0218846808703706                
5       38             -0.021884680870370626              
5       31             -0.021884680870370793              
5       32             -0.021884680870370904              
6       32             -0.02188468087037107               
6       31             -0.021884680870371154              
14      44             -0.021884680870372097              
14      45             -0.021884680870372153              
15      45             -0.02188468087037218               
15      44             -0.02188468087037221               
5       15             -0.021884680870372625              
6       15             -0.021884680870372764              
6       10             -0.02188468087037293               
5       10             -0.021884680870373013              
6       14             -0.02188468087037307               
5       14             -0.021884680870373208              
10      44             -0.02188468087037332               
10      45             -0.021884680870373346              
34      42             -0.02262955152555629               
36      42             -0.022629551525556568              
33      42             -0.02262955152555679               
11      32             -0.023012316717017867              
11      31             -0.023012316717017922              
11      15             -0.023012316717018255              
10      11             -0.023012316717018533              
11      14             -0.02301231671701859               
11      40             -0.0230123167170187                
11      38             -0.02301231671701892               
13      49             -0.023579748076045626              
1       48             -0.023878277276092652              
2       41             -0.025546863671655318              
2       9              -0.02554686367165554               
23      27             -0.02642770396895161               
16      28             -0.02728618294407581               
16      48             -0.027306130188259836              
13      32             -0.02887010800911513               
13      31             -0.028870108009115436              
13      15             -0.02887010800911821               
13      40             -0.028870108009118683              
13      38             -0.028870108009118767              
10      13             -0.028870108009120654              
13      14             -0.028870108009122597              
22      34             -0.029291325133936397              
21      34             -0.029291325133937257              
22      33             -0.029291325133937812              
22      36             -0.029291325133938118              
21      33             -0.029291325133938256              
21      36             -0.029291325133938673              
18      23             -0.03042321502595255               
4       29             -0.030738197623834174              
16      19             -0.031193294561206203              
14      18             -0.03180965196133084               
18      32             -0.03180965196133137               
18      31             -0.03180965196133159               
15      18             -0.03180965196133195               
10      18             -0.0318096519613322                
18      40             -0.03180965196133234               
18      38             -0.03180965196133256               
28      46             -0.03409407540067805               
23      25             -0.03551283173146119               
4       10             -0.036005649201791334              
4       31             -0.03600564920179217               
4       32             -0.03600564920179228               
4       15             -0.036005649201792334              
4       14             -0.036005649201793055              
4       40             -0.036005649201794165              
4       38             -0.036005649201794554              
2       18             -0.03658793008353256               
20      27             -0.037356159915690273              
38      46             -0.03736290242937071               
14      46             -0.03736290242937129               
32      46             -0.03736290242937129               
40      46             -0.03736290242937129               
31      46             -0.03736290242937132               
10      46             -0.0373629024293714                
15      46             -0.0373629024293716                
4       35             -0.037946291271859445              
2       16             -0.038030716574515316              
34      41             -0.040375899756493                 
36      41             -0.04037589975649339               
33      41             -0.04037589975649353               
9       36             -0.04037589975649422               
9       34             -0.04037589975649433               
9       33             -0.0403758997564945                
2       12             -0.043518685705242144              
8       48             -0.04368808540757457               
2       22             -0.04474880536697054               
2       21             -0.044748805366970595              
17      33             -0.04666932995022949               
17      34             -0.046669329950229765              
17      36             -0.046669329950230265              
2       27             -0.047149928460552465              
21      26             -0.04751750286751666               
22      26             -0.04751750286751688               
19      27             -0.04793269112170087               
10      28             -0.0484064402670831                
28      40             -0.04840644026708324               
14      28             -0.04840644026708327               
28      38             -0.048406440267083545              
28      32             -0.04840644026708393               
28      31             -0.04840644026708424               
15      28             -0.04840644026708474               
7       29             -0.050844121379353846              
29      43             -0.050844121379354346              
15      26             -0.052526558223736614              
26      31             -0.05252655822373756               
10      26             -0.052526558223737585              
26      40             -0.052526558223737585              
14      26             -0.05252655822373767               
26      38             -0.05252655822373778               
26      32             -0.052526558223737835              
46      49             -0.05311491275249314               
24      47             -0.05353647354115698               
1       27             -0.05410794093708671               
20      41             -0.05521623382357552               
9       20             -0.055216233823576044              
23      26             -0.05579864990511127               
5       47             -0.05597992030900423               
6       47             -0.05597992030900434               
44      47             -0.055979920309005005              
45      47             -0.055979920309005005              
30      36             -0.05650498354612693               
30      33             -0.056504983546126986              
30      34             -0.056504983546127235              
35      37             -0.056573690685373934              
9       12             -0.05745948559930353               
12      41             -0.05745948559930625               
13      16             -0.05846017694018793               
7       22             -0.05957668566016244               
7       21             -0.0595766856601625                
22      43             -0.05957668566016272               
21      43             -0.05957668566016319               
7       47             -0.059855123221197626              
43      47             -0.05985512322119946               
46      47             -0.05989949672022837               
1       11             -0.060625996561077033              
23      46             -0.061984764166341355              
1       24             -0.06225661725558995               
7       25             -0.06287678581255085               
25      43             -0.0628767858125509                
6       16             -0.06351226537459986               
16      44             -0.0635122653746                   
16      45             -0.06351226537460006               
5       16             -0.06351226537460045               
26      46             -0.06405432705941017               
2       20             -0.0646260380252773                
16      43             -0.06492295859201916               
7       16             -0.06492295859202302               
35      43             -0.06494828148766502               
7       35             -0.06494828148766757               
5       23             -0.06516684181344307               
6       23             -0.06516684181344337               
23      45             -0.06516684181344395               
23      44             -0.06516684181344398               
25      30             -0.06600104055992811               
39      43             -0.06650387232593258               
7       39             -0.0665038723259333                
20      32             -0.06672925833911572               
14      20             -0.06672925833911578               
20      40             -0.06672925833911608               
20      31             -0.06672925833911611               
20      38             -0.06672925833911628               
15      20             -0.06672925833911658               
10      20             -0.06672925833911686               
18      22             -0.06720862073682726               
18      21             -0.06720862073682735               
47      49             -0.06727443215202494               
4       28             -0.06799474319957455               
4       9              -0.06811781440098974               
4       41             -0.06811781440099046               
7       46             -0.06825234996484214               
43      46             -0.06825234996484231               
19      46             -0.06844034016553197               
1       47             -0.0694212742679734                
17      30             -0.06958492895786228               
25      44             -0.06992945180531923               
25      45             -0.06992945180531923               
6       25             -0.06992945180532012               
5       25             -0.06992945180532101               
13      39             -0.07037618556357172               
22      44             -0.07173757436514455               
22      45             -0.07173757436514455               
21      44             -0.07173757436514491               
21      45             -0.071737574365145                 
6       21             -0.07173757436514522               
6       22             -0.07173757436514522               
5       22             -0.07173757436514588               
5       21             -0.07173757436514591               
2       45             -0.07214061025589952               
2       44             -0.07214061025589955               
2       6              -0.0721406102558998                
2       5              -0.07214061025589993               
14      19             -0.07334654363355386               
15      19             -0.07334654363355406               
10      19             -0.07334654363355436               
19      40             -0.07334654363355497               
19      38             -0.07334654363355506               
19      32             -0.07334654363355522               
19      31             -0.07334654363355525               
12      30             -0.0737461660120518                
30      49             -0.0741865218900219                
13      29             -0.07490754221516482               
12      37             -0.07542813326167458               
27      44             -0.07639076471076109               
6       27             -0.07639076471076109               
27      45             -0.07639076471076112               
5       27             -0.07639076471076159               
16      41             -0.07725359692147726               
9       16             -0.07725359692147743               
11      29             -0.07764678985625045               
25      35             -0.07766594379068681               
20      48             -0.07845455031766957               
5       12             -0.07904656556521003               
6       12             -0.07904656556521031               
12      45             -0.07904656556521128               
12      44             -0.07904656556521131               
19      37             -0.08054012701434293               
12      21             -0.08141088263012475               
12      22             -0.08141088263012475               
22      49             -0.08141099181776001               
21      49             -0.08141099181776051               
24      30             -0.08263710404146876               
30      35             -0.08278240677256588               
19      29             -0.08333366356974137               
13      19             -0.0835502829381542                
19      22             -0.08415224851406061               
19      21             -0.0841522485140607                
12      17             -0.08457469691196284               
44      46             -0.08568196929094932               
45      46             -0.08568196929094937               
5       46             -0.08568196929095051               
6       46             -0.08568196929095123               
19      20             -0.08670196206473141               
18      30             -0.08852632632572927               
16      42             -0.09167827813906348               
26      39             -0.09227282411520432               
12      49             -0.09237698621576867               
3       46             -0.09300126431283923               
16      26             -0.09342074578537482               
20      26             -0.09482727315386524               
16      37             -0.09563826697218614               
13      37             -0.09659259110396112               
21      39             -0.09704108184565824               
22      39             -0.09704108184565888               
20      33             -0.09765251053531719               
20      36             -0.09765251053531772               
20      34             -0.09765251053531886               
17      35             -0.09803184927758751               
38      39             -0.09848735864610064               
31      39             -0.09848735864610103               
32      39             -0.0984873586461012                
39      40             -0.09848735864610184               
10      39             -0.0984873586461055                
14      39             -0.09848735864610589               
15      39             -0.09848735864610597               
29      35             -0.09868821461866534               
26      29             -0.09874071980163701               
17      21             -0.09898863246111372               
17      22             -0.0989886324611138                
37      43             -0.09941470061338675               
7       37             -0.09941470061338809               
5       24             -0.10115724977769555               
24      44             -0.10115724977769591               
24      45             -0.10115724977769591               
6       24             -0.10115724977769616               
41      49             -0.10190046342992287               
9       49             -0.10190046342992365               
21      37             -0.10203249047044355               
22      37             -0.10203249047044355               
16      25             -0.10286414804987712               
23      39             -0.10290684803095004               
2       43             -0.10304449755572473               
2       7              -0.10304449755572626               
18      34             -0.10525960476530163               
18      33             -0.10525960476530191               
18      36             -0.10525960476530244               
9       27             -0.1056184775596738                
27      41             -0.10561847755967455               
2       17             -0.10597744269899623               
21      47             -0.10887010777573006               
22      47             -0.10887010777573022               
2       24             -0.11046006168744887               
27      29             -0.11048344965074935               
4       23             -0.11096725847008862               
27      42             -0.11136752630660812               
34      49             -0.11180882507372977               
36      49             -0.1118088250737303                
33      49             -0.11180882507373055               
39      48             -0.11192718975000793               
40      49             -0.11238081401806718               
38      49             -0.11238081401806727               
31      49             -0.11238081401806785               
32      49             -0.1123808140180679                
10      49             -0.11238081401807118               
14      49             -0.11238081401807118               
15      49             -0.11238081401807162               
31      35             -0.11427176325527821               
35      40             -0.11427176325527824               
32      35             -0.1142717632552783                
35      38             -0.11427176325527852               
15      35             -0.11427176325527882               
14      35             -0.11427176325527905               
10      35             -0.11427176325527919               
2       30             -0.11487719918967612               
9       24             -0.11581076371016646               
24      41             -0.11581076371016724               
41      48             -0.1173150331932381                
9       48             -0.11731503319323944               
7       34             -0.11795120675457438               
7       36             -0.1179512067545753                
7       33             -0.11795120675457532               
34      43             -0.11795120675457588               
36      43             -0.11795120675457627               
33      43             -0.11795120675457647               
28      34             -0.11810141705945856               
28      33             -0.11810141705945973               
28      36             -0.11810141705946042               
34      37             -0.1195574482547814                
36      37             -0.11955744825478176               
33      37             -0.11955744825478207               
1       12             -0.12073301251265306               
26      36             -0.12182133107705523               
26      33             -0.12182133107705617               
26      34             -0.1218213310770568                
4       30             -0.12536844780191936               
12      20             -0.12589802531909167               
3       24             -0.12741266160970732               
23      36             -0.12858823475207112               
23      33             -0.12858823475207135               
23      34             -0.12858823475207304               
14      24             -0.12865353568051235               
24      32             -0.1286535356805125                
15      24             -0.1286535356805127                
10      24             -0.1286535356805128                
24      31             -0.12865353568051285               
24      40             -0.12865353568051424               
24      38             -0.1286535356805145                
1       42             -0.1293658635783                   
11      34             -0.12955234513379382               
11      36             -0.12955234513379543               
11      33             -0.12955234513379574               
27      35             -0.12975540415116604               
19      39             -0.129842472383788                 
24      46             -0.12987505322739243               
19      47             -0.1304130760654868                
13      30             -0.1322360936143652                
4       5              -0.1324883345684521                
4       6              -0.13248833456845271               
4       44             -0.1324883345684542                
4       45             -0.13248833456845427               
1       46             -0.13259155353207602               
13      27             -0.13267967603784656               
7       27             -0.13371354858235981               
27      43             -0.13371354858236106               
20      39             -0.13390111392830026               
22      24             -0.13408992011545992               
21      24             -0.1340899201154609                
41      44             -0.1368162786693624                
41      45             -0.1368162786693624                
6       41             -0.13681627866936305               
5       41             -0.13681627866936322               
5       9              -0.1368162786693638                
6       9              -0.13681627866936386               
9       45             -0.13681627866936447               
9       44             -0.1368162786693645                
6       30             -0.1369502673330013                
5       30             -0.13695026733300136               
30      44             -0.1369502673330029                
30      45             -0.13695026733300292               
16      24             -0.137407758733846                 
17      37             -0.1381336820483588                
7       19             -0.14016334047133505               
19      43             -0.1401633404713351                
12      29             -0.14023665371502472               
1       33             -0.1404339746045449                
1       36             -0.1404339746045449                
1       34             -0.1404339746045454                
19      35             -0.14046856187234685               
4       43             -0.1415887656285354                
4       7              -0.14158876562853573               
20      24             -0.14218055717947853               
24      35             -0.1431751578506461                
35      39             -0.14390995607346607               
29      49             -0.14500200379315387               
2       11             -0.14502755151286625               
13      20             -0.14518148829826413               
20      47             -0.14632654558591826               
16      39             -0.14660767040021738               
23      28             -0.14706451103237445               
43      48             -0.14880977075699534               
7       48             -0.14880977075699542               
18      29             -0.14905812991702447               
38      48             -0.14983148619161882               
32      48             -0.14983148619161937               
31      48             -0.1498314861916194                
40      48             -0.1498314861916198                
15      48             -0.14983148619162132               
14      48             -0.14983148619162137               
10      48             -0.14983148619162187               
9       13             -0.14991839916501268               
13      41             -0.1499183991650128                
1       7              -0.15126033932257588               
1       43             -0.1512603393225761                
2       13             -0.15135605309715253               
38      42             -0.15145518305626207               
40      42             -0.15145518305626213               
31      42             -0.15145518305626263               
32      42             -0.1514551830562627                
14      42             -0.1514551830562639                
10      42             -0.15145518305626407               
15      42             -0.15145518305626415               
11      46             -0.1517720992629864                
7       30             -0.15215775824884056               
30      43             -0.1521577582488415                
2       23             -0.15237888705959785               
29      32             -0.1528759639242945                
29      31             -0.1528759639242946                
14      29             -0.1528759639242977                
15      29             -0.1528759639242978                
29      40             -0.15287596392429795               
29      38             -0.1528759639242982                
10      29             -0.15287596392429828               
11      44             -0.15462126380403862               
11      45             -0.15462126380403865               
6       11             -0.15462126380403873               
5       11             -0.15462126380403876               
12      26             -0.154783720909218                 
17      29             -0.15554603691337376               
28      37             -0.15559471398276115               
18      42             -0.15603830387334594               
45      48             -0.15756146215541428               
44      48             -0.15756146215541433               
6       48             -0.1575614621554151                
5       48             -0.15756146215541558               
17      47             -0.15838352075461276               
5       19             -0.15990506579691932               
6       19             -0.1599050657969194                
19      44             -0.15990506579691988               
19      45             -0.15990506579691996               
12      18             -0.1604009488677527                
28      44             -0.16043037582082192               
28      45             -0.160430375820822                 
6       28             -0.16043037582082267               
5       28             -0.16043037582082292               
23      35             -0.161120723338579                 
8       49             -0.16112548002747135               
2       26             -0.16121301741484356               
9       43             -0.16134512783587263               
7       9              -0.16134512783587365               
7       41             -0.16134512783587437               
41      43             -0.1613451278358749                
25      40             -0.16396786862445184               
14      25             -0.16396786862445198               
25      38             -0.16396786862445206               
10      25             -0.1639678686244521                
15      25             -0.1639678686244524                
25      32             -0.16396786862445362               
25      31             -0.16396786862445367               
8       19             -0.16445490233922844               
16      35             -0.16463772835125648               
34      46             -0.1658156344404871                
36      46             -0.16581563444048747               
33      46             -0.1658156344404877                
4       11             -0.1665127556542193                
43      49             -0.1688326234368816                
7       49             -0.16883262343688293               
28      42             -0.16929789309066362               
12      39             -0.1705112885474484                
25      33             -0.17151955272836844               
25      36             -0.1715195527283686                
25      34             -0.1715195527283696                
11      47             -0.17164912772783464               
19      33             -0.17167533034243204               
19      36             -0.17167533034243224               
19      34             -0.17167533034243243               
30      48             -0.17227342267181397               
24      29             -0.17261712095564247               
11      16             -0.1726473324826628                
27      39             -0.1747183940830982                
34      47             -0.17519255272109183               
36      47             -0.17519255272109224               
33      47             -0.1751925527210926                
2       39             -0.175980419479173                 
11      48             -0.17712234696199347               
2       25             -0.1771529362807186                
3       10             -0.1774771133976309                
3       14             -0.1774771133976309                
3       15             -0.1774771133976324                
3       40             -0.17747711339763306               
3       38             -0.17747711339763353               
3       31             -0.1774771133976343                
3       32             -0.17747711339763433               
39      49             -0.17774504215934456               
37      40             -0.17837430830745415               
14      37             -0.1783743083074542                
37      38             -0.1783743083074544                
31      37             -0.17837430830745443               
32      37             -0.17837430830745443               
15      37             -0.17837430830745454               
10      37             -0.1783743083074546                
42      47             -0.17852133074869186               
12      28             -0.17915615912303942               
28      30             -0.1796238948726113                
12      46             -0.18064090750619727               
22      48             -0.18212047478598128               
21      48             -0.1821204747859818                
12      25             -0.1822833504034932                
26      47             -0.1828376709727265                
8       20             -0.18365888480720904               
13      48             -0.1846310473629553                
25      41             -0.18521817936760535               
9       25             -0.18521817936760546               
2       29             -0.18547281272824856               
1       5              -0.1862659457159634                
1       6              -0.18626594571596358               
1       44             -0.18626594571596433               
1       45             -0.1862659457159644                
13      21             -0.1871501978592407                
13      22             -0.18715019785924075               
2       42             -0.1874477279848059                
37      45             -0.18810392046310132               
37      44             -0.1881039204631014                
5       37             -0.18810392046310315               
6       37             -0.18810392046310354               
5       26             -0.18896981672547714               
6       26             -0.18896981672547736               
26      45             -0.18896981672547777               
26      44             -0.1889698167254778                
8       27             -0.18953712468897604               
6       49             -0.1905253297410778                
5       49             -0.19052532974107816               
45      49             -0.1905253297410813                
44      49             -0.19052532974108133               
16      49             -0.19069208886660266               
3       36             -0.19216519126895498               
3       34             -0.19216519126895498               
3       33             -0.19216519126895526               
34      48             -0.19242862582411235               
36      48             -0.19242862582411277               
33      48             -0.19242862582411302               
11      30             -0.19248638131803092               
16      47             -0.1936505513595008                
35      41             -0.19415556991599195               
9       35             -0.19415556991599262               
42      49             -0.19437291144187707               
8       16             -0.19493007280571453               
3       17             -0.19557002341809715               
8       26             -0.19692867346024057               
11      49             -0.1977620765711336                
24      39             -0.19913166048424893               
9       11             -0.1997410829046523                
11      41             -0.19974108290465284               
7       28             -0.2014720989071383                
28      43             -0.20147209890713846               
25      29             -0.20150790281513523               
13      17             -0.2020588347100426                
12      47             -0.203102567657404                 
12      19             -0.20379634923823686               
24      36             -0.20437345921279934               
24      33             -0.2043734592127996                
24      34             -0.20437345921279976               
22      46             -0.20729058782652687               
21      46             -0.20729058782652707               
23      37             -0.20895788346857141               
11      20             -0.2104878340006219                
18      43             -0.21063052384462078               
7       18             -0.21063052384462125               
9       17             -0.21075422451346798               
17      41             -0.21075422451346817               
20      46             -0.21076333773172795               
5       18             -0.21150492657569425               
6       18             -0.2115049265756943                
18      44             -0.21150492657569453               
18      45             -0.21150492657569453               
11      39             -0.21214651566889847               
25      47             -0.21282303446395862               
13      28             -0.21384942540408913               
27      47             -0.2141379952370862                
8       21             -0.21560390679653338               
8       22             -0.21560390679653343               
12      48             -0.2173377125138867                
20      35             -0.21740195118783343               
13      18             -0.21838267845031334               
28      29             -0.21907384270527863               
20      42             -0.22218581284840241               
8       18             -0.22344100551249949               
18      41             -0.22682011497962096               
9       18             -0.2268201149796216                
23      48             -0.22946608010744393               
1       4              -0.23000641338629635               
25      46             -0.23083914761807972               
6       17             -0.23088695678328053               
5       17             -0.23088695678328053               
17      45             -0.23088695678328078               
17      44             -0.2308869567832808                
13      26             -0.23157135625206288               
8       28             -0.23223460663300172               
2       8              -0.23269112752007498               
26      43             -0.2348224514769987                
7       26             -0.23482245147699973               
4       34             -0.236667054499997                 
4       36             -0.23666705449999836               
4       33             -0.23666705449999867               
29      48             -0.2387366774204506                
1       40             -0.24009272786271185               
1       38             -0.24009272786271213               
1       32             -0.24009272786271219               
1       31             -0.24009272786271224               
1       15             -0.24009272786271285               
1       10             -0.24009272786271313               
1       14             -0.24009272786271324               
27      49             -0.2428194710706576                
21      42             -0.24389708151049075               
22      42             -0.24389708151049097               
3       26             -0.24636874542753218               
19      42             -0.2474848888036405                
8       40             -0.2480750170182562                
8       38             -0.2480750170182564                
8       31             -0.24807501701825713               
8       32             -0.2480750170182572                
8       14             -0.24807501701825746               
8       10             -0.24807501701825785               
8       15             -0.24807501701825846               
11      22             -0.2489468082044582                
11      21             -0.24894680820445822               
17      43             -0.24986943470486067               
7       17             -0.24986943470486184               
9       28             -0.2500314274415296                
28      41             -0.2500314274415302                
13      25             -0.2521763778445309                
3       27             -0.2526468744367515                
25      39             -0.25534161701720387               
4       12             -0.2594568442168972                
26      42             -0.2636633930354874                
23      49             -0.2681573300717145                
23      47             -0.2688797142149969                
17      42             -0.26966726868167257               
3       21             -0.27538982275205953               
3       22             -0.2753898227520596                
4       20             -0.27600291610966643               
18      39             -0.2812623670190916                
4       21             -0.28591250497496573               
4       22             -0.28591250497496584               
3       16             -0.2876568324528972                
3       20             -0.28825680493456185               
28      39             -0.2883190711694623                
17      39             -0.28968355114886074               
8       25             -0.2984772019963512                
3       25             -0.3060479323459849                
1       35             -0.3116989143468638                
18      37             -0.31577887954458617               
25      42             -0.3347293302720512                
8       17             -0.3382387856863996                
