#======================================================================
# PARAMETERS USED FOR THIS COMPUTATION: 
#      Sequence type: RNA
#      Total number of sequences in alignment data: 2
#      Length of sequences in alignment data: 38
#      Effective number of sequences: 2.0
#      Value of sequence identity: 0.8
#      Value of relative pseudocount: 0.5
# The First and Second columns represent sites and the
# Third column is MFDCA Frobenius norm, average product corrected (APC) DCA score
#======================================================================
13      37             0.26112910809668793                
13      36             0.2611291080966878                 
13      38             0.2611291080966878                 
3       18             0.26112910809668777                
7       13             0.26112910809668777                
13      27             0.2611291080966877                 
13      35             0.2611291080966877                 
4       18             0.26112910809668766                
7       18             0.26112910809668766                
13      25             0.2611291080966876                 
1       13             0.2611291080966874                 
4       13             0.2611291080966873                 
3       13             0.2611291080966873                 
1       18             0.26112910809668716                
4       14             0.26112910809668705                
13      18             0.26112910809668705                
4       20             0.261129108096687                  
7       14             0.261129108096687                  
18      20             0.26112910809668693                
3       14             0.2611291080966869                 
3       20             0.2611291080966868                 
14      27             0.26112910809668677                
14      25             0.26112910809668666                
14      38             0.26112910809668666                
18      35             0.2611291080966866                 
18      37             0.2611291080966866                 
18      38             0.2611291080966866                 
20      37             0.26112910809668655                
14      35             0.26112910809668655                
14      36             0.26112910809668655                
14      37             0.26112910809668655                
13      14             0.26112910809668655                
14      18             0.26112910809668655                
18      27             0.2611291080966865                 
18      36             0.2611291080966865                 
4       25             0.26112910809668644                
4       37             0.26112910809668644                
20      27             0.26112910809668644                
20      35             0.26112910809668644                
20      38             0.26112910809668644                
1       3              0.2611291080966864                 
1       14             0.2611291080966864                 
7       20             0.2611291080966864                 
4       27             0.2611291080966863                 
4       35             0.2611291080966863                 
4       36             0.2611291080966863                 
4       38             0.2611291080966863                 
20      25             0.2611291080966863                 
20      36             0.2611291080966863                 
1       20             0.2611291080966863                 
18      25             0.26112910809668627                
1       7              0.26112910809668616                
3       4              0.2611291080966861                 
3       35             0.26112910809668605                
7       25             0.26112910809668605                
7       27             0.26112910809668605                
14      20             0.261129108096686                  
3       27             0.26112910809668594                
3       37             0.26112910809668594                
3       38             0.26112910809668594                
7       38             0.26112910809668594                
3       25             0.2611291080966858                 
3       36             0.2611291080966858                 
1       4              0.2611291080966858                 
7       35             0.2611291080966858                 
7       36             0.2611291080966858                 
7       37             0.2611291080966858                 
13      20             0.2611291080966857                 
1       36             0.26112910809668566                
1       37             0.26112910809668566                
1       38             0.26112910809668566                
27      38             0.26112910809668555                
1       25             0.26112910809668555                
1       27             0.26112910809668555                
1       35             0.26112910809668555                
25      27             0.26112910809668544                
25      37             0.26112910809668544                
27      35             0.26112910809668544                
27      36             0.26112910809668544                
27      37             0.26112910809668544                
25      35             0.2611291080966853                 
25      36             0.2611291080966853                 
25      38             0.2611291080966853                 
37      38             0.2611291080966849                 
35      36             0.26112910809668477                
35      37             0.26112910809668477                
35      38             0.26112910809668477                
36      37             0.26112910809668477                
36      38             0.26112910809668477                
3       7              0.2611291080966846                 
4       7              0.26112910809668366                
17      21             0.08275164717254707                
17      22             0.08275164717254696                
16      22             0.08275164717254602                
16      21             0.08275164717254602                
15      16             0.0827516471725453                 
2       9              0.0827516471725451                 
19      22             0.0827516471725451                 
19      21             0.0827516471725451                 
15      19             0.08275164717254505                
5       8              0.08275164717254502                
15      17             0.0827516471725448                 
16      19             0.08275164717254477                
16      17             0.08275164717254471                
9       10             0.08275164717254468                
5       6              0.08275164717254466                
12      15             0.08275164717254466                
15      21             0.08275164717254466                
15      22             0.08275164717254463                
21      26             0.08275164717254457                
2       10             0.08275164717254455                
21      31             0.08275164717254452                
22      24             0.08275164717254452                
6       8              0.08275164717254449                
22      31             0.08275164717254446                
8       9              0.08275164717254446                
21      30             0.08275164717254446                
22      26             0.08275164717254446                
21      24             0.08275164717254446                
21      29             0.08275164717254446                
17      19             0.08275164717254443                
22      32             0.0827516471725444                 
22      34             0.0827516471725444                 
21      28             0.0827516471725444                 
21      32             0.0827516471725444                 
21      34             0.0827516471725444                 
22      23             0.0827516471725444                 
21      23             0.0827516471725444                 
11      12             0.08275164717254438                
11      19             0.08275164717254438                
12      16             0.08275164717254438                
22      30             0.08275164717254435                
22      33             0.08275164717254435                
21      33             0.08275164717254435                
22      29             0.08275164717254435                
9       12             0.08275164717254432                
9       11             0.08275164717254432                
22      28             0.08275164717254418                
8       10             0.0827516471725441                 
21      22             0.0827516471725441                 
30      31             0.08275164717254402                
12      19             0.08275164717254402                
28      31             0.08275164717254396                
30      33             0.08275164717254396                
23      30             0.08275164717254396                
23      31             0.08275164717254396                
24      31             0.08275164717254396                
26      31             0.08275164717254396                
23      26             0.08275164717254396                
28      29             0.08275164717254394                
11      15             0.08275164717254394                
28      30             0.08275164717254391                
30      32             0.08275164717254391                
32      33             0.08275164717254391                
24      33             0.08275164717254391                
29      30             0.08275164717254391                
29      31             0.08275164717254391                
23      29             0.08275164717254391                
24      26             0.08275164717254391                
24      29             0.08275164717254391                
26      29             0.08275164717254391                
11      17             0.08275164717254391                
6       9              0.08275164717254388                
28      32             0.08275164717254385                
28      33             0.08275164717254385                
28      34             0.08275164717254385                
30      34             0.08275164717254385                
31      32             0.08275164717254385                
31      33             0.08275164717254385                
32      34             0.08275164717254385                
23      33             0.08275164717254385                
24      30             0.08275164717254385                
26      30             0.08275164717254385                
26      32             0.08275164717254385                
26      33             0.08275164717254385                
26      34             0.08275164717254385                
29      33             0.08275164717254385                
29      34             0.08275164717254385                
23      24             0.08275164717254385                
6       10             0.08275164717254385                
11      16             0.08275164717254385                
12      17             0.08275164717254382                
33      34             0.0827516471725438                 
23      28             0.0827516471725438                 
23      32             0.0827516471725438                 
23      34             0.0827516471725438                 
24      32             0.0827516471725438                 
24      34             0.0827516471725438                 
31      34             0.08275164717254374                
24      28             0.08275164717254374                
26      28             0.08275164717254374                
29      32             0.08275164717254374                
10      12             0.08275164717254346                
5       9              0.08275164717254338                
2       6              0.08275164717254332                
5       12             0.08275164717254324                
2       5              0.08275164717254321                
10      11             0.08275164717254316                
5       11             0.08275164717254316                
5       10             0.0827516471725428                 
6       11             0.08275164717254271                
6       12             0.08275164717254263                
2       16             0.08275164717254246                
2       17             0.0827516471725423                 
2       19             0.08275164717254216                
2       8              0.08275164717254213                
2       15             0.08275164717254199                
5       15             0.08275164717254199                
8       12             0.08275164717254199                
9       21             0.08275164717254196                
9       22             0.08275164717254191                
6       16             0.08275164717254191                
10      15             0.08275164717254171                
6       15             0.08275164717254171                
10      16             0.08275164717254171                
8       16             0.0827516471725416                 
10      19             0.08275164717254158                
6       19             0.08275164717254158                
2       31             0.08275164717254155                
2       23             0.08275164717254155                
2       29             0.08275164717254155                
8       17             0.08275164717254155                
8       19             0.08275164717254155                
11      21             0.08275164717254155                
5       19             0.08275164717254152                
2       30             0.08275164717254149                
2       33             0.08275164717254149                
2       24             0.08275164717254149                
11      30             0.08275164717254149                
11      32             0.08275164717254149                
11      23             0.08275164717254146                
11      24             0.08275164717254146                
11      29             0.08275164717254146                
8       15             0.08275164717254146                
2       34             0.08275164717254144                
2       26             0.08275164717254144                
11      33             0.08275164717254144                
11      34             0.08275164717254144                
6       17             0.08275164717254141                
11      26             0.08275164717254141                
11      22             0.08275164717254141                
2       28             0.08275164717254138                
2       32             0.08275164717254138                
11      28             0.08275164717254138                
11      31             0.08275164717254138                
12      22             0.08275164717254133                
12      21             0.08275164717254133                
5       17             0.0827516471725413                 
8       11             0.08275164717254124                
12      26             0.08275164717254119                
12      29             0.08275164717254119                
10      17             0.08275164717254116                
12      34             0.08275164717254113                
12      23             0.08275164717254113                
12      31             0.08275164717254108                
5       16             0.08275164717254108                
12      30             0.08275164717254102                
12      32             0.08275164717254102                
12      33             0.08275164717254102                
12      24             0.08275164717254102                
9       16             0.08275164717254102                
12      28             0.08275164717254097                
8       31             0.08275164717254094                
8       26             0.08275164717254094                
6       26             0.08275164717254091                
5       24             0.08275164717254091                
5       29             0.08275164717254091                
8       30             0.08275164717254088                
8       32             0.08275164717254088                
8       33             0.08275164717254088                
8       34             0.08275164717254088                
10      30             0.08275164717254085                
10      33             0.08275164717254085                
6       30             0.08275164717254085                
6       32             0.08275164717254085                
6       34             0.08275164717254085                
10      29             0.08275164717254085                
5       28             0.08275164717254085                
5       30             0.08275164717254085                
5       32             0.08275164717254085                
6       24             0.08275164717254085                
8       28             0.08275164717254083                
8       23             0.08275164717254083                
8       24             0.08275164717254083                
8       29             0.08275164717254083                
10      31             0.0827516471725408                 
10      32             0.0827516471725408                 
10      34             0.0827516471725408                 
6       31             0.0827516471725408                 
6       33             0.0827516471725408                 
10      23             0.0827516471725408                 
10      24             0.0827516471725408                 
10      26             0.0827516471725408                 
5       31             0.0827516471725408                 
5       33             0.0827516471725408                 
5       34             0.0827516471725408                 
6       29             0.0827516471725408                 
5       23             0.0827516471725408                 
10      28             0.08275164717254074                
6       28             0.08275164717254074                
6       23             0.08275164717254074                
5       26             0.08275164717254074                
9       19             0.08275164717254072                
19      24             0.08275164717254069                
19      30             0.08275164717254063                
2       12             0.0827516471725406                 
2       11             0.0827516471725406                 
5       21             0.0827516471725406                 
19      33             0.08275164717254058                
19      23             0.08275164717254058                
10      22             0.08275164717254055                
10      21             0.08275164717254055                
19      31             0.08275164717254052                
19      32             0.08275164717254052                
19      34             0.08275164717254052                
19      26             0.08275164717254052                
19      29             0.08275164717254052                
19      28             0.08275164717254047                
9       17             0.08275164717254047                
6       22             0.08275164717254033                
9       15             0.08275164717254033                
5       22             0.08275164717254027                
17      30             0.08275164717254022                
17      34             0.08275164717254022                
17      26             0.08275164717254022                
6       21             0.08275164717254022                
17      31             0.08275164717254016                
17      32             0.08275164717254016                
16      32             0.08275164717254016                
16      33             0.08275164717254016                
17      33             0.0827516471725401                 
17      23             0.0827516471725401                 
17      29             0.0827516471725401                 
16      24             0.0827516471725401                 
16      26             0.0827516471725401                 
16      29             0.0827516471725401                 
16      30             0.08275164717254005                
16      31             0.08275164717254005                
16      34             0.08275164717254005                
16      23             0.08275164717254005                
17      28             0.08275164717254                   
17      24             0.08275164717254                   
16      28             0.08275164717254                   
9       23             0.08275164717253991                
9       28             0.08275164717253988                
9       32             0.08275164717253988                
9       33             0.08275164717253988                
9       24             0.08275164717253986                
9       26             0.08275164717253986                
9       29             0.08275164717253986                
15      30             0.08275164717253983                
15      33             0.08275164717253983                
15      34             0.08275164717253983                
15      23             0.0827516471725398                 
15      24             0.0827516471725398                 
15      26             0.0827516471725398                 
15      29             0.0827516471725398                 
9       30             0.08275164717253977                
9       31             0.08275164717253977                
9       34             0.08275164717253977                
15      31             0.08275164717253977                
15      28             0.08275164717253972                
15      32             0.08275164717253972                
8       21             0.0827516471725393                 
8       22             0.08275164717253919                
2       22             0.08275164717253775                
2       21             0.08275164717253775                
2       13             -0.13826029251713562               
8       13             -0.13826029251713576               
2       18             -0.1382602925171358                
8       18             -0.1382602925171358                
2       14             -0.13826029251713617               
7       10             -0.13826029251713617               
7       9              -0.13826029251713617               
3       9              -0.13826029251713629               
8       14             -0.13826029251713629               
9       18             -0.13826029251713637               
5       7              -0.1382602925171364                
9       13             -0.1382602925171364                
2       20             -0.13826029251713648               
1       9              -0.13826029251713648               
2       7              -0.1382602925171365                
6       13             -0.1382602925171365                
1       10             -0.13826029251713653               
8       20             -0.13826029251713653               
5       18             -0.13826029251713653               
5       13             -0.13826029251713656               
4       10             -0.1382602925171366                
6       18             -0.1382602925171366                
4       9              -0.13826029251713676               
3       10             -0.13826029251713678               
9       14             -0.1382602925171368                
7       16             -0.1382602925171368                
6       7              -0.13826029251713687               
16      18             -0.13826029251713687               
2       3              -0.1382602925171369                
6       14             -0.13826029251713695               
9       20             -0.13826029251713695               
10      13             -0.13826029251713695               
5       14             -0.13826029251713698               
10      18             -0.13826029251713698               
7       15             -0.13826029251713698               
15      18             -0.13826029251713698               
3       16             -0.13826029251713703               
13      16             -0.13826029251713715               
6       20             -0.1382602925171372                
5       20             -0.1382602925171372                
15      27             -0.13826029251713723               
15      37             -0.13826029251713723               
15      25             -0.13826029251713726               
15      35             -0.13826029251713726               
15      36             -0.13826029251713726               
15      38             -0.13826029251713728               
1       16             -0.13826029251713728               
3       15             -0.1382602925171373                
7       19             -0.13826029251713734               
4       16             -0.13826029251713734               
2       27             -0.1382602925171374                
3       5              -0.1382602925171374                
8       38             -0.1382602925171374                
2       25             -0.13826029251713742               
2       38             -0.13826029251713742               
1       5              -0.13826029251713742               
10      14             -0.13826029251713742               
1       2              -0.13826029251713745               
8       25             -0.13826029251713745               
8       27             -0.13826029251713745               
8       35             -0.13826029251713745               
8       37             -0.13826029251713745               
2       35             -0.13826029251713748               
2       36             -0.13826029251713748               
2       37             -0.13826029251713748               
8       36             -0.13826029251713748               
11      18             -0.13826029251713748               
12      25             -0.13826029251713753               
12      27             -0.13826029251713753               
12      38             -0.13826029251713753               
3       19             -0.13826029251713753               
1       15             -0.13826029251713753               
13      15             -0.13826029251713753               
12      35             -0.13826029251713756               
7       17             -0.13826029251713756               
10      20             -0.1382602925171376                
12      36             -0.1382602925171376                
12      37             -0.1382602925171376                
15      20             -0.1382602925171376                
17      18             -0.1382602925171376                
14      16             -0.1382602925171376                
11      13             -0.1382602925171376                
16      20             -0.13826029251713762               
12      18             -0.13826029251713762               
4       19             -0.13826029251713765               
4       15             -0.13826029251713765               
2       4              -0.13826029251713773               
1       19             -0.13826029251713773               
1       8              -0.13826029251713776               
13      19             -0.13826029251713776               
3       17             -0.1382602925171378                
1       17             -0.1382602925171378                
16      38             -0.1382602925171378                
16      25             -0.13826029251713784               
16      27             -0.13826029251713784               
16      35             -0.13826029251713784               
16      36             -0.13826029251713784               
16      37             -0.13826029251713784               
12      13             -0.13826029251713784               
1       6              -0.13826029251713787               
11      38             -0.13826029251713787               
22      27             -0.1382602925171379                
11      25             -0.1382602925171379                
11      27             -0.1382602925171379                
11      35             -0.1382602925171379                
11      37             -0.1382602925171379                
9       36             -0.13826029251713792               
9       37             -0.13826029251713792               
9       38             -0.13826029251713792               
7       24             -0.13826029251713792               
11      36             -0.13826029251713792               
9       35             -0.13826029251713795               
7       23             -0.13826029251713795               
7       26             -0.13826029251713795               
3       8              -0.13826029251713795               
22      25             -0.13826029251713795               
22      38             -0.13826029251713795               
21      25             -0.13826029251713795               
21      27             -0.13826029251713795               
21      38             -0.13826029251713795               
11      14             -0.13826029251713795               
3       6              -0.13826029251713798               
9       25             -0.13826029251713798               
9       27             -0.13826029251713798               
4       17             -0.13826029251713798               
7       29             -0.13826029251713798               
21      35             -0.13826029251713798               
21      37             -0.13826029251713798               
11      20             -0.13826029251713798               
18      19             -0.13826029251713798               
4       6              -0.138260292517138                 
4       8              -0.138260292517138                 
22      35             -0.138260292517138                 
22      36             -0.138260292517138                 
22      37             -0.138260292517138                 
21      36             -0.138260292517138                 
13      17             -0.138260292517138                 
7       30             -0.13826029251713803               
7       31             -0.13826029251713803               
7       33             -0.13826029251713803               
7       34             -0.13826029251713803               
5       27             -0.13826029251713806               
14      23             -0.13826029251713806               
14      24             -0.13826029251713806               
14      29             -0.13826029251713806               
14      15             -0.13826029251713806               
6       27             -0.1382602925171381                
6       38             -0.1382602925171381                
7       32             -0.1382602925171381                
14      26             -0.1382602925171381                
7       28             -0.13826029251713812               
19      27             -0.13826029251713812               
19      37             -0.13826029251713812               
19      38             -0.13826029251713812               
6       25             -0.13826029251713814               
6       35             -0.13826029251713814               
6       36             -0.13826029251713814               
6       37             -0.13826029251713814               
5       25             -0.13826029251713814               
5       36             -0.13826029251713814               
5       37             -0.13826029251713814               
18      26             -0.13826029251713814               
5       35             -0.13826029251713817               
5       38             -0.13826029251713817               
14      28             -0.13826029251713817               
14      30             -0.13826029251713817               
14      32             -0.13826029251713817               
14      34             -0.13826029251713817               
19      25             -0.13826029251713817               
19      35             -0.13826029251713817               
13      24             -0.13826029251713817               
13      26             -0.13826029251713817               
18      23             -0.13826029251713817               
18      24             -0.13826029251713817               
14      31             -0.1382602925171382                
14      33             -0.1382602925171382                
17      20             -0.1382602925171382                
19      36             -0.1382602925171382                
12      20             -0.1382602925171382                
4       5              -0.13826029251713823               
13      31             -0.13826029251713823               
13      23             -0.13826029251713823               
13      29             -0.13826029251713823               
18      29             -0.13826029251713823               
12      14             -0.13826029251713823               
14      19             -0.13826029251713823               
1       11             -0.13826029251713823               
25      26             -0.13826029251713826               
27      29             -0.13826029251713826               
20      29             -0.13826029251713826               
17      35             -0.13826029251713826               
17      37             -0.13826029251713826               
17      38             -0.13826029251713826               
18      31             -0.13826029251713826               
18      33             -0.13826029251713826               
18      34             -0.13826029251713826               
20      24             -0.13826029251713828               
17      25             -0.13826029251713828               
17      27             -0.13826029251713828               
17      36             -0.13826029251713828               
13      30             -0.13826029251713828               
13      33             -0.13826029251713828               
13      34             -0.13826029251713828               
18      30             -0.13826029251713828               
18      32             -0.13826029251713828               
25      29             -0.1382602925171383                
20      23             -0.1382602925171383                
20      26             -0.1382602925171383                
13      32             -0.1382602925171383                
19      20             -0.1382602925171383                
27      28             -0.13826029251713834               
27      30             -0.13826029251713834               
27      31             -0.13826029251713834               
27      32             -0.13826029251713834               
27      33             -0.13826029251713834               
27      34             -0.13826029251713834               
3       23             -0.13826029251713834               
3       29             -0.13826029251713834               
20      30             -0.13826029251713834               
13      28             -0.13826029251713834               
18      28             -0.13826029251713834               
25      28             -0.13826029251713837               
25      31             -0.13826029251713837               
25      33             -0.13826029251713837               
3       30             -0.13826029251713837               
3       32             -0.13826029251713837               
3       33             -0.13826029251713837               
25      30             -0.1382602925171384                
25      34             -0.1382602925171384                
4       31             -0.1382602925171384                
3       31             -0.1382602925171384                
3       34             -0.1382602925171384                
4       23             -0.1382602925171384                
4       24             -0.1382602925171384                
4       29             -0.1382602925171384                
3       24             -0.1382602925171384                
3       26             -0.1382602925171384                
20      31             -0.1382602925171384                
20      33             -0.1382602925171384                
20      34             -0.1382602925171384                
25      32             -0.13826029251713842               
4       30             -0.13826029251713842               
4       32             -0.13826029251713842               
4       33             -0.13826029251713842               
4       34             -0.13826029251713842               
4       26             -0.13826029251713842               
20      32             -0.13826029251713842               
1       26             -0.13826029251713842               
1       29             -0.13826029251713842               
4       28             -0.13826029251713845               
3       28             -0.13826029251713845               
1       28             -0.13826029251713845               
1       30             -0.13826029251713845               
1       32             -0.13826029251713845               
1       23             -0.13826029251713845               
1       24             -0.13826029251713845               
1       12             -0.13826029251713845               
10      27             -0.13826029251713848               
1       33             -0.13826029251713848               
20      28             -0.13826029251713848               
14      17             -0.13826029251713848               
10      25             -0.1382602925171385                
10      38             -0.1382602925171385                
1       31             -0.1382602925171385                
1       34             -0.1382602925171385                
10      35             -0.13826029251713853               
10      36             -0.13826029251713853               
24      27             -0.13826029251713853               
26      27             -0.13826029251713853               
10      37             -0.13826029251713856               
24      25             -0.13826029251713856               
24      38             -0.13826029251713856               
29      35             -0.13826029251713856               
29      36             -0.13826029251713856               
29      37             -0.13826029251713856               
29      38             -0.13826029251713856               
30      37             -0.1382602925171386                
30      38             -0.1382602925171386                
23      25             -0.1382602925171386                
23      27             -0.1382602925171386                
24      35             -0.1382602925171386                
26      38             -0.1382602925171386                
30      35             -0.13826029251713862               
30      36             -0.13826029251713862               
31      35             -0.13826029251713862               
31      38             -0.13826029251713862               
32      35             -0.13826029251713862               
32      38             -0.13826029251713862               
33      38             -0.13826029251713862               
23      35             -0.13826029251713862               
23      37             -0.13826029251713862               
23      38             -0.13826029251713862               
24      36             -0.13826029251713862               
24      37             -0.13826029251713862               
26      35             -0.13826029251713862               
26      36             -0.13826029251713862               
26      37             -0.13826029251713862               
31      37             -0.13826029251713864               
32      36             -0.13826029251713864               
32      37             -0.13826029251713864               
33      35             -0.13826029251713864               
33      37             -0.13826029251713864               
34      38             -0.13826029251713864               
23      36             -0.13826029251713864               
3       11             -0.13826029251713864               
28      35             -0.13826029251713867               
28      36             -0.13826029251713867               
28      37             -0.13826029251713867               
28      38             -0.13826029251713867               
31      36             -0.13826029251713867               
33      36             -0.13826029251713867               
34      35             -0.13826029251713867               
34      36             -0.13826029251713867               
34      37             -0.13826029251713867               
4       11             -0.1382602925171389                
4       12             -0.13826029251713892               
3       12             -0.13826029251713903               
7       8              -0.1382602925171396                
1       21             -0.1382602925171398                
1       22             -0.13826029251713992               
7       11             -0.13826029251713998               
3       21             -0.1382602925171403                
7       12             -0.1382602925171403                
4       22             -0.13826029251714034               
4       21             -0.13826029251714034               
3       22             -0.13826029251714042               
20      21             -0.13826029251714053               
20      22             -0.13826029251714064               
18      21             -0.13826029251714095               
18      22             -0.1382602925171411                
13      21             -0.13826029251714114               
13      22             -0.1382602925171412                
7       22             -0.1382602925171417                
7       21             -0.1382602925171417                
14      21             -0.13826029251714209               
14      22             -0.1382602925171421                
