#======================================================================
# PARAMETERS USED FOR THIS COMPUTATION: 
#      Sequence type: RNA
#      Total number of sequences in alignment data: 3
#      Length of sequences in alignment data: 35
#      Effective number of sequences: 2.0
#      Value of sequence identity: 0.8
#      Value of relative pseudocount: 0.5
# The First and Second columns represent sites and the
# Third column is MFDCA Frobenius norm, average product corrected (APC) DCA score
#======================================================================
2       20             1.05052721513361                   
9       17             1.0505272151336094                 
9       34             1.0505272151336094                 
2       8              1.0505272151336091                 
2       17             1.0505272151336091                 
8       17             1.0505272151336091                 
17      34             1.050527215133609                  
2       9              1.050527215133609                  
2       34             1.0505272151336087                 
8       20             1.0505272151336085                 
8       34             1.0505272151336085                 
17      20             1.0505272151336085                 
20      34             1.0505272151336085                 
8       9              1.050527215133608                  
9       20             1.050527215133608                  
14      15             0.7065500599933981                 
4       15             0.7065500599933967                 
21      23             0.7065500599933966                 
21      32             0.7065500599933966                 
22      32             0.7065500599933966                 
23      32             0.7065500599933965                 
21      22             0.7065500599933964                 
22      23             0.7065500599933964                 
1       15             0.7065500599933963                 
1       4              0.7065500599933959                 
4       14             0.7065500599933956                 
1       14             0.7065500599933954                 
4       22             0.7065500599933945                 
4       23             0.7065500599933945                 
4       32             0.7065500599933945                 
1       21             0.7065500599933943                 
1       22             0.7065500599933943                 
1       23             0.7065500599933943                 
1       32             0.7065500599933943                 
4       21             0.7065500599933943                 
14      23             0.7065500599933935                 
14      21             0.7065500599933933                 
14      22             0.7065500599933933                 
14      32             0.7065500599933933                 
15      21             0.7065500599933927                 
15      22             0.7065500599933927                 
15      23             0.7065500599933927                 
15      32             0.7065500599933927                 
3       11             0.0940819624421545                 
3       12             0.09408196244215411                
10      18             0.09408196244215361                
3       7              0.0940819624421535                 
10      16             0.09408196244215339                
18      19             0.09408196244215333                
10      13             0.09408196244215322                
16      19             0.09408196244215272                
3       19             0.09408196244215267                
3       5              0.09408196244215267                
5       12             0.09408196244215261                
5       13             0.09408196244215261                
7       18             0.09408196244215261                
3       6              0.09408196244215261                
16      18             0.09408196244215256                
6       18             0.09408196244215244                
27      28             0.09408196244215244                
29      30             0.09408196244215244                
30      31             0.09408196244215244                
25      27             0.09408196244215239                
25      31             0.09408196244215239                
27      30             0.09408196244215239                
27      33             0.09408196244215239                
29      31             0.09408196244215239                
30      33             0.09408196244215239                
31      33             0.09408196244215239                
30      35             0.09408196244215239                
31      35             0.09408196244215239                
7       16             0.09408196244215233                
24      28             0.09408196244215233                
24      30             0.09408196244215233                
24      31             0.09408196244215233                
25      28             0.09408196244215233                
25      29             0.09408196244215233                
25      30             0.09408196244215233                
26      31             0.09408196244215233                
27      31             0.09408196244215233                
28      30             0.09408196244215233                
28      31             0.09408196244215233                
27      35             0.09408196244215233                
29      35             0.09408196244215233                
5       18             0.09408196244215228                
5       16             0.09408196244215228                
24      27             0.09408196244215228                
25      26             0.09408196244215228                
26      27             0.09408196244215228                
26      33             0.09408196244215228                
28      33             0.09408196244215228                
29      33             0.09408196244215228                
24      35             0.09408196244215228                
26      35             0.09408196244215228                
33      35             0.09408196244215228                
11      29             0.09408196244215222                
24      25             0.09408196244215222                
24      26             0.09408196244215222                
24      33             0.09408196244215222                
25      33             0.09408196244215222                
26      28             0.09408196244215222                
26      30             0.09408196244215222                
27      29             0.09408196244215222                
28      29             0.09408196244215222                
6       16             0.09408196244215222                
25      35             0.09408196244215222                
28      35             0.09408196244215222                
11      27             0.09408196244215217                
11      35             0.09408196244215217                
6       13             0.09408196244215217                
24      29             0.09408196244215217                
26      29             0.09408196244215217                
5       11             0.09408196244215211                
11      24             0.09408196244215211                
11      30             0.09408196244215211                
11      31             0.09408196244215211                
11      25             0.09408196244215206                
11      26             0.09408196244215206                
11      28             0.09408196244215206                
7       13             0.09408196244215206                
11      33             0.094081962442152                  
19      31             0.094081962442152                  
3       18             0.094081962442152                  
19      27             0.09408196244215195                
19      28             0.09408196244215195                
19      33             0.09408196244215195                
3       13             0.09408196244215195                
10      24             0.09408196244215195                
19      26             0.09408196244215189                
19      29             0.09408196244215189                
19      35             0.09408196244215189                
19      24             0.09408196244215183                
19      25             0.09408196244215183                
19      30             0.09408196244215183                
6       10             0.09408196244215183                
3       16             0.09408196244215183                
6       12             0.09408196244215178                
10      31             0.09408196244215178                
5       7              0.09408196244215172                
6       7              0.09408196244215172                
10      26             0.09408196244215172                
10      28             0.09408196244215172                
10      30             0.09408196244215172                
10      35             0.09408196244215172                
13      16             0.09408196244215172                
6       11             0.09408196244215167                
12      18             0.09408196244215167                
10      27             0.09408196244215167                
13      18             0.09408196244215161                
10      25             0.09408196244215161                
10      29             0.09408196244215161                
10      33             0.09408196244215161                
12      16             0.09408196244215145                
7       12             0.09408196244215139                
12      24             0.09408196244215128                
12      13             0.09408196244215122                
12      25             0.09408196244215122                
5       27             0.09408196244215122                
5       28             0.09408196244215122                
5       30             0.09408196244215122                
12      27             0.09408196244215117                
12      29             0.09408196244215117                
5       24             0.09408196244215117                
5       26             0.09408196244215117                
5       29             0.09408196244215117                
5       31             0.09408196244215117                
7       10             0.09408196244215117                
7       24             0.09408196244215111                
7       27             0.09408196244215111                
12      26             0.09408196244215111                
12      31             0.09408196244215111                
12      33             0.09408196244215111                
12      35             0.09408196244215111                
5       25             0.09408196244215111                
7       25             0.09408196244215106                
7       26             0.09408196244215106                
7       28             0.09408196244215106                
7       31             0.09408196244215106                
12      28             0.09408196244215106                
12      30             0.09408196244215106                
5       33             0.09408196244215106                
5       35             0.09408196244215106                
3       10             0.09408196244215106                
7       29             0.094081962442151                  
7       30             0.094081962442151                  
7       33             0.094081962442151                  
6       24             0.094081962442151                  
13      27             0.094081962442151                  
13      31             0.094081962442151                  
13      25             0.09408196244215095                
13      26             0.09408196244215095                
13      28             0.09408196244215095                
13      29             0.09408196244215095                
13      30             0.09408196244215095                
13      33             0.09408196244215095                
13      35             0.09408196244215095                
5       6              0.09408196244215089                
7       35             0.09408196244215089                
6       26             0.09408196244215089                
6       19             0.09408196244215083                
6       30             0.09408196244215083                
6       25             0.09408196244215078                
6       27             0.09408196244215078                
6       28             0.09408196244215078                
6       35             0.09408196244215078                
13      24             0.09408196244215078                
7       11             0.09408196244215072                
6       29             0.09408196244215072                
6       31             0.09408196244215072                
5       19             0.09408196244215067                
6       33             0.09408196244215067                
11      16             0.09408196244215061                
3       35             0.09408196244215061                
3       30             0.09408196244215056                
3       31             0.09408196244215056                
11      13             0.0940819624421505                 
11      18             0.0940819624421505                 
10      12             0.0940819624421505                 
13      19             0.09408196244215045                
5       10             0.09408196244215045                
3       24             0.09408196244215045                
3       25             0.09408196244215045                
3       26             0.09408196244215045                
3       27             0.09408196244215045                
3       28             0.09408196244215045                
3       29             0.09408196244215045                
3       33             0.09408196244215045                
18      25             0.09408196244215039                
18      31             0.09408196244215039                
18      33             0.09408196244215039                
18      26             0.09408196244215034                
18      27             0.09408196244215034                
18      30             0.09408196244215034                
18      35             0.09408196244215034                
11      12             0.09408196244215028                
18      24             0.09408196244215028                
18      29             0.09408196244215028                
12      19             0.09408196244215022                
18      28             0.09408196244215022                
10      11             0.09408196244215017                
16      25             0.09408196244215011                
16      27             0.09408196244215011                
16      29             0.09408196244215011                
16      30             0.09408196244215011                
16      31             0.09408196244215011                
7       19             0.09408196244215006                
16      28             0.09408196244215006                
16      24             0.09408196244215                   
16      26             0.09408196244215                   
16      33             0.09408196244214995                
16      35             0.09408196244214995                
10      19             0.09408196244214917                
11      19             0.09408196244214878                
2       12             -0.12873336397891338               
2       7              -0.1287333639789137                
6       20             -0.1287333639789137                
2       11             -0.12873336397891372               
5       20             -0.12873336397891383               
6       8              -0.1287333639789139                
5       8              -0.12873336397891408               
3       20             -0.1287333639789141                
18      20             -0.1287333639789141                
3       8              -0.12873336397891413               
16      34             -0.12873336397891413               
8       18             -0.12873336397891422               
8       16             -0.12873336397891422               
9       16             -0.12873336397891422               
2       19             -0.12873336397891427               
9       13             -0.12873336397891433               
9       18             -0.12873336397891436               
2       6              -0.12873336397891438               
8       13             -0.1287333639789144                
16      20             -0.12873336397891447               
2       5              -0.12873336397891452               
9       12             -0.12873336397891452               
10      34             -0.1287333639789146                
9       11             -0.12873336397891466               
10      17             -0.12873336397891466               
2       18             -0.12873336397891472               
8       12             -0.12873336397891474               
2       16             -0.12873336397891474               
2       13             -0.12873336397891477               
6       9              -0.1287333639789148                
16      17             -0.12873336397891486               
12      20             -0.12873336397891488               
6       17             -0.12873336397891488               
18      34             -0.12873336397891488               
13      34             -0.12873336397891494               
9       24             -0.12873336397891497               
9       29             -0.12873336397891497               
9       30             -0.12873336397891497               
9       31             -0.12873336397891497               
9       25             -0.128733363978915                 
9       27             -0.128733363978915                 
6       34             -0.12873336397891502               
9       33             -0.12873336397891502               
9       35             -0.12873336397891502               
7       20             -0.12873336397891505               
12      34             -0.12873336397891505               
8       27             -0.12873336397891505               
8       30             -0.12873336397891505               
9       26             -0.12873336397891505               
8       25             -0.12873336397891508               
8       28             -0.12873336397891508               
8       29             -0.12873336397891508               
8       31             -0.12873336397891508               
8       33             -0.12873336397891508               
8       35             -0.12873336397891508               
9       28             -0.12873336397891508               
7       8              -0.1287333639789151                
7       9              -0.1287333639789151                
8       26             -0.1287333639789151                
8       24             -0.12873336397891513               
3       9              -0.12873336397891513               
11      34             -0.12873336397891516               
7       34             -0.12873336397891516               
3       17             -0.1287333639789152                
7       17             -0.12873336397891522               
24      34             -0.1287333639789153                
17      19             -0.12873336397891533               
3       34             -0.12873336397891533               
25      34             -0.12873336397891535               
26      34             -0.12873336397891535               
8       11             -0.12873336397891538               
13      17             -0.12873336397891538               
2       3              -0.12873336397891538               
27      34             -0.12873336397891538               
19      20             -0.12873336397891544               
17      35             -0.12873336397891544               
2       35             -0.12873336397891547               
17      25             -0.12873336397891547               
17      29             -0.12873336397891547               
17      33             -0.12873336397891547               
2       24             -0.1287333639789155                
2       31             -0.1287333639789155                
13      20             -0.1287333639789155                
17      26             -0.1287333639789155                
17      27             -0.1287333639789155                
17      28             -0.1287333639789155                
17      30             -0.1287333639789155                
17      31             -0.1287333639789155                
9       19             -0.12873336397891552               
2       27             -0.12873336397891552               
2       33             -0.12873336397891552               
17      24             -0.12873336397891552               
2       30             -0.12873336397891555               
2       28             -0.12873336397891558               
2       29             -0.12873336397891558               
2       26             -0.1287333639789156                
10      20             -0.1287333639789156                
2       25             -0.12873336397891563               
12      17             -0.12873336397891566               
5       9              -0.12873336397891566               
19      34             -0.12873336397891572               
2       10             -0.12873336397891577               
31      34             -0.12873336397891577               
5       34             -0.12873336397891583               
29      34             -0.12873336397891583               
30      34             -0.12873336397891583               
33      34             -0.12873336397891583               
11      17             -0.12873336397891588               
5       17             -0.12873336397891588               
9       10             -0.12873336397891588               
28      34             -0.1287333639789159                
8       19             -0.12873336397891594               
11      20             -0.12873336397891594               
34      35             -0.12873336397891605               
20      24             -0.1287333639789162                
20      25             -0.1287333639789162                
20      30             -0.1287333639789162                
20      31             -0.1287333639789162                
17      18             -0.12873336397891622               
20      27             -0.12873336397891622               
20      28             -0.12873336397891622               
20      29             -0.12873336397891622               
20      33             -0.12873336397891624               
20      35             -0.12873336397891624               
20      26             -0.12873336397891627               
8       10             -0.12873336397891652               
1       11             -0.1428389572590247                
4       11             -0.1428389572590247                
4       12             -0.14283895725902476               
1       12             -0.14283895725902493               
1       7              -0.14283895725902515               
1       5              -0.14283895725902526               
16      21             -0.14283895725902526               
16      22             -0.14283895725902526               
16      23             -0.14283895725902526               
4       16             -0.14283895725902532               
10      15             -0.14283895725902532               
16      32             -0.14283895725902532               
4       7              -0.14283895725902537               
13      21             -0.14283895725902537               
13      22             -0.14283895725902537               
13      23             -0.14283895725902537               
4       5              -0.14283895725902543               
15      19             -0.14283895725902546               
13      32             -0.14283895725902546               
10      14             -0.14283895725902546               
18      21             -0.14283895725902546               
18      23             -0.14283895725902546               
4       18             -0.14283895725902548               
18      22             -0.1428389572590255                
18      32             -0.1428389572590255                
1       19             -0.1428389572590256                
4       19             -0.1428389572590256                
1       16             -0.1428389572590256                
26      32             -0.14283895725902562               
21      27             -0.14283895725902562               
22      24             -0.14283895725902562               
22      30             -0.14283895725902562               
22      31             -0.14283895725902562               
21      35             -0.14283895725902562               
22      35             -0.14283895725902562               
23      24             -0.14283895725902565               
25      32             -0.14283895725902565               
27      32             -0.14283895725902565               
21      30             -0.14283895725902565               
22      25             -0.14283895725902565               
22      27             -0.14283895725902565               
22      29             -0.14283895725902565               
23      35             -0.14283895725902565               
14      19             -0.14283895725902568               
23      27             -0.14283895725902568               
23      29             -0.14283895725902568               
23      30             -0.14283895725902568               
23      31             -0.14283895725902568               
21      25             -0.14283895725902568               
21      26             -0.14283895725902568               
21      29             -0.14283895725902568               
21      31             -0.14283895725902568               
21      33             -0.14283895725902568               
22      26             -0.14283895725902568               
22      28             -0.14283895725902568               
4       13             -0.1428389572590257                
23      25             -0.1428389572590257                
23      26             -0.1428389572590257                
23      33             -0.1428389572590257                
24      32             -0.1428389572590257                
30      32             -0.1428389572590257                
14      27             -0.1428389572590257                
21      24             -0.1428389572590257                
21      28             -0.1428389572590257                
22      33             -0.1428389572590257                
15      16             -0.1428389572590257                
1       6              -0.14283895725902573               
1       18             -0.14283895725902573               
23      28             -0.14283895725902573               
28      32             -0.14283895725902573               
29      32             -0.14283895725902573               
31      32             -0.14283895725902573               
14      24             -0.14283895725902573               
14      35             -0.14283895725902573               
14      31             -0.14283895725902576               
32      35             -0.14283895725902576               
10      21             -0.14283895725902576               
14      25             -0.1428389572590258                
14      26             -0.1428389572590258                
14      28             -0.1428389572590258                
14      30             -0.1428389572590258                
14      33             -0.1428389572590258                
10      22             -0.1428389572590258                
10      32             -0.1428389572590258                
13      14             -0.14283895725902582               
13      15             -0.14283895725902582               
14      29             -0.14283895725902582               
1       13             -0.14283895725902584               
32      33             -0.14283895725902584               
15      18             -0.14283895725902584               
10      23             -0.14283895725902584               
4       6              -0.14283895725902593               
14      16             -0.14283895725902593               
19      21             -0.14283895725902596               
19      22             -0.14283895725902604               
19      23             -0.14283895725902607               
15      24             -0.1428389572590261                
14      18             -0.1428389572590261                
11      21             -0.14283895725902612               
15      35             -0.14283895725902612               
15      27             -0.14283895725902615               
15      30             -0.14283895725902615               
15      31             -0.14283895725902615               
19      32             -0.14283895725902618               
15      26             -0.14283895725902618               
15      28             -0.14283895725902618               
15      29             -0.14283895725902618               
15      33             -0.14283895725902618               
11      22             -0.1428389572590262                
7       15             -0.1428389572590262                
5       14             -0.1428389572590262                
15      25             -0.1428389572590262                
11      23             -0.14283895725902623               
11      32             -0.14283895725902623               
12      15             -0.14283895725902623               
5       15             -0.1428389572590263                
4       24             -0.1428389572590263                
4       31             -0.1428389572590263                
12      14             -0.14283895725902632               
12      21             -0.14283895725902632               
12      22             -0.14283895725902632               
4       27             -0.14283895725902632               
4       29             -0.14283895725902632               
4       30             -0.14283895725902632               
4       33             -0.14283895725902632               
4       35             -0.14283895725902632               
7       14             -0.14283895725902634               
12      23             -0.14283895725902634               
12      32             -0.14283895725902634               
4       28             -0.14283895725902634               
4       25             -0.14283895725902637               
4       26             -0.14283895725902637               
3       15             -0.14283895725902646               
4       10             -0.14283895725902648               
7       21             -0.14283895725902654               
7       22             -0.14283895725902654               
7       23             -0.14283895725902654               
3       14             -0.14283895725902654               
7       32             -0.1428389572590266                
5       21             -0.1428389572590266                
6       15             -0.1428389572590266                
1       3              -0.1428389572590266                
5       23             -0.14283895725902662               
5       32             -0.14283895725902662               
6       14             -0.14283895725902662               
5       22             -0.14283895725902665               
1       24             -0.14283895725902665               
1       26             -0.14283895725902665               
1       27             -0.14283895725902665               
1       30             -0.14283895725902665               
1       35             -0.14283895725902665               
1       28             -0.14283895725902668               
1       29             -0.14283895725902668               
6       21             -0.14283895725902668               
1       10             -0.14283895725902668               
1       25             -0.1428389572590267                
1       31             -0.1428389572590267                
1       33             -0.1428389572590267                
6       22             -0.1428389572590267                
6       23             -0.14283895725902676               
6       32             -0.14283895725902676               
3       21             -0.14283895725902682               
3       23             -0.14283895725902682               
11      15             -0.14283895725902684               
3       22             -0.14283895725902684               
3       32             -0.14283895725902684               
11      14             -0.1428389572590269                
3       4              -0.14283895725902715               
21      34             -0.3117624177828379                
23      34             -0.311762417782838                 
22      34             -0.311762417782838                 
32      34             -0.3117624177828385                
15      17             -0.31176241778283864               
14      17             -0.3117624177828387                
17      23             -0.31176241778283886               
17      21             -0.3117624177828389                
17      22             -0.311762417782839                 
17      32             -0.311762417782839                 
8       14             -0.31176241778283903               
8       15             -0.3117624177828391                
20      23             -0.3117624177828391                
20      32             -0.3117624177828391                
20      21             -0.3117624177828391                
20      22             -0.3117624177828391                
9       14             -0.3117624177828391                
9       15             -0.3117624177828391                
9       32             -0.3117624177828392                
9       21             -0.31176241778283925               
9       22             -0.31176241778283925               
9       23             -0.3117624177828393                
1       20             -0.31176241778283936               
2       4              -0.3117624177828394                
1       8              -0.3117624177828394                
1       2              -0.31176241778283953               
15      34             -0.31176241778283953               
8       32             -0.3117624177828398                
8       21             -0.31176241778283986               
8       22             -0.31176241778283986               
8       23             -0.31176241778283986               
1       9              -0.31176241778283986               
4       20             -0.31176241778284                  
4       9              -0.31176241778284                  
4       8              -0.3117624177828401                
15      20             -0.31176241778284014               
14      20             -0.3117624177828403                
2       15             -0.3117624177828404                
2       14             -0.3117624177828404                
14      34             -0.3117624177828404                
1       17             -0.3117624177828405                
4       17             -0.3117624177828405                
1       34             -0.3117624177828409                
2       22             -0.311762417782841                 
2       23             -0.311762417782841                 
2       32             -0.311762417782841                 
4       34             -0.311762417782841                 
2       21             -0.311762417782841                 
