#======================================================================
# PARAMETERS USED FOR THIS COMPUTATION: 
#      Sequence type: RNA
#      Total number of sequences in alignment data: 733
#      Length of sequences in alignment data: 38
#      Effective number of sequences: 11.277143374152805
#      Value of sequence identity: 0.8
#      Value of relative pseudocount: 0.5
# The First and Second columns represent sites and the
# Third column is MFDCA Frobenius norm, average product corrected (APC) DCA score
#======================================================================
15      26             2.5104539655050058                 
8       33             2.1455976596666133                 
14      27             2.0013203903161916                 
17      24             1.870475561532458                  
10      31             1.3566804676832793                 
7       34             1.166164213129429                  
9       32             1.1429493752261646                 
16      25             1.1136689166230336                 
1       38             1.0418868105735193                 
3       36             1.0039031518465176                 
12      28             0.9453066412053477                 
21      22             0.9186056075477368                 
1       2              0.8595541681749711                 
22      31             0.7700343359351496                 
13      28             0.7686441067398897                 
3       4              0.7414376478448804                 
11      12             0.6761757682652552                 
10      22             0.6478416387110157                 
35      36             0.6256548368130026                 
5       11             0.5806357329073064                 
7       24             0.5750180508303675                 
36      38             0.5711322628980209                 
18      23             0.5677764068848431                 
18      20             0.5615381944133626                 
21      31             0.5408787801023898                 
5       33             0.5405925119556992                 
3       35             0.5166626763025998                 
24      34             0.5102583146252542                 
12      36             0.5096532860039436                 
27      32             0.5017573804684039                 
4       35             0.47895946474112006                
14      32             0.4491799806113526                 
35      38             0.4367348471112259                 
7       17             0.4211518039416083                 
10      21             0.418006991930792                  
2       37             0.41781455651543364                
34      37             0.4155216874029025                 
37      38             0.4074842396071995                 
2       5              0.4060748723489552                 
28      36             0.4059408951764974                 
9       14             0.3951926338128311                 
17      34             0.37826181204026377                
17      18             0.36933081480437074                
15      24             0.3659103434922535                 
4       34             0.36199900583562544                
4       38             0.3561096730861363                 
9       27             0.35574109215239363                
29      30             0.3534513245496402                 
4       36             0.34505859592789934                
2       33             0.3424942557550062                 
36      37             0.33799813279742186                
11      33             0.33716860308475005                
15      17             0.3368997169842912                 
11      28             0.33477101061491865                
24      26             0.33389401512117345                
8       9              0.3227634038363966                 
7       37             0.31271348237439095                
17      26             0.3014922381531766                 
6       23             0.300579630499429                  
3       38             0.2904893108355864                 
24      37             0.28235924528959344                
9       23             0.2784670101504054                 
6       8              0.2779076996173402                 
30      32             0.27558472730064243                
12      13             0.273182716806401                  
5       37             0.2729671999934248                 
29      32             0.27248566732935836                
1       28             0.2470097434959252                 
11      18             0.24628087853548558                
17      23             0.24348478428775044                
13      29             0.23382146821142835                
13      30             0.22623102405968198                
28      38             0.22606140741293812                
5       7              0.22086899592134196                
33      34             0.21782601540387614                
13      20             0.214617132066182                  
20      37             0.21119715994839733                
19      33             0.21027026734439014                
4       6              0.20718608656804044                
18      24             0.19871933437756983                
6       9              0.1968860567187889                 
19      20             0.19059370164263972                
29      35             0.18897777235306407                
30      35             0.1868363112936292                 
5       20             0.1860639901121986                 
16      29             0.18558172214123725                
16      30             0.18548323727992364                
8       23             0.1838633945950487                 
25      30             0.18270720756709574                
17      37             0.18109275017583393                
25      29             0.18003459003500252                
19      23             0.17622598998618094                
16      21             0.17622158084675263                
23      25             0.1746034510235789                 
3       15             0.17084589911009607                
15      28             0.16277211872943265                
3       26             0.16095872663976285                
12      19             0.15938146970889883                
1       35             0.15863916874512757                
16      23             0.15650514552764802                
23      29             0.15629731049486673                
5       8              0.15518095487235917                
23      30             0.15038625176441112                
5       6              0.14896428903035064                
31      38             0.14577381922928123                
12      29             0.14518103816711486                
22      38             0.14135563961101616                
8       18             0.13979481445014463                
2       8              0.139540364576971                  
12      30             0.13842935313659338                
6       18             0.137058488403411                  
14      15             0.13565270632650356                
5       31             0.13087972168223533                
9       13             0.13016806732838293                
2       12             0.1300481846433051                 
10      38             0.12983073946613632                
6       29             0.1281886112944724                 
19      22             0.12769262483604715                
2       11             0.12560320898566502                
13      32             0.12484086145085421                
2       38             0.12460364427204074                
1       11             0.12399850714209926                
5       34             0.12296481882879329                
9       18             0.12242882408079903                
9       10             0.12176055743894842                
6       30             0.11881527640467698                
22      23             0.11609875835257477                
6       7              0.11478364229669225                
9       12             0.11348855829557986                
4       5              0.11227421840175328                
2       4              0.11173715794002703                
22      26             0.11150667671571624                
11      37             0.11039941707754769                
15      21             0.1100646715415301                 
13      38             0.10821843879816062                
19      38             0.10646714423786863                
21      26             0.10388299915496285                
10      15             0.1037997391516925                 
7       33             0.10076809289575817                
1       12             0.10040302586867511                
2       20             0.10033381911345157                
13      35             0.09746417685395095                
25      27             0.09743031126108281                
15      22             0.09713411375817127                
5       10             0.09708944854756135                
1       10             0.09297126473299167                
6       16             0.09138624671391962                
14      26             0.0911783550032555                 
16      27             0.09114441921127817                
26      28             0.09055706865061641                
4       14             0.08524403671189151                
6       25             0.08514194060619945                
4       27             0.08158061971278197                
10      11             0.08156511750414858                
32      35             0.08147969817700373                
16      32             0.08147562414531165                
10      26             0.08131799230066616                
1       7              0.08127714285210985                
31      36             0.08110784769125923                
9       30             0.08068482257818421                
13      14             0.07938361181597625                
9       29             0.07888062252949496                
19      29             0.07847157965241458                
26      31             0.07532981902639835                
26      27             0.07515601478662554                
19      30             0.07457622970332117                
20      28             0.07418841629542011                
25      32             0.07329304240494247                
1       36             0.07253318921647733                
13      19             0.07212979127699523                
3       27             0.07106698107839599                
3       14             0.07046895960236477                
25      35             0.06866697858547416                
27      30             0.06791344888312084                
10      13             0.06558898480592568                
11      31             0.064851244548292                  
21      30             0.0643876375966082                 
13      25             0.06416048911665154                
5       12             0.06395002944152756                
15      27             0.06387620912856495                
21      29             0.06277616795708568                
27      38             0.061552867112316445               
2       3              0.061500891783578315               
1       37             0.06119731542083806                
16      18             0.05989983299479007                
30      31             0.05962806083143707                
30      34             0.05935764722610032                
11      20             0.05808114431542061                
29      31             0.05701745614596021                
2       18             0.05647519500986825                
25      28             0.0560529853562049                 
1       18             0.054938254668103315               
13      16             0.05383737743023709                
16      35             0.05335271005216699                
3       9              0.05318076560473278                
31      37             0.052821117848157906               
23      32             0.051916398732173685               
27      29             0.051832688768978896               
18      38             0.051165037294957916               
6       31             0.05104276957377629                
15      31             0.05014169799211865                
3       8              0.04933906991837367                
34      38             0.0488578078032369                 
17      33             0.04866897648569268                
21      23             0.04858186775390977                
17      19             0.04712299064978359                
11      36             0.04577095918136931                
7       8              0.04379776394600937                
35      37             0.04352004320527009                
5       14             0.042850741561620664               
19      25             0.040659900442377245               
19      35             0.040304624715595816               
6       22             0.03964602128879258                
24      33             0.03908594073806082                
2       24             0.038216627685712434               
20      25             0.03804415207225936                
19      21             0.037675261076419275               
1       34             0.035419130717255554               
34      35             0.03472790950677179                
13      23             0.03300876509762585                
16      28             0.03211829072900502                
15      19             0.0317481960073463                 
1       31             0.03154914913101725                
29      34             0.028521445616371044               
20      35             0.02811515232602263                
19      28             0.027555772025513736               
1       3              0.0273526950519124                 
19      34             0.02728462674766663                
14      25             0.026595852096921585               
6       10             0.02476944585180646                
14      16             0.02445102524931317                
25      26             0.024103830619616073               
3       22             0.024034118295430784               
7       11             0.023645249174688465               
2       36             0.023352552803717674               
16      19             0.02332908967480385                
20      21             0.023172953848210165               
4       26             0.02241081753760732                
23      27             0.020902490703197496               
5       17             0.019916733636677952               
12      32             0.019839262782417544               
22      35             0.01960843782805688                
6       20             0.019210691869000263               
22      25             0.01860157001345991                
7       19             0.018325361846050547               
9       20             0.01598169747629702                
18      29             0.015394984501331255               
4       15             0.015191272647778198               
21      25             0.014997657686224158               
2       16             0.014782482912908679               
16      26             0.014511591927100054               
23      35             0.01447059720017807                
18      35             0.014036130898195665               
31      32             0.010766971297209826               
1       13             0.010452220022497183               
3       32             0.010124226911135403               
7       9              0.009568171306172324               
2       25             0.009230689439099438               
22      29             0.009010125154457316               
28      29             0.007502928440565548               
22      30             0.005659946415238648               
20      24             0.005616607515034289               
24      38             0.005468467984469316               
6       26             0.0035906553802291796              
1       4              0.002869441204563672               
28      30             0.002771599932688995               
20      30             -0.000814586312970822              
14      29             -0.0020449439200816433             
18      21             -0.002248041690432412              
10      36             -0.0031007110932827486             
10      12             -0.0037325574430332464             
8       19             -0.003966462559420958              
14      30             -0.0049221684691664325             
19      26             -0.00554441313510301               
18      25             -0.007263585850561194              
14      38             -0.007603693841081838              
6       32             -0.007901252113857504              
4       11             -0.00920759697472695               
11      24             -0.009540750789191588              
14      20             -0.009863754136904546              
5       27             -0.009958160918286274              
23      24             -0.011228395100007893              
3       21             -0.011572492867918782              
18      30             -0.012343355079080853              
4       8              -0.012862505623355391              
1       22             -0.012964730394797563              
16      22             -0.015155885872019548              
22      36             -0.015813009441739634              
1       26             -0.01749374146892435               
5       24             -0.017993210778152968              
6       21             -0.019661377042939965              
8       34             -0.019691670089997282              
12      25             -0.020283344660165653              
15      20             -0.020631160205912324              
32      34             -0.021051242969684802              
23      28             -0.021573130497575754              
6       15             -0.022280464259829158              
19      32             -0.02287614921317932               
27      28             -0.023243372572357424              
12      16             -0.02413039769219419               
5       28             -0.0242515102559554                
18      33             -0.024257752560815915              
9       17             -0.024672996659412805              
29      36             -0.02488451482423698               
2       6              -0.026724623486943266              
13      33             -0.0271039899528972                
16      20             -0.0271642573039014                
10      37             -0.027882536168211236              
14      23             -0.028353048931281738              
8       37             -0.029670806640164804              
30      36             -0.029728730055696873              
7       21             -0.03062002710948858               
21      38             -0.03154369758276254               
12      35             -0.03227830309168245               
21      32             -0.03235189627367763               
12      14             -0.032512496328026885              
9       25             -0.032623734275097654              
17      20             -0.03301727736075383               
29      37             -0.033720154557578375              
15      34             -0.0340135713858819                
7       38             -0.03466367720706576               
20      29             -0.03469796251998436               
20      32             -0.03474475379633857               
30      37             -0.034748265790855215              
11      13             -0.03524536362051889               
1       24             -0.03607016180566658               
1       33             -0.03608894827823128               
4       22             -0.03642647705783658               
3       29             -0.03644910499391951               
12      37             -0.036461296737843374              
2       17             -0.03671317831702742               
6       13             -0.03672319566640653               
14      19             -0.03845459436256607               
7       20             -0.03852906293270941               
20      27             -0.03978106485979621               
6       34             -0.040779688600079744              
8       13             -0.04233822202584586               
7       29             -0.0426127522365457                
3       30             -0.043061178338838935              
9       16             -0.04328794164224267               
33      37             -0.043513951222286296              
21      37             -0.043680416048608894              
8       17             -0.0436827463577133                
15      25             -0.044076959861509224              
25      31             -0.04546223119415993               
12      23             -0.04573143487372888               
15      33             -0.045904705351525577              
18      19             -0.04625765903597115               
2       19             -0.04640782662005144               
20      26             -0.04643903580773501               
19      24             -0.04678987056341061               
3       7              -0.04708386836476369               
21      35             -0.04756825009023383               
7       18             -0.04764823425459713               
15      16             -0.04854927004449311               
8       15             -0.049924895695751426              
26      33             -0.05008469504994162               
11      19             -0.05017483371813708               
7       30             -0.050213189479754505              
19      37             -0.051900341502682246              
11      29             -0.05265732060564032               
5       18             -0.05375243416677805               
26      34             -0.05406924937331348               
8       24             -0.05444239706815518               
4       32             -0.055070141495356884              
6       19             -0.05580504958958302               
27      35             -0.05612177390976433               
1       15             -0.058614305244966025              
11      34             -0.059328827190749944              
9       19             -0.060593947459542746              
23      31             -0.060968866289405454              
16      31             -0.0621212255381067                
10      20             -0.063192560389913                 
12      38             -0.06396724146545096               
19      27             -0.06457262024845958               
2       30             -0.06603087365390392               
22      32             -0.06784097457745569               
18      34             -0.0696239565182199                
7       35             -0.07076568405489997               
4       7              -0.07131062764857693               
8       10             -0.07220701720328382               
9       11             -0.0725428916943926                
2       28             -0.07321829690615733               
2       29             -0.07480025008159497               
17      38             -0.07521408404155283               
11      17             -0.0754825199791665                
11      30             -0.07590656261934747               
8       21             -0.0759948273535565                
29      33             -0.07616028802178648               
6       12             -0.07717058819028308               
32      33             -0.07773181892317182               
11      22             -0.07833073808763902               
21      27             -0.07839072470325009               
10      30             -0.0802031575021584                
1       5              -0.08142003494845174               
12      20             -0.08160891361510164               
6       14             -0.08176766749018377               
20      34             -0.08187864361350627               
4       28             -0.08201811030889639               
30      33             -0.0832971605498784                
10      29             -0.08357962116821249               
10      18             -0.08358275559907136               
18      22             -0.08369370401595622               
6       27             -0.08370668728494365               
14      35             -0.08402774671042532               
11      25             -0.08481033149329809               
20      36             -0.08500183427854674               
3       20             -0.08527408155018698               
26      38             -0.08674444532571213               
4       33             -0.08760945351966493               
9       35             -0.08762340015960379               
3       34             -0.08790223843265171               
20      38             -0.08811443592315638               
1       32             -0.0899005761088909                
13      21             -0.08997881792610476               
4       10             -0.09041369803911936               
11      38             -0.0908572258231165                
20      23             -0.09213051956108168               
13      31             -0.09252783984256355               
7       13             -0.09521097052698277               
13      27             -0.09567927326626174               
8       26             -0.0957689013521047                
8       29             -0.09607960435908891               
3       13             -0.09814308409485695               
28      32             -0.09869465054092547               
8       30             -0.09926034807650441               
7       22             -0.09952913523926937               
1       20             -0.09962024124201391               
5       23             -0.10093254565991647               
11      16             -0.10430259710863432               
3       10             -0.10524784054275665               
14      36             -0.10630423283278823               
13      34             -0.10653753703597726               
18      32             -0.10661033616621049               
2       23             -0.10706667898086009               
5       30             -0.10765230874700207               
5       16             -0.10788202763780574               
6       37             -0.1083639118221702                
19      31             -0.10883323404859949               
6       17             -0.11023943633900807               
5       19             -0.11045816809269815               
4       21             -0.11049264031126055               
4       31             -0.11161233527724368               
28      37             -0.11251973764086365               
11      14             -0.11332470003439582               
4       17             -0.1136581816487191                
7       25             -0.11413638011969932               
22      24             -0.11420699615110996               
25      37             -0.11450510563936983               
5       29             -0.11475204580706577               
14      28             -0.11483525236011477               
17      22             -0.11484758239534593               
21      33             -0.11486142469036853               
16      33             -0.11600337777609568               
16      34             -0.11643022405844405               
2       9              -0.1167242191901306                
1       9              -0.11704738181600272               
13      18             -0.11755548939949717               
13      22             -0.11782316920094571               
24      25             -0.118015949782906                 
17      21             -0.11909486597053331               
32      37             -0.12137511856102673               
10      25             -0.12170359822951354               
12      22             -0.1219325525427978                
21      28             -0.12287165406395398               
25      34             -0.12336695092439956               
4       9              -0.12366062691543545               
27      36             -0.12439311809874753               
16      37             -0.12445532520594779               
6       24             -0.1253238842932154                
7       32             -0.1253869218407354                
11      21             -0.12568401573242594               
5       13             -0.1257566788774816                
4       20             -0.12657290609988742               
19      36             -0.12692048729044086               
4       29             -0.1270721424895562                
6       35             -0.12802340634399245               
2       13             -0.12831378704616916               
14      21             -0.12838098869058073               
8       16             -0.1287901378840768                
3       31             -0.12967972851316478               
6       28             -0.12991092243656405               
20      31             -0.12999538740311598               
3       6              -0.13085848919036974               
3       16             -0.1308734720615764                
2       10             -0.13140545338834475               
25      36             -0.13266473210159072               
1       17             -0.13385825160474762               
1       6              -0.13458969476121413               
24      29             -0.13602562771147672               
4       37             -0.13701707360399112               
15      38             -0.13707284363911976               
4       30             -0.13731223150958657               
8       12             -0.13731244551537575               
9       21             -0.1376280684971331                
6       11             -0.13786036540525856               
3       25             -0.1383987288968509                
13      37             -0.1388943941123351                
21      36             -0.13910767741600472               
25      33             -0.13935920822453304               
28      34             -0.13940300271736172               
23      34             -0.13961977557957603               
1       21             -0.13972400183457212               
12      27             -0.1407436834294701                
33      38             -0.1410470182484852                
7       16             -0.14196161589628659               
5       36             -0.14197072263513627               
7       12             -0.1421187114671387                
16      36             -0.14276792933596574               
7       31             -0.1429737932175807                
10      16             -0.14310078672110407               
13      36             -0.14324323372627812               
7       23             -0.14465930695631454               
5       25             -0.14476980976050288               
3       12             -0.14514712333560217               
18      27             -0.1461005111551612                
8       14             -0.14673925692386122               
1       16             -0.14702147169850877               
1       25             -0.14711568919002352               
16      24             -0.14854003102009483               
24      32             -0.14951277956767556               
24      30             -0.15032805544393743               
2       27             -0.15248531125785164               
10      33             -0.15273694888573158               
4       23             -0.15277046130657607               
10      24             -0.15283339661976064               
8       32             -0.15305028821940803               
5       32             -0.1532244890002767                
28      35             -0.1543691643987938                
17      25             -0.1552414901533645                
10      19             -0.15601546817310083               
32      36             -0.1562332322625789                
10      32             -0.15668128370837775               
23      37             -0.1570303825443591                
6       38             -0.15826405188314974               
11      35             -0.1583869474020224                
11      32             -0.15887422155195455               
8       25             -0.15890456893101845               
4       13             -0.15907414581166512               
23      36             -0.15932830014754484               
10      23             -0.15941342659742663               
24      31             -0.1595925206702461                
2       31             -0.1601603898891482                
11      27             -0.16095192377387904               
15      18             -0.16126728697771542               
8       20             -0.1616247308668396                
14      18             -0.1622856793222986                
10      17             -0.1627915884346195                
3       23             -0.16300551296925395               
4       25             -0.16314546623601883               
12      31             -0.1634637923401368                
4       16             -0.1642592998327071                
5       35             -0.1652593004899751                
18      31             -0.16636982125789862               
2       22             -0.16647547823250122               
7       36             -0.16732835743167424               
20      22             -0.1680693478332184                
11      23             -0.16912838294357088               
22      34             -0.16994727670793786               
2       14             -0.17009662089487632               
21      34             -0.17054183804375148               
2       32             -0.1705887663970969                
4       19             -0.17059946096265488               
2       26             -0.17105727398356846               
17      29             -0.17114297301688766               
3       18             -0.17151678445590982               
18      37             -0.17292139840968673               
10      28             -0.17400862711650603               
23      33             -0.17443946117613746               
1       8              -0.17601983610948457               
8       31             -0.1761007365620051                
12      33             -0.17615190245764883               
9       33             -0.17630637159148096               
31      33             -0.17655663204122196               
33      35             -0.1772499995529147                
14      22             -0.17760079040057583               
6       36             -0.17867429946024427               
7       10             -0.17948840983623646               
12      21             -0.17954241821128347               
1       27             -0.18001641622730435               
9       28             -0.1803787497273097                
12      18             -0.1820709499409726                
1       23             -0.1831793191562891                
15      37             -0.18435059197572212               
8       36             -0.18483876181570436               
3       19             -0.1851860376828482                
31      35             -0.18518876684842742               
3       28             -0.18543696439944263               
12      34             -0.18561195391415158               
22      37             -0.18695631040815885               
17      30             -0.1870561819531236                
18      36             -0.18775780184470037               
17      31             -0.18847608981451974               
17      27             -0.18916341485284838               
24      27             -0.18997000585854243               
23      26             -0.19010490468463684               
26      29             -0.19024564524406415               
13      15             -0.19042307851101833               
26      30             -0.1920303843855068                
8       22             -0.19265250910845744               
16      17             -0.19317534393553046               
4       18             -0.19329128879020363               
22      28             -0.193331815786059                 
3       33             -0.1933656836012192                
3       11             -0.19399466152725786               
8       11             -0.19406881519025546               
17      28             -0.19597645615644277               
7       15             -0.19642376795340083               
18      28             -0.19750822996173267               
3       37             -0.19751400154043564               
21      24             -0.19792221685488906               
2       7              -0.1980934644728427                
1       14             -0.19973563925978535               
2       21             -0.20024341306730462               
2       15             -0.20174229433340507               
5       9              -0.2027320004664082                
22      27             -0.20361656667594655               
7       28             -0.20369437681674457               
4       24             -0.20409890870062952               
10      35             -0.20434763590415933               
1       19             -0.2049831444422459                
7       26             -0.20639628619561307               
27      31             -0.2066963119944058                
9       26             -0.20781374358331098               
6       33             -0.20883377264992034               
10      14             -0.21010623887601268               
17      32             -0.21038541388039966               
9       22             -0.21354577501641836               
8       28             -0.2155210222145558                
9       36             -0.21615987510977172               
5       21             -0.2162823960037782                
5       38             -0.2168752040176291                
18      26             -0.21711766771538688               
14      34             -0.2198390411367229                
22      33             -0.22002777686395214               
9       15             -0.2204432017251223                
27      33             -0.2217726898827841                
27      34             -0.2221860062132962                
28      31             -0.22300694162490223               
14      33             -0.2244983375539221                
9       31             -0.22516218153772716               
14      17             -0.2257874589980765                
2       35             -0.22605990773272083               
26      37             -0.22657317859080167               
8       35             -0.22664780395048723               
20      33             -0.22725397568795053               
8       27             -0.22761534624468566               
34      36             -0.2279199760212668                
5       26             -0.22807347400152517               
10      34             -0.22865922342825887               
4       12             -0.22899791423853227               
15      23             -0.22961907960934436               
13      24             -0.23104453351773324               
7       14             -0.2339183355879662                
33      36             -0.23415430280067784               
3       5              -0.23519999884350495               
15      36             -0.23676618996701526               
14      24             -0.2405703326320504                
9       34             -0.240761434259732                 
5       15             -0.2413184100836941                
14      37             -0.24151414541707286               
15      29             -0.2437314666991603                
9       37             -0.2445809958726773                
12      17             -0.24608135022634695               
15      30             -0.24626247207972704               
26      35             -0.2480449482253329                
26      36             -0.24862819654995771               
8       38             -0.24881257334487483               
14      31             -0.24935540741037737               
9       24             -0.25061250858984885               
13      17             -0.2514543614047553                
28      33             -0.25207470804158416               
7       27             -0.2530588351651316                
23      38             -0.25338302593291134               
27      37             -0.2561739043451974                
10      27             -0.257325703942274                 
31      34             -0.2592426347969077                
12      24             -0.26025575291055575               
12      26             -0.2621614517954298                
24      28             -0.27121752245005765               
9       38             -0.2717213315706789                
15      35             -0.2754107755075972                
3       17             -0.2780255764583526                
17      36             -0.28192053874113765               
5       22             -0.2846768050856514                
3       24             -0.2856782487488463                
15      32             -0.28614192180117687               
26      32             -0.2919401323164784                
11      26             -0.2924799654399788                
11      15             -0.2961513844092614                
24      36             -0.2982924971998793                
13      26             -0.30359708290517934               
24      35             -0.3071178130693172                
17      35             -0.3107414343119873                
16      38             -0.3117976042476366                
1       30             -0.3121187350909263                
12      15             -0.31736552430100134               
1       29             -0.32608338490025107               
2       34             -0.33188263996670075               
25      38             -0.3440527545704524                
30      38             -0.37726653429920576               
32      38             -0.3925171091173639                
29      38             -0.42032078009301005               
