#======================================================================
# PARAMETERS USED FOR THIS COMPUTATION: 
#      Sequence type: RNA
#      Total number of sequences in alignment data: 7752
#      Length of sequences in alignment data: 44
#      Effective number of sequences: 13.526779780800762
#      Value of sequence identity: 0.8
#      Value of relative pseudocount: 0.5
# The First and Second columns represent sites and the
# Third column is MFDCA Frobenius norm, average product corrected (APC) DCA score
#======================================================================
7       18             1.8521132226902135                 
27      32             1.0805917138777028                 
13      44             0.9111847290908708                 
14      43             0.8931357152891117                 
23      35             0.7667208154512152                 
22      36             0.7440910075787137                 
17      40             0.6770827448408892                 
1       18             0.6769596960315702                 
24      25             0.6765593661504251                 
4       10             0.670917667744379                  
12      40             0.6269999260771244                 
13      42             0.6241743547137042                 
2       12             0.5851138426510403                 
37      38             0.5207207339548683                 
28      29             0.4966272055050283                 
21      22             0.47823953567302263                
8       13             0.47338471867639076                
18      36             0.47033172271106444                
14      38             0.46471331862878873                
15      28             0.4617496916116264                 
2       40             0.45468529948380954                
9       30             0.4421040007195751                 
3       34             0.4398367358794091                 
26      27             0.43757719444597387                
43      44             0.4319693223830667                 
1       36             0.4302474189245572                 
13      43             0.4251127350668425                 
30      33             0.422532713625007                  
39      41             0.4197133555469559                 
23      28             0.4182599556934956                 
3       35             0.41643273528333086                
11      31             0.40694710783306076                
33      34             0.40201767804661864                
12      17             0.39568026276989293                
41      42             0.3891971104672189                 
32      33             0.38744232771239                   
8       42             0.3851619653388703                 
1       44             0.3840734896927418                 
40      41             0.37865585192710915                
15      36             0.37245334547085307                
8       44             0.3722731127124069                 
42      44             0.36904407258057437                
33      35             0.366877115576943                  
20      35             0.36431548433735883                
21      27             0.3622897870903596                 
10      12             0.3607380702372195                 
21      37             0.3589284002339879                 
22      28             0.35594250815654                   
32      34             0.3515651975972123                 
10      38             0.3425054573539822                 
11      16             0.33845360652815715                
34      35             0.3334637228088507                 
3       22             0.33059961847629815                
8       29             0.3242677948000616                 
30      34             0.32286705988581976                
27      36             0.3215626074647861                 
1       27             0.31720404100740673                
2       5              0.31598593999865554                
17      25             0.3135686291187292                 
14      44             0.311938826447579                  
5       9              0.30512985748596066                
18      27             0.3023204248654404                 
1       13             0.3010592634566082                 
5       12             0.3003346165450995                 
2       17             0.29710103915265085                
8       23             0.294066495911437                  
9       26             0.2909755049204885                 
10      43             0.282234189223634                  
10      14             0.2809267489064869                 
4       38             0.27532006889285554                
5       6              0.2720273946404476                 
3       11             0.2681604295132726                 
5       19             0.26776069738076214                
39      40             0.2664321769057541                 
28      32             0.265002142233287                  
24      41             0.2593628430708884                 
9       12             0.2592690350873894                 
4       5              0.2573560407859841                 
20      23             0.2569687262889312                 
23      31             0.2550535171077989                 
37      39             0.25501850855046954                
13      15             0.2520147043675442                 
31      40             0.2511447510055221                 
4       43             0.24729728991243094                
27      35             0.24648265947709735                
6       30             0.24646668303346222                
9       28             0.24382044729573848                
21      30             0.24313665524862127                
13      14             0.2427994767536622                 
24      38             0.23839753531258256                
27      28             0.23788328909366435                
31      34             0.23625598940460069                
5       10             0.2356139079481345                 
14      15             0.23542277731786615                
4       14             0.23288020067960813                
19      20             0.22984806474800346                
5       7              0.2297956475137832                 
18      31             0.22937239548113436                
38      42             0.2286876959345127                 
14      21             0.22646245744452165                
16      19             0.22466546380030633                
28      30             0.2239730019452142                 
37      41             0.22297099135942397                
27      29             0.22236235201481702                
25      42             0.2209343790183423                 
28      35             0.22053863410304986                
9       10             0.21785861318536576                
21      36             0.21509883494240828                
15      21             0.2146131459517252                 
28      43             0.21242776220319148                
34      37             0.20453036659080603                
25      38             0.2037130567475284                 
20      29             0.2003952988418347                 
2       10             0.19708818917007476                
11      12             0.19682334589640324                
9       35             0.19665384956104187                
23      43             0.19375174429025915                
7       12             0.19314475811579823                
17      41             0.1930766629417473                 
8       43             0.19224545736111975                
9       21             0.1914015239765362                 
26      33             0.18991244952007824                
32      36             0.18580792633983134                
13      23             0.18498217238149095                
5       17             0.18447858483783805                
1       8              0.1822975710314299                 
15      27             0.1811784419634811                 
4       12             0.18078299476090132                
19      25             0.18028678889499677                
23      29             0.1799398999193575                 
2       31             0.1794552155559507                 
21      28             0.17906652905343184                
18      32             0.17821228091393115                
8       33             0.17534249457980455                
36      44             0.17449966148695817                
1       32             0.1729917852586083                 
16      41             0.1716569871901754                 
26      30             0.17116960263328274                
6       7              0.17115369531703226                
2       3              0.17081852402032427                
31      33             0.16968445282288597                
9       32             0.168636227664192                  
35      36             0.16746715340739826                
15      44             0.165664512522611                  
38      39             0.1647407676907213                 
19      41             0.16362095812700225                
16      20             0.1629561350350315                 
6       40             0.16137171826211225                
40      42             0.16007027856232742                
30      31             0.15808881267403904                
14      33             0.15797459965632016                
21      32             0.15727820937016718                
2       4              0.1572745346986924                 
9       11             0.15603847887111347                
16      39             0.15560283916770798                
36      37             0.15538564566992125                
33      37             0.1551140731095158                 
34      40             0.1549529796298525                 
24      42             0.15450424245178856                
11      34             0.15327127088345338                
18      22             0.15073083347970062                
17      19             0.15051809265936592                
15      22             0.14896902605675705                
16      17             0.14873811937903642                
8       34             0.14728417604076494                
2       11             0.14476769466088796                
13      36             0.1442510015008135                 
21      34             0.14410550536896388                
14      36             0.14216156677247166                
19      39             0.14160202902657634                
23      26             0.14056215435747116                
6       20             0.13857906602234477                
16      24             0.1384489462466424                 
22      26             0.1377650553059207                 
10      11             0.13763567845528074                
7       10             0.1373615332608739                 
18      44             0.13725231211527988                
8       20             0.13674985430943704                
15      32             0.13580896272721904                
5       11             0.1348753213839805                 
39      42             0.13483025136106408                
21      38             0.13431759912078178                
25      41             0.1342363624206067                 
20      24             0.13372730885062661                
1       22             0.1336290476322064                 
1       42             0.13304589899967906                
10      17             0.1325000156024718                 
3       24             0.13184240454246066                
12      31             0.13154758303183325                
4       6              0.1313479670486639                 
6       9              0.1308557120091169                 
10      24             0.1257191951047537                 
24      28             0.12461937729749678                
16      25             0.12453703624093554                
20      37             0.12155984124747865                
20      33             0.12061962843623925                
8       26             0.11909864239435658                
27      33             0.11769239372970713                
19      29             0.11688922030791526                
17      31             0.11681904162083512                
38      43             0.11617324268123325                
14      27             0.11583275829853157                
3       23             0.1152688015860221                 
8       35             0.11525118469129625                
11      19             0.11520858526492825                
25      26             0.11408252410521288                
42      43             0.11319767873466485                
13      22             0.11313054159785868                
13      26             0.11143089214505314                
38      41             0.10945696502407701                
19      37             0.10691055614576384                
2       7              0.10611226559292145                
7       17             0.10610915967968693                
37      40             0.10588282343525435                
1       21             0.10549371952906295                
5       40             0.10481545587508717                
10      40             0.10450785766538462                
22      44             0.10442510989106202                
16      37             0.10434737914300055                
1       43             0.10331363309537334                
22      23             0.10279304424399416                
2       9              0.10252205863535835                
8       39             0.10244663403288712                
29      35             0.10145210437878255                
14      35             0.10066292021076373                
25      29             0.09952551473705276                
20      39             0.09930824061867416                
14      37             0.0985323143063932                 
5       16             0.09540590514070083                
29      39             0.09528728004350526                
5       8              0.09508725952349734                
30      32             0.09496478414311266                
4       24             0.09475674007027562                
19      24             0.09303210353634633                
26      36             0.09238402921113908                
11      41             0.09232997567933521                
33      40             0.09224876344233296                
29      32             0.09204157139264241                
6       23             0.09015122806815601                
6       12             0.0896479029152912                 
14      23             0.08798140183295883                
3       31             0.08624741441250267                
10      25             0.08491738912966565                
2       33             0.08406476204427787                
29      42             0.08313906149386874                
4       17             0.0830372912519293                 
6       19             0.0827199056361918                 
30      44             0.08210889354778561                
28      31             0.08020905887392638                
31      35             0.07985088570654642                
18      21             0.07795072878551457                
10      44             0.0764341677977689                 
11      25             0.07613913852363458                
36      42             0.07609362182567314                
6       22             0.07573371231955295                
4       7              0.07479245899445003                
8       25             0.07434521286575846                
16      26             0.07409430758096638                
1       23             0.0731880655736677                 
7       15             0.0730997798138946                 
36      41             0.07236285632573625                
23      44             0.07169810320251119                
9       17             0.07023861133129555                
22      42             0.06805173198056075                
17      20             0.06742502186358093                
15      19             0.06352444988567013                
29      44             0.06293767939390876                
34      38             0.06267810281937192                
6       10             0.062238605455737644               
4       40             0.060687143061359805               
30      43             0.05976215543389518                
8       24             0.05950658666691644                
6       33             0.05910546069860362                
11      39             0.0589546766533072                 
2       16             0.05834188741943988                
20      34             0.058086977024818076               
3       4              0.05732569589613029                
15      16             0.05599736590633925                
10      26             0.055829360204437045               
12      16             0.054379091712303235               
35      40             0.05409705278623933                
35      42             0.05364199523525559                
1       5              0.05348690468407752                
7       40             0.053247420890504216               
4       25             0.05278233085622308                
27      38             0.05276489460191208                
29      30             0.05234353627599858                
5       29             0.05124602212937643                
11      37             0.05109031263173458                
21      44             0.05098934055203336                
15      26             0.0508154226031487                 
13      24             0.049860757466658634               
4       44             0.049501828424166006               
3       41             0.04818407158432711                
24      29             0.04815917963565619                
6       39             0.04810573248947289                
30      37             0.047935602386173976               
19      26             0.04772924827352998                
7       31             0.04590635576366592                
6       14             0.04581977072882221                
3       5              0.045812989841455654               
23      27             0.04561542694745396                
13      29             0.04552962984195885                
12      33             0.045092554657436945               
2       19             0.045079818009478245               
23      42             0.044115636556503135               
12      19             0.043765332199919266               
15      37             0.04313799261392054                
24      26             0.04262678644734341                
6       41             0.042279884926190614               
22      32             0.04122472375036074                
26      35             0.040689100489596675               
13      34             0.03945855885971117                
5       20             0.03847045655819356                
34      44             0.03681861077759874                
13      35             0.03623158018045458                
8       36             0.03527776803124438                
5       39             0.0328328092319391                 
16      40             0.032218147368423045               
15      20             0.029268617930672425               
4       11             0.028156585134287038               
6       32             0.027862704504773184               
34      43             0.026886630036047632               
20      21             0.026884526405545284               
24      32             0.02623358023522776                
33      44             0.025771377307575782               
22      38             0.02563977665080519                
33      38             0.0247066628929703                 
20      31             0.02455395801983068                
27      44             0.023811209427083646               
9       16             0.02367587311519803                
1       16             0.023521473322559994               
28      34             0.023243597190415355               
10      16             0.02239301428273477                
8       22             0.021885700763970672               
10      31             0.02173230326542963                
14      25             0.021393368330182072               
12      25             0.02119437706481317                
9       40             0.020205680223570055               
28      39             0.018830972428183712               
16      29             0.018770608800797672               
13      25             0.018688861520895106               
2       6              0.01866385362749992                
35      39             0.018112587407150882               
27      37             0.01761373263809296                
4       9              0.017325689811543532               
32      35             0.017039424561990812               
7       11             0.01684979722118296                
16      23             0.016006233529549496               
1       19             0.015907007027762043               
17      26             0.01579030016840635                
2       34             0.01562994488126268                
7       9              0.014942689611153914               
17      35             0.014510032029798281               
9       27             0.014185760138497039               
10      19             0.013914328518630198               
29      33             0.013896826535991558               
18      19             0.013779896168061967               
25      30             0.013521042335032707               
38      44             0.013299610150879937               
11      24             0.013108875420773575               
25      31             0.01305949852363572                
7       19             0.011907049299475309               
37      42             0.008842196395379087               
36      39             0.008723892145825862               
36      43             0.008039540754945618               
3       6              0.007796455109656625               
23      39             0.007639484126497231               
20      30             0.007027869274716991               
5       37             0.005978250829911463               
16      18             0.00561265458192145                
6       17             0.005525097623937464               
3       30             0.005434166559528775               
4       26             0.005055420184867959               
35      43             0.004504184703391423               
19      38             0.004053357094772919               
4       16             0.0030415993540650055              
11      26             0.00300050313595418                
14      28             0.0028125335037677557              
6       16             0.0023475192855729743              
3       7              0.0017989742236948492              
2       32             0.001628695790621859               
7       16             0.0011109330944677476              
12      34             0.0010905002161674116              
15      42             0.0007541422556952004              
5       41             0.00065725928665189                
4       19             0.0006548094019845074              
16      38             0.00039038898976870295             
27      39             0.0001727138372575321              
32      39             -3.5990140509034596e-05            
11      20             -0.00017766970412075311            
19      40             -0.00020555350308065767            
6       11             -0.0007135512161026147             
6       26             -0.0011597549082870973             
3       12             -0.002351813006793102              
3       16             -0.0032548480204244723             
11      40             -0.003289596207827983              
12      39             -0.004237137745153163              
9       39             -0.004325779730183249              
29      34             -0.004506017326736833              
9       19             -0.005950576873033436              
9       23             -0.006102797251227643              
12      37             -0.006458241561507844              
3       33             -0.007353966314511184              
19      30             -0.00786482005143574               
29      31             -0.007943374846604762              
4       29             -0.008616474242870209              
3       15             -0.010712690485055354              
14      24             -0.011109765308503827              
17      39             -0.011181267513385162              
3       19             -0.011718053676785717              
3       9              -0.012281381784970513              
33      41             -0.012663424212858099              
17      42             -0.01267661784665186               
17      37             -0.013053400572298951              
7       20             -0.01333598866634425               
1       2              -0.013723197214161875              
27      30             -0.01402010142518445               
16      42             -0.014294275559489478              
35      44             -0.017493070763916818              
11      18             -0.01776127005201744               
30      36             -0.01864054003094079               
29      41             -0.018790737103413724              
32      43             -0.01951819375064706               
1       29             -0.019990347760951988              
11      33             -0.021045219107930058              
2       39             -0.021612639541625428              
38      40             -0.02203702493182441               
1       41             -0.022061351476075575              
15      41             -0.022378135718724657              
5       26             -0.022545746124497335              
12      41             -0.023034473654311022              
23      32             -0.02313097072771464               
22      43             -0.023635208717342482              
33      43             -0.023701469942089437              
20      28             -0.02411338056717821               
30      38             -0.024377032639744833              
3       29             -0.02465922659748887               
26      28             -0.025231638872981133              
3       8              -0.025400121551496624              
22      24             -0.02579646709202943               
1       38             -0.02581848860250502               
6       21             -0.026224383579768473              
22      30             -0.026280663256512182              
4       34             -0.026359663356042562              
3       39             -0.027500353594187094              
2       41             -0.027531079462530528              
15      34             -0.027730578393089345              
19      22             -0.028926550260157557              
6       34             -0.02893155348814369               
21      31             -0.029486910601475902              
17      29             -0.029802575359867328              
32      38             -0.030755612995507275              
24      39             -0.03092149710440939               
22      41             -0.03165585751142547               
16      21             -0.03222306314696688               
15      17             -0.03249805628616231               
3       27             -0.033983858283761936              
2       30             -0.034259689028376006              
7       35             -0.03436028811753283               
10      39             -0.034780451672598245              
18      41             -0.03486454451658044               
27      43             -0.03518597159326564               
20      32             -0.03592519510823772               
5       24             -0.03618448536322305               
5       25             -0.037127888678618964              
3       25             -0.037520990918512465              
13      21             -0.03756604017191201               
3       20             -0.03765301358469189               
17      24             -0.03794778457175699               
7       21             -0.03896933906356065               
15      30             -0.039068722326787486              
2       26             -0.039628444301835514              
25      40             -0.04051890940991684               
11      15             -0.04071854196947683               
14      18             -0.041329404141909165              
4       42             -0.04137337123898205               
13      30             -0.04179919646863589               
26      43             -0.042054810531875875              
19      42             -0.04212929931382445               
26      29             -0.042233061163735125              
23      34             -0.042552057780708086              
7       28             -0.04392892906623852               
18      39             -0.04470631201176206               
32      37             -0.0451720942049218                
24      31             -0.04528206520805941               
3       28             -0.045806079507303255              
25      43             -0.0458851683006867                
31      36             -0.0461726336697621                
32      44             -0.04617522546192976               
24      30             -0.04682751157606463               
6       29             -0.04687605431303629               
2       37             -0.04769990679248756               
12      24             -0.047915354720596603              
6       24             -0.04804059102573649               
31      32             -0.048302379544707674              
27      34             -0.04859326453560814               
9       29             -0.0492537639956685                
13      16             -0.04925509004877443               
16      30             -0.0494669347357726                
7       30             -0.04951340240176863               
10      41             -0.049632936120696136              
19      31             -0.05017915320322708               
9       15             -0.050274289637924297              
19      21             -0.050501929026025516              
25      35             -0.05060977416878315               
15      39             -0.05076021541042591               
15      25             -0.050918863964984656              
24      43             -0.05153940682757524               
1       15             -0.051821863909657984              
28      38             -0.05186622249249073               
2       25             -0.05286035488952251               
15      31             -0.05293651636333485               
3       14             -0.05328169417877193               
5       15             -0.05424495560129022               
9       33             -0.05471071596688876               
3       40             -0.05650401266850344               
6       31             -0.05851361681810316               
16      31             -0.058571338390200484              
15      18             -0.058724984516865586              
6       28             -0.05878565648331288               
3       26             -0.05953777551387937               
17      34             -0.05955965149124848               
17      33             -0.05965610102255964               
7       32             -0.06047141072297152               
20      41             -0.06049119139001943               
13      19             -0.061716861287163804              
2       29             -0.06172975732818045               
12      26             -0.061986410145948245              
1       25             -0.062071470701759446              
25      36             -0.06221234634496259               
1       39             -0.06323088492887405               
5       31             -0.06385359520553162               
21      23             -0.06464665138509368               
14      26             -0.06537996562901127               
21      24             -0.0654815563774721                
11      35             -0.06583262663855888               
33      42             -0.0665946379562034                
9       41             -0.06671848336136216               
1       3              -0.06682393180854601               
9       31             -0.06709199929369328               
4       30             -0.06732784316989662               
9       25             -0.0676219494580525                
26      32             -0.06825560106208006               
11      29             -0.06828841377286332               
11      42             -0.06877654738999375               
20      44             -0.06970600521116449               
12      35             -0.07017552067547822               
18      43             -0.07019224764052112               
4       39             -0.07030189703194878               
10      37             -0.07032611947955864               
16      22             -0.071096536921469                 
6       43             -0.07118103198156622               
17      21             -0.0715661647051773                
9       22             -0.07169292255367654               
20      25             -0.07178902009683355               
7       39             -0.07208624796549215               
6       8              -0.07341336916397473               
4       41             -0.07408698978144387               
2       15             -0.07469454547190477               
1       34             -0.07505650082032511               
9       14             -0.0751636833351575                
37      44             -0.07558674457433595               
14      41             -0.0761738582293868                
28      44             -0.07626640724258954               
1       17             -0.07646334446269823               
33      36             -0.07657897757529875               
8       19             -0.07674359464935177               
12      28             -0.07683271158179328               
4       32             -0.07692025755621845               
8       38             -0.07694328324170319               
26      41             -0.07714071389955295               
1       4              -0.07758762602833358               
18      33             -0.0779296581231137                
7       24             -0.07818312868627864               
7       41             -0.07841944449069135               
14      40             -0.07848924140496177               
10      42             -0.07872820154005553               
10      20             -0.07911096787039146               
21      33             -0.08032217071029846               
16      28             -0.0806994819557299                
20      38             -0.08086846057992089               
23      30             -0.08147964761343923               
21      42             -0.08157072579699237               
8       21             -0.08181747181099841               
11      38             -0.08206043648454864               
25      39             -0.08208263051974704               
6       25             -0.08219657555957909               
20      22             -0.0824850304598409                
26      31             -0.08258930367414224               
22      27             -0.08260813341139756               
3       13             -0.08309475378085113               
3       18             -0.08334119948831087               
22      37             -0.08346881644573473               
15      24             -0.084026021652822                 
13      20             -0.08652811428478335               
2       24             -0.08681321244782664               
3       10             -0.08683614889162508               
5       38             -0.08768439547723726               
6       37             -0.087709831214785                 
11      22             -0.08775694203346582               
4       31             -0.08782287703609848               
8       31             -0.08783999312905938               
24      44             -0.08856943232159664               
15      35             -0.0892106639406528                
17      18             -0.0897349715146632                
7       26             -0.09011017505780076               
1       26             -0.09064337255945612               
7       37             -0.09073749629497939               
3       37             -0.09154646940575922               
14      32             -0.09212998722679816               
2       20             -0.09213114353685325               
20      26             -0.0933689321630973                
31      39             -0.09347008495727206               
8       12             -0.09348361640424835               
2       21             -0.09366317843777533               
21      41             -0.09398472556984039               
20      27             -0.09445852923141371               
12      15             -0.09511606510762263               
22      39             -0.09554062722607418               
26      37             -0.09720694420588022               
18      28             -0.0984656690765725                
9       34             -0.09852099349110982               
1       11             -0.09882057217118889               
8       37             -0.09897514452288877               
7       25             -0.09905462426683707               
6       35             -0.09911360217537046               
24      33             -0.09936044151843826               
11      17             -0.09987431484954332               
12      29             -0.10001326313035133               
14      39             -0.10006296630426317               
2       42             -0.10049063540108555               
22      34             -0.10055150496033521               
1       37             -0.10073865100392193               
23      24             -0.10156039027153785               
22      29             -0.10225743387512784               
6       15             -0.10245150389440477               
19      23             -0.10307338039031883               
1       24             -0.10381137569101381               
41      43             -0.10398116647501521               
7       22             -0.10450319439460898               
25      44             -0.10482830070392346               
3       32             -0.10521681129238358               
26      39             -0.10530184052380412               
28      33             -0.10530970969859038               
13      39             -0.10613176085243375               
31      42             -0.10614304222233797               
11      27             -0.1061842807488323                
30      41             -0.10726813233194621               
11      23             -0.1079612976584888                
11      13             -0.10966994847698802               
14      16             -0.11054756206393826               
8       32             -0.1111312874798493                
11      36             -0.1116209071946957                
4       37             -0.11168818532625889               
2       28             -0.11176465395563967               
1       7              -0.11253756264491788               
17      36             -0.11278150986270155               
28      37             -0.11324249881099915               
20      42             -0.11328568333108616               
13      27             -0.11385275541631079               
6       42             -0.11389728757642875               
8       30             -0.11407405639952589               
5       42             -0.11451979396348382               
4       35             -0.11469327343026114               
14      19             -0.1147926661432134                
1       35             -0.11529906328359601               
25      33             -0.11615463630102646               
1       6              -0.11624982969742712               
27      31             -0.11634981062870461               
8       11             -0.11637016623168986               
12      20             -0.11704643602465956               
5       22             -0.11710050209118844               
17      23             -0.1172667845987638                
24      36             -0.1177143765131013                
24      37             -0.11788816251872773               
29      36             -0.11816749342569582               
2       38             -0.11826845855371157               
9       37             -0.11826946636378795               
4       20             -0.11845468243138438               
7       29             -0.11846603222060989               
36      40             -0.11880790876015107               
19      36             -0.11889404211464477               
5       18             -0.11940631416764108               
22      31             -0.11941506015668002               
7       8              -0.11942464096795535               
1       20             -0.12022232492523957               
3       43             -0.12022505896331767               
6       18             -0.12033770386517684               
1       33             -0.12037696825243765               
31      41             -0.12049953682812183               
16      36             -0.12095962707256624               
13      38             -0.12135223621548372               
10      13             -0.12247673270977738               
18      20             -0.12278681766217583               
17      43             -0.1229264894357652                
5       13             -0.1234603375685249                
1       30             -0.1236224732169931                
28      41             -0.12376339569240402               
20      40             -0.12438911260349089               
16      32             -0.12449942039175177               
10      15             -0.1250930840354608                
4       23             -0.12587717254658956               
13      37             -0.1261220375506325                
8       18             -0.12674136288295068               
17      38             -0.1268727479917029                
15      38             -0.1270682486949721                
5       43             -0.12728677456082965               
18      26             -0.12778865452104632               
4       22             -0.12796282394535313               
19      43             -0.1282248645065526                
19      28             -0.12879672366054334               
22      25             -0.12883910971467313               
4       15             -0.12945064871291062               
12      38             -0.12971208587312882               
4       33             -0.13074097381516442               
11      30             -0.1313886194875739                
4       13             -0.13153341010785466               
9       24             -0.1331167241601486                
18      29             -0.13332742676227272               
13      41             -0.13347025408660665               
25      37             -0.1345559378707103                
8       15             -0.134779764829422                 
8       10             -0.134850349841913                 
8       28             -0.1349489278518612                
39      43             -0.1355293973463999                
5       21             -0.13569229481386025               
31      37             -0.13653479808956365               
13      31             -0.1369042000883608                
11      21             -0.1369748934977431                
18      24             -0.13700065318685417               
1       31             -0.1379295384109873                
6       27             -0.13955672350984752               
25      28             -0.13966585183413316               
22      33             -0.14055530158019802               
18      25             -0.1406125644683683                
3       38             -0.14084194739892142               
19      33             -0.14139055414960022               
12      42             -0.14175565793574457               
30      40             -0.14191807773570025               
7       43             -0.14202565674795145               
18      34             -0.14228298129969996               
21      43             -0.14234104529916075               
11      14             -0.14247660094883022               
10      35             -0.14295492402684906               
5       36             -0.14306676603218393               
29      40             -0.14315232065514327               
8       14             -0.14317866972838228               
15      23             -0.14341976195839248               
2       18             -0.14342705010577306               
26      40             -0.14390187390899625               
10      29             -0.144049800478246                 
14      20             -0.1448809400427473                
20      43             -0.1449181500662652                
21      26             -0.1455880313892224                
16      43             -0.14570191264415966               
18      38             -0.14591688847453996               
21      25             -0.14606713056864332               
34      41             -0.1465944676486109                
34      42             -0.14667554142663697               
8       16             -0.14863843332143872               
6       44             -0.1498046720418592                
23      33             -0.15075006284886375               
20      36             -0.1511689323171862                
28      36             -0.15138164599723802               
36      38             -0.1514389215811127                
8       17             -0.1514438186379847                
15      29             -0.15175951945237656               
10      30             -0.15203879070443754               
4       28             -0.1524609724806333                
4       8              -0.15284784053622677               
18      35             -0.15306533772622427               
6       13             -0.1533935522195897                
3       42             -0.15379634167759174               
6       38             -0.15380310804574454               
15      40             -0.15399481383320432               
13      18             -0.1551155576131184                
2       22             -0.15527312516934788               
2       13             -0.1556272512204417                
9       43             -0.15584665848709886               
14      30             -0.1565391985309505                
30      39             -0.1576470525138413                
23      25             -0.1580127174573112                
5       14             -0.1581316272537437                
18      37             -0.15815060575992249               
7       14             -0.15967740087035848               
5       30             -0.16008013945468705               
13      17             -0.16057657177922968               
18      30             -0.16089252433795656               
24      40             -0.16130752061514192               
30      35             -0.1616569147443946                
3       44             -0.16188755507342656               
12      21             -0.16199004676063478               
2       23             -0.16241745328296167               
31      43             -0.16272140655088435               
17      22             -0.16333023324067247               
26      44             -0.16390515411170217               
16      33             -0.16404110953601866               
12      30             -0.16508407612842843               
34      36             -0.16559026073023392               
7       33             -0.16634103136664447               
12      43             -0.16647330850833386               
5       33             -0.16661363825913617               
14      17             -0.16703661460092967               
2       14             -0.16753326306517763               
7       38             -0.16785794245724703               
7       27             -0.16805752008921                  
40      43             -0.16865307900352433               
18      23             -0.1687381142054506                
2       43             -0.16889092038493336               
7       23             -0.16890192632139162               
26      42             -0.17075130298473506               
9       42             -0.17165560517489534               
29      38             -0.17228648182901274               
35      37             -0.17300523606397678               
26      38             -0.17334422144685763               
23      38             -0.1736534235628449                
13      32             -0.17401001311984293               
3       21             -0.17514021971066812               
25      34             -0.1754809655883427                
9       18             -0.17560006575820084               
10      34             -0.17724279679162747               
29      37             -0.17729210337041007               
37      43             -0.17761545582984867               
16      27             -0.17798278814679838               
34      39             -0.17847845178949162               
9       20             -0.17920409980988655               
23      41             -0.17967846065871715               
22      35             -0.18012114813102537               
5       44             -0.18027172142105968               
25      32             -0.1819260036462141                
11      43             -0.18253658843094622               
7       36             -0.18280392892788178               
23      37             -0.18414565105926597               
41      44             -0.18523182830992696               
1       12             -0.18561720894862901               
9       38             -0.18571227765398918               
39      44             -0.18617194097349113               
18      42             -0.1865949778301431                
7       34             -0.18717190951508167               
29      43             -0.18735242412819386               
7       44             -0.18769667115855299               
17      28             -0.18770580554028923               
31      44             -0.1887678481175449                
19      27             -0.18879019751603895               
5       28             -0.18922738485451868               
5       23             -0.18923367925405088               
12      14             -0.19041482542351115               
30      42             -0.19072397509118214               
24      34             -0.19101345752839866               
3       17             -0.1912811656600905                
2       35             -0.1915712905023906                
12      32             -0.19175068975801882               
5       32             -0.1920010992650088                
8       27             -0.1921022355410047                
2       8              -0.1923683399676148                
2       36             -0.19298721540439545               
1       40             -0.1931188184525241                
12      13             -0.19358578916227065               
21      29             -0.19377673408911375               
27      40             -0.1939532601493177                
5       34             -0.19435714165905493               
18      40             -0.19471845937359697               
14      29             -0.1955005408280684                
12      18             -0.19551869272298295               
19      34             -0.19554431454328058               
8       9              -0.19584163214729142               
7       42             -0.19671169758050194               
31      38             -0.19712724507124474               
1       10             -0.19728736549221584               
19      32             -0.1982008723766113                
12      27             -0.19895821610312844               
5       27             -0.19904617959398038               
14      22             -0.19967783309188902               
7       13             -0.19993299306978368               
21      39             -0.20032205240957762               
33      39             -0.2013641751271789                
8       41             -0.2014212316371935                
16      34             -0.2016456182663493                
10      18             -0.20249737957677252               
21      35             -0.20249781529499616               
17      30             -0.20264671906290035               
28      40             -0.20270556819977814               
10      22             -0.20290998279917405               
12      22             -0.2030306442874521                
4       18             -0.20389050366344377               
26      34             -0.20403751031802486               
4       21             -0.2044481703002759                
10      21             -0.20518133127085483               
10      28             -0.20811381366264978               
14      34             -0.2089524563002697                
11      28             -0.21029072753037728               
1       28             -0.21029365008340337               
10      33             -0.21228796467529748               
23      40             -0.21233538256163315               
4       36             -0.2126513351252395                
21      40             -0.21312342973230658               
1       9              -0.2132463339378686                
23      36             -0.21440120185973663               
12      23             -0.21487201459823313               
11      32             -0.21552219287806446               
10      36             -0.21591958645565473               
22      40             -0.21621189635410737               
14      42             -0.21643639214427446               
10      27             -0.21717366934440321               
19      44             -0.2192999980313699                
2       27             -0.21944963316228605               
12      36             -0.22068191111140284               
11      44             -0.22104276958365549               
25      27             -0.2219401790215689                
17      44             -0.2235464265046524                
14      31             -0.22434610386875248               
35      41             -0.2259940531003065                
10      23             -0.22645257822878606               
9       44             -0.22693459824714002               
27      42             -0.22698701636744265               
3       36             -0.22717981841466528               
32      42             -0.2274187039116395                
32      41             -0.22762514672797984               
32      40             -0.2287765888460956                
27      41             -0.22944494778620733               
24      35             -0.2307906379939704                
16      44             -0.2309503852871056                
6       36             -0.2326359251522518                
17      27             -0.2391408436894608                
28      42             -0.23924792135421186               
8       40             -0.2411924890767406                
9       13             -0.24151052957133554               
15      43             -0.24217772484425745               
2       44             -0.24390763290502193               
13      40             -0.24504233529913735               
17      32             -0.24930716237847667               
35      38             -0.24937213845480435               
12      44             -0.2512895387032887                
1       14             -0.2519224871950538                
9       36             -0.2547790681097846                
4       27             -0.26426584546544446               
24      27             -0.26458181825196375               
15      33             -0.2672189973039562                
40      44             -0.2672652532994187                
5       35             -0.2834900089936855                
13      33             -0.28801507632205414               
19      35             -0.30380710902900326               
16      35             -0.31448181862281555               
10      32             -0.3149512240372977                
13      28             -0.31972937298211807               
