#======================================================================
# PARAMETERS USED FOR THIS COMPUTATION: 
#      Sequence type: RNA
#      Total number of sequences in alignment data: 2
#      Length of sequences in alignment data: 42
#      Effective number of sequences: 2.0
#      Value of sequence identity: 0.8
#      Value of relative pseudocount: 0.5
# The First and Second columns represent sites and the
# Third column is MFDCA Frobenius norm, average product corrected (APC) DCA score
#======================================================================
19      21             0.33834838070243334                
12      14             0.3383483807024331                 
32      34             0.3383483807024323                 
32      38             0.33834838070243217                
34      38             0.33834838070243206                
37      38             0.33834838070243195                
32      37             0.33834838070243195                
26      34             0.3383483807024319                 
26      37             0.3383483807024319                 
34      37             0.33834838070243184                
26      38             0.3383483807024318                 
26      32             0.33834838070243173                
3       12             0.3383483807024316                 
7       12             0.3383483807024313                 
3       5              0.3383483807024312                 
14      21             0.33834838070243095                
15      21             0.3383483807024309                 
15      19             0.3383483807024308                 
14      19             0.33834838070243073                
5       7              0.3383483807024306                 
5       12             0.3383483807024306                 
14      15             0.3383483807024305                 
3       7              0.3383483807024294                 
3       15             0.3383483807024293                 
3       19             0.3383483807024293                 
3       21             0.3383483807024293                 
5       32             0.33834838070242906                
5       15             0.33834838070242906                
5       21             0.33834838070242906                
7       15             0.33834838070242906                
3       34             0.338348380702429                  
5       34             0.338348380702429                  
5       37             0.338348380702429                  
5       38             0.338348380702429                  
3       37             0.3383483807024289                 
3       38             0.3383483807024289                 
7       34             0.3383483807024289                 
7       38             0.3383483807024289                 
3       26             0.33834838070242884                
5       26             0.33834838070242884                
3       32             0.33834838070242884                
7       32             0.33834838070242884                
5       19             0.33834838070242884                
7       19             0.33834838070242884                
7       21             0.33834838070242884                
7       37             0.3383483807024288                 
12      21             0.33834838070242873                
7       26             0.3383483807024286                 
12      32             0.3383483807024286                 
12      15             0.3383483807024286                 
12      19             0.3383483807024286                 
12      34             0.33834838070242856                
12      38             0.33834838070242845                
12      37             0.33834838070242834                
12      26             0.3383483807024282                 
15      32             0.338348380702428                  
21      32             0.338348380702428                  
15      34             0.3383483807024279                 
15      37             0.3383483807024279                 
15      38             0.3383483807024279                 
21      34             0.3383483807024279                 
21      38             0.3383483807024279                 
15      26             0.3383483807024278                 
21      37             0.3383483807024278                 
19      32             0.3383483807024278                 
14      37             0.3383483807024277                 
14      38             0.3383483807024277                 
19      34             0.3383483807024277                 
19      37             0.3383483807024277                 
19      38             0.3383483807024277                 
14      32             0.3383483807024276                 
14      34             0.33834838070242756                
21      26             0.33834838070242756                
14      26             0.3383483807024275                 
19      26             0.33834838070242745                
7       14             0.3383483807024267                 
5       14             0.3383483807024258                 
3       14             0.33834838070242457                
8       23             0.06275371929629978                
8       24             0.06275371929629975                
8       13             0.0627537192962987                 
20      22             0.0627537192962985                 
11      24             0.0627537192962983                 
11      23             0.06275371929629811                
6       24             0.06275371929629767                
6       23             0.06275371929629764                
18      22             0.06275371929629733                
11      13             0.0627537192962973                 
18      20             0.06275371929629725                
6       8              0.06275371929629708                
9       23             0.06275371929629694                
9       24             0.06275371929629692                
2       11             0.06275371929629672                
4       23             0.06275371929629656                
4       24             0.06275371929629653                
2       10             0.0627537192962965                 
8       11             0.0627537192962965                 
2       4              0.06275371929629647                
17      27             0.06275371929629642                
17      30             0.06275371929629639                
2       9              0.06275371929629633                
17      28             0.06275371929629633                
17      25             0.06275371929629625                
17      35             0.06275371929629622                
17      36             0.06275371929629622                
18      23             0.0627537192962962                 
17      33             0.0627537192962962                 
10      24             0.06275371929629617                
18      24             0.06275371929629617                
17      29             0.06275371929629617                
17      39             0.06275371929629617                
17      41             0.06275371929629617                
4       10             0.06275371929629614                
10      23             0.06275371929629614                
8       10             0.06275371929629614                
17      31             0.06275371929629614                
17      40             0.06275371929629611                
17      42             0.06275371929629611                
16      30             0.06275371929629608                
4       11             0.06275371929629606                
16      28             0.06275371929629603                
16      27             0.06275371929629603                
1       11             0.062753719296296                  
16      42             0.06275371929629597                
16      33             0.06275371929629595                
16      25             0.06275371929629595                
13      23             0.06275371929629592                
16      35             0.06275371929629592                
16      36             0.06275371929629592                
1       9              0.06275371929629589                
1       10             0.06275371929629586                
16      29             0.0627537192962958                 
16      39             0.0627537192962958                 
16      41             0.0627537192962958                 
16      40             0.0627537192962958                 
22      23             0.0627537192962958                 
13      24             0.06275371929629578                
6       13             0.06275371929629578                
16      31             0.06275371929629578                
22      24             0.06275371929629578                
13      30             0.06275371929629575                
10      25             0.0627537192962957                 
13      28             0.0627537192962957                 
13      27             0.0627537192962957                 
4       9              0.06275371929629567                
10      28             0.06275371929629567                
10      30             0.06275371929629567                
10      27             0.06275371929629567                
13      29             0.06275371929629564                
13      35             0.06275371929629564                
20      24             0.06275371929629564                
13      25             0.06275371929629561                
4       28             0.06275371929629561                
4       27             0.06275371929629561                
10      29             0.06275371929629558                
10      33             0.06275371929629558                
8       9              0.06275371929629556                
6       9              0.06275371929629556                
10      31             0.06275371929629556                
2       28             0.06275371929629556                
13      33             0.06275371929629556                
4       30             0.06275371929629556                
9       13             0.06275371929629553                
9       11             0.06275371929629553                
13      39             0.06275371929629553                
13      41             0.06275371929629553                
13      36             0.06275371929629553                
20      23             0.06275371929629553                
10      35             0.0627537192962955                 
10      36             0.0627537192962955                 
2       27             0.0627537192962955                 
10      39             0.06275371929629547                
10      41             0.06275371929629547                
13      40             0.06275371929629547                
13      42             0.06275371929629547                
4       31             0.06275371929629547                
18      27             0.06275371929629547                
2       24             0.06275371929629545                
10      42             0.06275371929629545                
13      31             0.06275371929629545                
2       25             0.06275371929629545                
16      22             0.06275371929629545                
2       23             0.06275371929629542                
4       33             0.06275371929629542                
4       25             0.06275371929629542                
18      35             0.06275371929629542                
18      36             0.06275371929629542                
18      40             0.06275371929629542                
18      28             0.06275371929629542                
18      30             0.06275371929629542                
16      20             0.06275371929629542                
2       30             0.06275371929629539                
4       29             0.06275371929629539                
4       35             0.06275371929629539                
18      25             0.06275371929629539                
2       29             0.06275371929629536                
2       36             0.06275371929629536                
2       42             0.06275371929629536                
18      39             0.06275371929629536                
2       33             0.06275371929629533                
10      40             0.06275371929629533                
4       36             0.06275371929629533                
4       40             0.06275371929629533                
18      33             0.06275371929629533                
9       10             0.06275371929629531                
1       4              0.06275371929629531                
2       41             0.06275371929629531                
2       40             0.06275371929629531                
18      41             0.06275371929629531                
18      42             0.06275371929629531                
2       31             0.06275371929629528                
4       39             0.06275371929629528                
4       41             0.06275371929629528                
1       2              0.06275371929629525                
2       35             0.06275371929629525                
6       11             0.06275371929629525                
18      29             0.06275371929629525                
1       28             0.06275371929629522                
1       30             0.06275371929629522                
1       27             0.06275371929629522                
4       42             0.06275371929629522                
18      31             0.06275371929629522                
1       33             0.0627537192962952                 
2       39             0.0627537192962952                 
1       25             0.0627537192962952                 
25      36             0.0627537192962952                 
27      30             0.0627537192962952                 
1       36             0.06275371929629517                
25      30             0.06275371929629517                
17      24             0.06275371929629514                
16      17             0.06275371929629514                
25      39             0.06275371929629514                
25      35             0.06275371929629514                
27      36             0.06275371929629514                
27      28             0.06275371929629514                
1       29             0.06275371929629511                
23      30             0.06275371929629511                
30      39             0.06275371929629511                
25      33             0.06275371929629511                
25      27             0.06275371929629511                
1       31             0.06275371929629509                
25      41             0.06275371929629509                
25      40             0.06275371929629509                
25      42             0.06275371929629509                
27      35             0.06275371929629509                
27      40             0.06275371929629509                
28      30             0.06275371929629509                
1       39             0.06275371929629506                
1       35             0.06275371929629506                
6       10             0.06275371929629506                
17      23             0.06275371929629506                
16      18             0.06275371929629506                
23      35             0.06275371929629506                
25      31             0.06275371929629506                
28      39             0.06275371929629506                
29      30             0.06275371929629506                
25      28             0.06275371929629506                
27      33             0.06275371929629506                
11      25             0.06275371929629503                
27      29             0.06275371929629503                
27      31             0.06275371929629503                
27      39             0.06275371929629503                
27      41             0.06275371929629503                
27      42             0.06275371929629503                
28      33             0.06275371929629503                
30      33             0.06275371929629503                
1       41             0.062753719296295                  
1       40             0.062753719296295                  
1       42             0.062753719296295                  
23      39             0.062753719296295                  
24      35             0.062753719296295                  
23      36             0.062753719296295                  
29      36             0.062753719296295                  
28      35             0.062753719296295                  
28      36             0.062753719296295                  
28      42             0.062753719296295                  
30      35             0.062753719296295                  
30      42             0.062753719296295                  
11      27             0.06275371929629497                
29      33             0.06275371929629497                
23      25             0.06275371929629497                
25      29             0.06275371929629497                
30      31             0.06275371929629497                
11      30             0.06275371929629495                
29      39             0.06275371929629495                
36      39             0.06275371929629495                
24      30             0.06275371929629495                
35      36             0.06275371929629495                
23      28             0.06275371929629495                
28      29             0.06275371929629495                
28      41             0.06275371929629495                
30      41             0.06275371929629495                
23      27             0.06275371929629495                
28      40             0.06275371929629495                
30      36             0.06275371929629495                
30      40             0.06275371929629495                
6       27             0.06275371929629495                
2       8              0.06275371929629492                
23      31             0.06275371929629492                
24      39             0.06275371929629492                
23      33             0.06275371929629492                
28      31             0.06275371929629492                
33      35             0.06275371929629492                
33      36             0.06275371929629492                
11      29             0.06275371929629489                
4       8              0.06275371929629489                
23      41             0.06275371929629489                
24      36             0.06275371929629489                
24      42             0.06275371929629489                
29      41             0.06275371929629489                
23      42             0.06275371929629489                
29      35             0.06275371929629489                
29      40             0.06275371929629489                
29      42             0.06275371929629489                
35      39             0.06275371929629489                
24      28             0.06275371929629489                
24      27             0.06275371929629489                
6       28             0.06275371929629489                
6       30             0.06275371929629489                
10      22             0.06275371929629486                
11      33             0.06275371929629486                
24      41             0.06275371929629486                
29      31             0.06275371929629486                
31      39             0.06275371929629486                
24      25             0.06275371929629486                
33      41             0.06275371929629486                
33      40             0.06275371929629486                
33      42             0.06275371929629486                
10      20             0.06275371929629484                
11      36             0.06275371929629484                
11      40             0.06275371929629484                
11      28             0.06275371929629484                
24      31             0.06275371929629484                
23      29             0.06275371929629484                
24      40             0.06275371929629484                
31      35             0.06275371929629484                
31      36             0.06275371929629484                
39      41             0.06275371929629484                
23      40             0.06275371929629484                
39      42             0.06275371929629484                
41      42             0.06275371929629484                
36      40             0.06275371929629484                
36      42             0.06275371929629484                
40      42             0.06275371929629484                
11      31             0.06275371929629481                
31      41             0.06275371929629481                
24      33             0.06275371929629481                
31      33             0.06275371929629481                
33      39             0.06275371929629481                
6       40             0.06275371929629481                
6       42             0.06275371929629481                
20      28             0.06275371929629481                
20      30             0.06275371929629481                
20      27             0.06275371929629481                
11      35             0.06275371929629478                
11      42             0.06275371929629478                
31      40             0.06275371929629478                
31      42             0.06275371929629478                
35      41             0.06275371929629478                
36      41             0.06275371929629478                
39      40             0.06275371929629478                
40      41             0.06275371929629478                
35      42             0.06275371929629478                
6       33             0.06275371929629478                
6       25             0.06275371929629478                
22      27             0.06275371929629478                
24      29             0.06275371929629475                
6       29             0.06275371929629475                
6       41             0.06275371929629475                
6       35             0.06275371929629475                
6       36             0.06275371929629475                
20      35             0.06275371929629475                
11      39             0.06275371929629472                
11      41             0.06275371929629472                
16      24             0.06275371929629472                
6       31             0.06275371929629472                
35      40             0.06275371929629472                
20      25             0.06275371929629472                
1       24             0.0627537192962947                 
13      20             0.0627537192962947                 
20      36             0.0627537192962947                 
2       22             0.06275371929629467                
13      22             0.06275371929629467                
20      33             0.06275371929629467                
22      28             0.06275371929629467                
22      30             0.06275371929629467                
4       13             0.06275371929629464                
16      23             0.06275371929629464                
6       39             0.06275371929629464                
20      31             0.06275371929629464                
20      41             0.06275371929629464                
20      42             0.06275371929629464                
2       16             0.06275371929629461                
13      16             0.06275371929629461                
4       20             0.06275371929629461                
22      25             0.06275371929629461                
10      13             0.06275371929629459                
17      22             0.06275371929629459                
17      20             0.06275371929629459                
22      29             0.06275371929629459                
20      29             0.06275371929629459                
20      39             0.06275371929629459                
22      35             0.06275371929629459                
20      40             0.06275371929629459                
10      18             0.06275371929629456                
22      31             0.06275371929629456                
10      17             0.06275371929629453                
17      18             0.06275371929629453                
22      36             0.06275371929629453                
1       23             0.0627537192962945                 
1       20             0.0627537192962945                 
2       17             0.06275371929629447                
1       22             0.06275371929629447                
11      22             0.06275371929629447                
22      42             0.06275371929629447                
2       20             0.06275371929629445                
22      33             0.06275371929629445                
1       6              0.06275371929629442                
4       22             0.06275371929629442                
22      39             0.06275371929629442                
22      41             0.06275371929629442                
22      40             0.06275371929629442                
9       35             0.06275371929629439                
9       25             0.06275371929629439                
11      16             0.06275371929629436                
11      20             0.06275371929629436                
9       36             0.06275371929629434                
4       18             0.06275371929629434                
9       30             0.06275371929629431                
1       16             0.06275371929629431                
9       27             0.06275371929629431                
13      18             0.06275371929629431                
9       40             0.06275371929629428                
8       30             0.06275371929629428                
8       27             0.06275371929629428                
9       28             0.06275371929629425                
10      16             0.06275371929629425                
1       17             0.06275371929629422                
9       29             0.06275371929629422                
9       39             0.06275371929629422                
2       18             0.06275371929629422                
9       42             0.06275371929629422                
1       18             0.0627537192962942                 
9       31             0.0627537192962942                 
9       33             0.0627537192962942                 
4       17             0.0627537192962942                 
9       41             0.06275371929629417                
8       35             0.06275371929629417                
13      17             0.06275371929629414                
4       6              0.06275371929629414                
8       33             0.06275371929629414                
8       29             0.06275371929629411                
8       39             0.06275371929629411                
8       28             0.06275371929629411                
8       31             0.06275371929629409                
8       25             0.06275371929629409                
8       41             0.06275371929629406                
8       36             0.06275371929629406                
8       40             0.06275371929629406                
8       42             0.06275371929629406                
11      18             0.06275371929629403                
6       20             0.06275371929629395                
6       22             0.06275371929629389                
11      17             0.06275371929629384                
2       13             0.06275371929629378                
4       16             0.06275371929629375                
6       18             0.06275371929629373                
6       17             0.0627537192962937                 
1       8              0.06275371929629367                
6       16             0.06275371929629361                
9       22             0.06275371929629356                
9       20             0.06275371929629353                
1       13             0.06275371929629336                
8       16             0.06275371929629331                
8       22             0.06275371929629331                
9       18             0.06275371929629325                
9       16             0.06275371929629325                
8       20             0.06275371929629323                
8       17             0.06275371929629317                
9       17             0.06275371929629311                
10      11             0.06275371929629306                
8       18             0.06275371929629292                
23      24             0.06275371929629259                
2       6              0.0627537192962925                 
1       14             -0.13717764884438535               
8       14             -0.1371776488443854                
22      32             -0.13717764884438546               
22      34             -0.1371776488443855                
22      38             -0.1371776488443855                
22      37             -0.13717764884438552               
6       14             -0.13717764884438555               
22      26             -0.13717764884438557               
4       14             -0.13717764884438574               
1       7              -0.13717764884438588               
20      37             -0.13717764884438588               
20      32             -0.13717764884438588               
8       12             -0.13717764884438594               
20      34             -0.13717764884438594               
20      38             -0.13717764884438594               
6       34             -0.13717764884438605               
6       32             -0.13717764884438605               
6       38             -0.13717764884438607               
20      26             -0.13717764884438607               
6       37             -0.1371776488443861                
2       14             -0.13717764884438613               
6       7              -0.13717764884438613               
3       11             -0.13717764884438616               
1       3              -0.13717764884438619               
4       7              -0.13717764884438619               
6       26             -0.13717764884438619               
8       32             -0.1371776488443862                
21      28             -0.1371776488443862                
21      30             -0.1371776488443862                
21      27             -0.1371776488443862                
21      25             -0.13717764884438624               
8       34             -0.13717764884438627               
3       27             -0.13717764884438627               
6       19             -0.13717764884438627               
6       21             -0.13717764884438627               
8       37             -0.1371776488443863                
8       38             -0.1371776488443863                
3       28             -0.13717764884438632               
8       15             -0.13717764884438632               
3       8              -0.13717764884438635               
8       26             -0.13717764884438635               
3       30             -0.13717764884438635               
21      35             -0.13717764884438635               
21      33             -0.13717764884438635               
21      29             -0.13717764884438638               
21      36             -0.13717764884438638               
19      30             -0.13717764884438638               
19      27             -0.13717764884438638               
2       7              -0.1371776488443864                
18      32             -0.1371776488443864                
5       27             -0.1371776488443864                
32      33             -0.1371776488443864                
21      40             -0.1371776488443864                
21      42             -0.1371776488443864                
19      28             -0.1371776488443864                
18      37             -0.13717764884438644               
18      38             -0.13717764884438644               
3       35             -0.13717764884438644               
3       25             -0.13717764884438644               
26      27             -0.13717764884438644               
21      41             -0.13717764884438644               
18      34             -0.13717764884438646               
21      39             -0.13717764884438646               
8       19             -0.13717764884438646               
19      25             -0.13717764884438646               
3       23             -0.1371776488443865                
3       33             -0.1371776488443865                
3       36             -0.1371776488443865                
3       40             -0.1371776488443865                
5       28             -0.1371776488443865                
34      36             -0.1371776488443865                
32      35             -0.1371776488443865                
32      36             -0.1371776488443865                
21      31             -0.1371776488443865                
8       21             -0.1371776488443865                
9       32             -0.13717764884438652               
3       24             -0.13717764884438652               
5       25             -0.13717764884438652               
5       30             -0.13717764884438652               
32      41             -0.13717764884438652               
34      35             -0.13717764884438652               
32      40             -0.13717764884438652               
32      42             -0.13717764884438652               
6       15             -0.13717764884438652               
9       34             -0.13717764884438655               
3       42             -0.13717764884438655               
26      28             -0.13717764884438655               
32      39             -0.13717764884438655               
34      42             -0.13717764884438655               
19      33             -0.13717764884438655               
9       38             -0.13717764884438657               
7       11             -0.13717764884438657               
18      26             -0.13717764884438657               
3       29             -0.13717764884438657               
3       31             -0.13717764884438657               
3       41             -0.13717764884438657               
34      39             -0.13717764884438657               
34      41             -0.13717764884438657               
26      30             -0.13717764884438657               
34      40             -0.13717764884438657               
9       37             -0.1371776488443866                
3       39             -0.1371776488443866                
17      32             -0.1371776488443866                
5       35             -0.1371776488443866                
19      29             -0.1371776488443866                
19      35             -0.1371776488443866                
19      36             -0.1371776488443866                
19      40             -0.1371776488443866                
19      42             -0.1371776488443866                
5       11             -0.13717764884438663               
5       36             -0.13717764884438663               
26      36             -0.13717764884438663               
7       27             -0.13717764884438663               
19      41             -0.13717764884438663               
14      28             -0.13717764884438663               
14      27             -0.13717764884438663               
15      20             -0.13717764884438663               
15      27             -0.13717764884438663               
9       26             -0.13717764884438666               
5       33             -0.13717764884438666               
5       40             -0.13717764884438666               
5       42             -0.13717764884438666               
26      33             -0.13717764884438666               
26      35             -0.13717764884438666               
26      42             -0.13717764884438666               
19      31             -0.13717764884438666               
19      39             -0.13717764884438666               
15      28             -0.13717764884438666               
15      30             -0.13717764884438666               
17      34             -0.13717764884438668               
17      38             -0.13717764884438668               
6       12             -0.13717764884438668               
14      30             -0.13717764884438668               
16      19             -0.13717764884438668               
9       15             -0.1371776488443867                
4       32             -0.1371776488443867                
5       29             -0.1371776488443867                
5       31             -0.1371776488443867                
17      37             -0.1371776488443867                
26      31             -0.1371776488443867                
26      40             -0.1371776488443867                
15      22             -0.1371776488443867                
15      25             -0.1371776488443867                
2       3              -0.13717764884438674               
3       10             -0.13717764884438674               
3       4              -0.13717764884438674               
5       39             -0.13717764884438674               
5       41             -0.13717764884438674               
26      29             -0.13717764884438674               
26      41             -0.13717764884438674               
7       25             -0.13717764884438674               
7       30             -0.13717764884438674               
9       21             -0.13717764884438677               
4       34             -0.13717764884438677               
4       37             -0.13717764884438677               
4       38             -0.13717764884438677               
26      39             -0.13717764884438677               
7       28             -0.13717764884438677               
12      27             -0.13717764884438677               
16      32             -0.13717764884438677               
14      33             -0.13717764884438677               
14      25             -0.13717764884438677               
15      33             -0.13717764884438677               
16      21             -0.13717764884438677               
14      20             -0.13717764884438677               
9       14             -0.1371776488443868                
5       10             -0.1371776488443868                
9       19             -0.1371776488443868                
15      36             -0.1371776488443868                
15      16             -0.1371776488443868                
17      26             -0.13717764884438682               
7       33             -0.13717764884438682               
12      28             -0.13717764884438682               
16      34             -0.13717764884438682               
16      37             -0.13717764884438682               
16      38             -0.13717764884438682               
15      29             -0.13717764884438682               
15      35             -0.13717764884438682               
15      40             -0.13717764884438682               
7       36             -0.13717764884438685               
7       42             -0.13717764884438685               
14      29             -0.13717764884438685               
14      35             -0.13717764884438685               
14      36             -0.13717764884438685               
14      42             -0.13717764884438685               
15      31             -0.13717764884438685               
15      41             -0.13717764884438685               
15      42             -0.13717764884438685               
4       26             -0.13717764884438688               
11      14             -0.13717764884438688               
7       35             -0.13717764884438688               
7       40             -0.13717764884438688               
3       22             -0.13717764884438688               
12      25             -0.13717764884438688               
12      30             -0.13717764884438688               
14      41             -0.13717764884438688               
3       20             -0.13717764884438688               
5       20             -0.13717764884438688               
14      40             -0.13717764884438688               
15      39             -0.13717764884438688               
14      22             -0.13717764884438688               
11      15             -0.1371776488443869                
3       6              -0.1371776488443869                
14      31             -0.1371776488443869                
37      42             -0.1371776488443869                
14      39             -0.1371776488443869                
20      21             -0.1371776488443869                
2       5              -0.13717764884438693               
7       10             -0.13717764884438693               
7       41             -0.13717764884438693               
4       19             -0.13717764884438693               
4       21             -0.13717764884438693               
12      35             -0.13717764884438693               
9       12             -0.13717764884438696               
4       5              -0.13717764884438696               
7       29             -0.13717764884438696               
7       31             -0.13717764884438696               
12      36             -0.13717764884438696               
16      26             -0.13717764884438696               
37      39             -0.13717764884438696               
37      41             -0.13717764884438696               
5       22             -0.13717764884438696               
37      40             -0.13717764884438696               
1       5              -0.137177648844387                 
7       39             -0.137177648844387                 
12      33             -0.137177648844387                 
12      42             -0.137177648844387                 
5       9              -0.13717764884438702               
1       32             -0.13717764884438702               
11      32             -0.13717764884438702               
12      31             -0.13717764884438702               
3       16             -0.13717764884438702               
12      40             -0.13717764884438702               
7       9              -0.13717764884438705               
10      32             -0.13717764884438705               
11      38             -0.13717764884438705               
12      41             -0.13717764884438705               
1       34             -0.13717764884438707               
1       38             -0.13717764884438707               
11      12             -0.13717764884438707               
11      34             -0.13717764884438707               
4       15             -0.13717764884438707               
15      17             -0.13717764884438707               
1       37             -0.1371776488443871                
10      34             -0.1371776488443871                
11      37             -0.1371776488443871                
12      29             -0.1371776488443871                
12      39             -0.1371776488443871                
17      19             -0.1371776488443871                
7       20             -0.1371776488443871                
10      38             -0.13717764884438713               
11      19             -0.13717764884438713               
7       22             -0.13717764884438713               
17      21             -0.13717764884438713               
3       9              -0.13717764884438716               
10      26             -0.13717764884438716               
10      37             -0.13717764884438716               
11      26             -0.13717764884438716               
13      32             -0.13717764884438716               
15      18             -0.13717764884438716               
1       12             -0.13717764884438718               
4       12             -0.13717764884438718               
11      21             -0.13717764884438718               
38      41             -0.13717764884438718               
38      40             -0.13717764884438718               
38      42             -0.13717764884438718               
14      16             -0.13717764884438718               
1       26             -0.1371776488443872                
7       16             -0.1371776488443872                
38      39             -0.1371776488443872                
13      34             -0.13717764884438724               
3       17             -0.13717764884438724               
1       15             -0.13717764884438727               
13      38             -0.13717764884438727               
10      21             -0.13717764884438727               
19      20             -0.13717764884438727               
1       19             -0.1371776488443873                
1       21             -0.1371776488443873                
13      37             -0.1371776488443873                
10      19             -0.1371776488443873                
5       18             -0.1371776488443873                
14      17             -0.1371776488443873                
14      18             -0.13717764884438732               
12      22             -0.13717764884438732               
12      20             -0.13717764884438732               
13      26             -0.13717764884438735               
13      15             -0.13717764884438735               
3       18             -0.13717764884438735               
5       16             -0.13717764884438735               
19      22             -0.13717764884438735               
13      19             -0.13717764884438738               
5       17             -0.13717764884438738               
13      21             -0.1371776488443874                
12      23             -0.1371776488443874                
15      23             -0.1371776488443874                
10      15             -0.13717764884438746               
7       24             -0.13717764884438746               
7       23             -0.1371776488443875                
12      24             -0.1371776488443875                
12      16             -0.1371776488443875                
15      24             -0.1371776488443875                
21      22             -0.1371776488443875                
7       18             -0.13717764884438752               
7       17             -0.13717764884438752               
14      23             -0.13717764884438752               
5       23             -0.13717764884438757               
5       24             -0.13717764884438757               
14      24             -0.13717764884438757               
2       32             -0.1371776488443876                
2       12             -0.13717764884438763               
2       34             -0.13717764884438763               
2       38             -0.13717764884438766               
12      18             -0.13717764884438768               
2       37             -0.1371776488443877                
2       26             -0.13717764884438777               
3       13             -0.13717764884438777               
12      17             -0.13717764884438777               
13      14             -0.1371776488443878                
28      32             -0.1371776488443878                
27      32             -0.1371776488443878                
5       6              -0.13717764884438782               
28      38             -0.13717764884438782               
27      34             -0.13717764884438782               
27      38             -0.13717764884438782               
30      32             -0.13717764884438782               
2       21             -0.13717764884438785               
7       8              -0.13717764884438785               
28      34             -0.13717764884438785               
28      37             -0.13717764884438785               
30      34             -0.13717764884438785               
30      38             -0.13717764884438785               
27      37             -0.13717764884438785               
2       19             -0.13717764884438788               
18      21             -0.13717764884438788               
2       15             -0.1371776488443879                
18      19             -0.1371776488443879                
25      32             -0.1371776488443879                
30      37             -0.1371776488443879                
33      34             -0.13717764884438793               
33      37             -0.13717764884438793               
21      24             -0.13717764884438793               
25      34             -0.13717764884438793               
25      37             -0.13717764884438793               
25      38             -0.13717764884438793               
21      23             -0.13717764884438793               
10      14             -0.13717764884438796               
36      38             -0.13717764884438796               
33      38             -0.13717764884438796               
25      26             -0.137177648844388                 
35      37             -0.137177648844388                 
35      38             -0.137177648844388                 
36      37             -0.137177648844388                 
19      24             -0.137177648844388                 
19      23             -0.137177648844388                 
5       8              -0.13717764884438802               
29      38             -0.13717764884438802               
29      32             -0.13717764884438802               
31      34             -0.13717764884438804               
31      38             -0.13717764884438804               
29      34             -0.13717764884438804               
29      37             -0.13717764884438804               
31      32             -0.13717764884438804               
31      37             -0.1371776488443881                
23      32             -0.1371776488443881                
23      34             -0.13717764884438813               
23      37             -0.13717764884438813               
23      38             -0.13717764884438813               
24      32             -0.13717764884438816               
10      12             -0.13717764884438818               
23      26             -0.13717764884438818               
24      34             -0.1371776488443882                
24      37             -0.1371776488443882                
24      38             -0.1371776488443882                
24      26             -0.1371776488443883                
7       13             -0.1371776488443885                
12      13             -0.1371776488443886                
5       13             -0.1371776488443887                
