#======================================================================
# PARAMETERS USED FOR THIS COMPUTATION: 
#      Sequence type: RNA
#      Total number of sequences in alignment data: 4
#      Length of sequences in alignment data: 38
#      Effective number of sequences: 4.0
#      Value of sequence identity: 0.8
#      Value of relative pseudocount: 0.5
# The First and Second columns represent sites and the
# Third column is MFDCA Frobenius norm, average product corrected (APC) DCA score
#======================================================================
4       35             1.0598013843903042                 
1       38             0.9413293712879479                 
29      34             0.8522989880227839                 
7       34             0.8522989880227803                 
7       29             0.85229898802278                   
11      33             0.7465029875276916                 
22      33             0.7465029875276915                 
6       33             0.7465029875276907                 
6       11             0.7465029875276892                 
6       22             0.7465029875276885                 
11      22             0.7465029875276878                 
7       24             0.7361535839110442                 
24      34             0.7361535839110424                 
24      29             0.7361535839110422                 
32      38             0.6984566597231555                 
1       32             0.6984566597231554                 
27      36             0.5438410543986052                 
3       36             0.5438410543986023                 
3       27             0.5438410543986022                 
32      33             0.5191325880648764                 
22      32             0.5191325880648758                 
11      32             0.5191325880648754                 
6       32             0.5191325880648745                 
5       34             0.5118438284671907                 
5       29             0.5118438284671903                 
5       7              0.5118438284671898                 
18      24             0.4536003178058161                 
4       7              0.43484936547037223                
29      35             0.4348493654703718                 
34      35             0.4348493654703717                 
4       34             0.4348493654703709                 
4       29             0.4348493654703709                 
7       35             0.4348493654703708                 
5       24             0.3887071961999201                 
4       18             0.3880618334109968                 
18      35             0.3880618334109967                 
17      36             0.3267680021930962                 
17      27             0.326768002193096                  
15      36             0.32676800219309504                
15      27             0.32676800219309493                
3       15             0.32676800219309415                
3       16             0.32676800219309404                
3       17             0.32676800219309404                
16      36             0.32676800219309393                
16      27             0.32676800219309377                
1       33             0.32209985252132756                
1       6              0.32209985252132733                
6       38             0.3220998525213271                 
1       11             0.32209985252132667                
1       22             0.32209985252132645                
11      38             0.3220998525213261                 
22      38             0.32209985252132545                
33      38             0.3220998525213248                 
27      32             0.321403292417771                  
32      36             0.32140329241777055                
3       32             0.3214032924177701                 
1       18             0.31790441934554353                
18      38             0.3179044193455428                 
15      17             0.2610420370389082                 
16      17             0.2610420370389081                 
15      16             0.2610420370389075                 
18      32             0.23507769133416606                
18      34             0.23148386463085302                
18      29             0.23148386463085296                
7       18             0.23148386463085274                
4       24             0.22460309841550175                
24      35             0.22460309841550063                
6       24             0.16894947626538837                
11      24             0.1689494762653876                 
24      33             0.16894947626538626                
22      24             0.16894947626538553                
5       35             0.16002102736253915                
4       5              0.16002102736253804                
6       18             0.15282307565665137                
18      22             0.1528230756566512                 
18      33             0.15282307565665104                
11      18             0.1528230756566506                 
20      37             0.12965375295057324                
20      25             0.12965375295057316                
20      26             0.12965375295057316                
20      23             0.12965375295057308                
20      30             0.129653752950573                  
20      31             0.129653752950573                  
20      28             0.129653752950573                  
12      37             0.12965375295057274                
2       21             0.1296537529505727                 
12      25             0.12965375295057255                
12      23             0.12965375295057252                
12      26             0.12965375295057244                
12      28             0.12965375295057244                
19      37             0.1296537529505724                 
12      30             0.1296537529505724                 
12      31             0.1296537529505724                 
13      37             0.12965375295057233                
19      31             0.12965375295057227                
19      26             0.12965375295057227                
19      25             0.12965375295057222                
19      28             0.12965375295057222                
19      23             0.1296537529505722                 
19      30             0.12965375295057216                
14      37             0.12965375295057208                
13      25             0.12965375295057208                
13      26             0.12965375295057208                
13      23             0.12965375295057205                
13      30             0.12965375295057202                
13      28             0.12965375295057202                
14      23             0.12965375295057197                
14      26             0.12965375295057194                
13      31             0.12965375295057185                
14      25             0.12965375295057183                
14      28             0.12965375295057177                
14      30             0.12965375295057172                
14      31             0.12965375295057172                
8       21             0.12965375295057138                
9       37             0.1296537529505709                 
9       31             0.12965375295057074                
9       26             0.12965375295057074                
9       30             0.1296537529505707                 
9       25             0.1296537529505707                 
9       23             0.12965375295057066                
9       28             0.12965375295057063                
10      37             0.1296537529505705                 
2       37             0.12965375295057036                
10      25             0.12965375295057033                
10      26             0.12965375295057033                
10      23             0.1296537529505703                 
10      30             0.12965375295057027                
10      28             0.12965375295057027                
10      31             0.12965375295057022                
2       23             0.1296537529505702                 
2       25             0.1296537529505701                 
2       26             0.1296537529505701                 
2       30             0.12965375295057008                
2       31             0.12965375295057008                
9       21             0.12965375295057008                
2       28             0.12965375295057005                
10      21             0.12965375295057                   
2       12             0.1296537529505694                 
8       37             0.12965375295056936                
8       26             0.12965375295056927                
9       19             0.12965375295056925                
8       23             0.12965375295056925                
8       30             0.12965375295056922                
8       31             0.12965375295056922                
8       25             0.12965375295056922                
8       28             0.12965375295056916                
9       13             0.12965375295056916                
9       20             0.12965375295056908                
9       14             0.12965375295056897                
10      13             0.12965375295056883                
10      19             0.12965375295056872                
10      20             0.12965375295056872                
2       13             0.12965375295056866                
10      14             0.12965375295056855                
2       14             0.12965375295056847                
8       9              0.12965375295056847                
9       10             0.12965375295056847                
8       10             0.12965375295056839                
2       8              0.12965375295056836                
2       19             0.1296537529505683                 
2       20             0.12965375295056825                
8       14             0.12965375295056783                
8       12             0.1296537529505678                 
8       19             0.12965375295056775                
8       13             0.12965375295056766                
8       20             0.12965375295056752                
13      21             0.1296537529505672                 
2       10             0.1296537529505671                 
12      21             0.12965375295056691                
2       9              0.1296537529505666                 
10      12             0.12965375295056653                
9       12             0.1296537529505665                 
12      13             0.12965375295056583                
12      14             0.1296537529505658                 
21      37             0.12965375295056578                
14      20             0.12965375295056575                
14      21             0.12965375295056572                
13      14             0.1296537529505657                 
14      19             0.12965375295056553                
21      26             0.1296537529505655                 
19      20             0.12965375295056547                
13      20             0.12965375295056544                
21      31             0.12965375295056544                
21      25             0.12965375295056544                
21      30             0.1296537529505654                 
21      28             0.12965375295056533                
21      23             0.1296537529505653                 
13      19             0.12965375295056528                
12      20             0.12965375295056514                
12      19             0.12965375295056503                
23      37             0.12965375295056503                
25      37             0.129653752950565                  
26      37             0.129653752950565                  
28      37             0.129653752950565                  
25      26             0.1296537529505649                 
31      37             0.1296537529505649                 
30      37             0.12965375295056483                
26      28             0.12965375295056478                
23      25             0.12965375295056478                
23      26             0.12965375295056478                
23      28             0.12965375295056472                
30      31             0.1296537529505647                 
25      30             0.12965375295056467                
26      30             0.12965375295056467                
23      30             0.12965375295056467                
25      31             0.1296537529505646                 
26      31             0.1296537529505646                 
28      30             0.1296537529505646                 
28      31             0.1296537529505646                 
23      31             0.1296537529505646                 
25      28             0.1296537529505646                 
20      21             0.12965375295056428                
19      21             0.12965375295056394                
15      32             0.12962646457122917                
17      32             0.129626464571229                  
16      32             0.12962646457122823                
3       4              0.12937979132425603                
4       36             0.1293797913242546                 
3       35             0.12937979132425415                
4       27             0.12937979132425415                
27      35             0.1293797913242537                 
35      36             0.12937979132425304                
3       38             0.12065578855188919                
36      38             0.12065578855188874                
1       36             0.1206557885518883                 
1       27             0.12065578855188797                
27      38             0.12065578855188785                
1       3              0.12065578855188774                
5       18             0.1069657886216662                 
24      32             0.036946547390808826               
16      37             -0.00202682105976143               
16      25             -0.002026821059761569              
16      23             -0.0020268210597615965             
16      26             -0.0020268210597616243             
16      30             -0.002026821059761652              
16      31             -0.002026821059761652              
16      28             -0.002026821059761652              
15      37             -0.002026821059762346              
15      25             -0.002026821059762457              
15      26             -0.0020268210597624847             
15      31             -0.0020268210597625125             
15      23             -0.0020268210597625125             
15      30             -0.0020268210597625402             
15      28             -0.002026821059762568              
17      37             -0.002026821059762568              
17      25             -0.002026821059762679              
17      23             -0.0020268210597627345             
17      28             -0.0020268210597627623             
17      30             -0.00202682105976279               
17      31             -0.00202682105976279               
17      26             -0.00202682105976279               
15      21             -0.002026821059762818              
2       15             -0.0020268210597630676             
2       17             -0.0020268210597632064             
2       16             -0.002026821059763373              
17      19             -0.0020268210597634284             
8       17             -0.0020268210597634284             
17      20             -0.0020268210597635117             
8       15             -0.002026821059763678              
15      19             -0.002026821059763706              
10      17             -0.0020268210597637337             
8       16             -0.0020268210597637615             
10      15             -0.0020268210597637615             
15      20             -0.0020268210597637892             
16      19             -0.0020268210597640113             
10      16             -0.0020268210597640945             
16      20             -0.0020268210597641223             
9       17             -0.00202682105976415               
9       15             -0.002026821059764261              
17      21             -0.002026821059764289              
14      15             -0.002026821059764483              
14      17             -0.002026821059764483              
9       16             -0.002026821059764483              
13      17             -0.002026821059764594              
13      16             -0.002026821059764705              
13      15             -0.002026821059764705              
14      16             -0.002026821059764816              
12      15             -0.002026821059764816              
12      17             -0.002026821059764927              
12      16             -0.0020268210597649827             
16      21             -0.0020268210597649827             
5       21             -0.0037030500177830106             
5       37             -0.003703050017785592              
5       25             -0.0037030500177857306             
5       26             -0.003703050017785786              
5       28             -0.003703050017785786              
5       23             -0.003703050017785786              
5       30             -0.0037030500177858694             
5       31             -0.0037030500177858694             
5       12             -0.0037030500177859527             
5       13             -0.003703050017787063              
5       14             -0.003703050017787174              
5       8              -0.0037030500177873404             
5       19             -0.0037030500177874792             
5       20             -0.0037030500177875347             
5       9              -0.0037030500177881454             
5       10             -0.003703050017788201              
2       5              -0.0037030500177889503             
24      36             -0.011274220883725872              
24      27             -0.011274220883726205              
3       24             -0.011274220883726815              
16      35             -0.015491987738433466              
15      35             -0.015491987738433466              
17      35             -0.015491987738433521              
4       17             -0.015491987738433854              
4       16             -0.015491987738434077              
4       15             -0.015491987738434188              
1       15             -0.019276143386193545              
1       17             -0.01927614338619371               
1       16             -0.019276143386193823              
15      38             -0.019276143386195432              
16      38             -0.01927614338619582               
17      38             -0.019276143386195876              
4       32             -0.02054361817504713               
32      35             -0.02054361817504824               
22      35             -0.035647696097499626              
33      35             -0.03564769609750007               
4       6              -0.03564769609750096               
4       22             -0.03564769609750096               
4       11             -0.03564769609750129               
11      35             -0.03564769609750218               
4       33             -0.0356476960975024                
6       35             -0.035647696097503456              
34      38             -0.04249643442876416               
29      38             -0.04249643442876422               
1       7              -0.04249643442876477               
1       34             -0.04249643442876505               
1       29             -0.04249643442876505               
7       38             -0.04249643442876522               
5       38             -0.04914375405678423               
1       5              -0.049143754056785505              
18      36             -0.0797683598968939                
18      27             -0.07976835989689424               
3       18             -0.07976835989689438               
17      18             -0.08022249651313376               
16      18             -0.08022249651313379               
15      18             -0.08022249651313382               
3       21             -0.09071082569869376               
3       37             -0.09071082569869593               
3       23             -0.09071082569869596               
3       28             -0.09071082569869604               
3       26             -0.09071082569869607               
3       25             -0.0907108256986961                
3       31             -0.09071082569869612               
3       30             -0.09071082569869618               
3       8              -0.09071082569869646               
2       36             -0.09071082569869646               
2       27             -0.09071082569869668               
21      36             -0.0907108256986967                
10      36             -0.09071082569869673               
3       12             -0.09071082569869676               
8       36             -0.09071082569869685               
21      27             -0.09071082569869685               
10      27             -0.0907108256986969                
8       27             -0.0907108256986971                
27      37             -0.09071082569869723               
9       36             -0.09071082569869732               
19      36             -0.09071082569869737               
27      28             -0.09071082569869743               
27      30             -0.09071082569869748               
19      27             -0.09071082569869751               
9       27             -0.09071082569869751               
12      36             -0.09071082569869754               
27      31             -0.09071082569869754               
3       14             -0.09071082569869757               
23      36             -0.0907108256986976                
25      36             -0.09071082569869762               
14      36             -0.09071082569869765               
26      36             -0.09071082569869765               
31      36             -0.09071082569869768               
30      36             -0.0907108256986977                
36      37             -0.0907108256986977                
28      36             -0.09071082569869773               
12      27             -0.09071082569869779               
25      27             -0.09071082569869779               
26      27             -0.09071082569869779               
3       13             -0.09071082569869782               
3       9              -0.09071082569869784               
23      27             -0.09071082569869784               
14      27             -0.09071082569869801               
20      36             -0.09071082569869804               
3       20             -0.0907108256986981                
20      27             -0.0907108256986982                
3       10             -0.0907108256986982                
3       19             -0.09071082569869826               
13      36             -0.09071082569869826               
13      27             -0.09071082569869848               
2       3              -0.09071082569869873               
7       21             -0.0919318936045975                
7       37             -0.09193189360459902               
7       28             -0.0919318936045993                
13      29             -0.0919318936045993                
7       25             -0.09193189360459933               
7       26             -0.09193189360459933               
7       23             -0.09193189360459933               
13      34             -0.09193189360459933               
7       30             -0.09193189360459939               
7       31             -0.09193189360459939               
8       34             -0.09193189360459939               
8       29             -0.09193189360459939               
19      29             -0.09193189360459944               
10      29             -0.0919318936045995                
19      34             -0.09193189360459955               
10      34             -0.09193189360459963               
2       29             -0.09193189360459972               
2       34             -0.09193189360459977               
21      29             -0.0919318936045998                
9       34             -0.09193189360459983               
9       29             -0.09193189360459986               
21      34             -0.09193189360459988               
14      34             -0.09193189360459991               
14      29             -0.09193189360459994               
12      29             -0.09193189360459997               
12      34             -0.09193189360460005               
7       13             -0.09193189360460075               
20      29             -0.09193189360460088               
23      34             -0.09193189360460088               
7       12             -0.09193189360460091               
26      29             -0.09193189360460091               
23      29             -0.09193189360460091               
25      29             -0.09193189360460097               
28      29             -0.09193189360460097               
7       14             -0.091931893604601                 
20      34             -0.091931893604601                 
31      34             -0.091931893604601                 
30      34             -0.09193189360460102               
25      34             -0.09193189360460102               
26      34             -0.09193189360460102               
28      34             -0.09193189360460105               
7       20             -0.0919318936046011                
7       19             -0.09193189360460122               
7       10             -0.09193189360460166               
29      37             -0.091931893604602                 
7       8              -0.09193189360460205               
7       9              -0.09193189360460208               
2       7              -0.09193189360460219               
29      31             -0.09193189360460227               
29      30             -0.09193189360460235               
34      37             -0.09193189360460316               
16      24             -0.09223242656098762               
17      24             -0.09223242656098773               
15      24             -0.09223242656098785               
11      21             -0.09254445372048936               
6       21             -0.09254445372049067               
21      33             -0.092544453720491                 
21      22             -0.09254445372049175               
23      33             -0.09254445372049197               
25      33             -0.092544453720492                 
26      33             -0.092544453720492                 
28      33             -0.09254445372049203               
31      33             -0.09254445372049208               
30      33             -0.09254445372049211               
12      22             -0.09254445372049216               
10      22             -0.0925444537204923                
8       22             -0.09254445372049264               
6       37             -0.09254445372049266               
11      12             -0.09254445372049272               
6       26             -0.09254445372049275               
6       23             -0.09254445372049278               
6       25             -0.0925444537204928                
6       28             -0.09254445372049286               
11      13             -0.09254445372049289               
6       31             -0.09254445372049291               
6       30             -0.09254445372049297               
11      14             -0.09254445372049305               
9       22             -0.09254445372049305               
13      22             -0.09254445372049314               
19      33             -0.09254445372049319               
2       22             -0.09254445372049319               
11      20             -0.09254445372049333               
14      22             -0.09254445372049336               
11      19             -0.09254445372049341               
11      37             -0.09254445372049344               
11      23             -0.09254445372049355               
6       14             -0.09254445372049358               
6       12             -0.09254445372049358               
14      33             -0.09254445372049366               
11      25             -0.09254445372049366               
11      26             -0.09254445372049366               
11      28             -0.09254445372049366               
6       13             -0.09254445372049369               
2       33             -0.09254445372049369               
11      30             -0.09254445372049369               
11      31             -0.09254445372049369               
20      33             -0.09254445372049372               
10      11             -0.09254445372049402               
6       8              -0.09254445372049408               
6       20             -0.09254445372049411               
6       10             -0.09254445372049411               
6       19             -0.09254445372049414               
22      37             -0.09254445372049419               
22      23             -0.09254445372049439               
13      33             -0.09254445372049441               
22      25             -0.09254445372049441               
22      26             -0.09254445372049441               
22      28             -0.09254445372049441               
8       11             -0.09254445372049444               
22      31             -0.09254445372049447               
22      30             -0.09254445372049452               
2       6              -0.09254445372049455               
33      37             -0.09254445372049455               
8       33             -0.09254445372049469               
9       11             -0.09254445372049486               
2       11             -0.09254445372049491               
6       9              -0.09254445372049491               
9       33             -0.09254445372049519               
12      33             -0.0925444537204953                
19      22             -0.09254445372049536               
20      22             -0.09254445372049536               
10      33             -0.09254445372049552               
3       22             -0.13605822319727912               
11      36             -0.13605822319727956               
3       11             -0.13605822319727984               
11      27             -0.13605822319727984               
27      33             -0.13605822319727984               
22      36             -0.1360582231972799                
22      27             -0.13605822319728017               
33      36             -0.13605822319728023               
6       36             -0.13605822319728034               
6       27             -0.13605822319728061               
3       6              -0.1360582231972809                
3       33             -0.1360582231972814                
1       21             -0.13729441888081353               
21      38             -0.13729441888081598               
19      38             -0.13729441888081648               
1       37             -0.13729441888081648               
1       26             -0.13729441888081664               
1       23             -0.13729441888081664               
1       28             -0.1372944188808167                
1       25             -0.13729441888081678               
1       30             -0.1372944188808168                
1       31             -0.13729441888081684               
1       12             -0.13729441888081695               
23      38             -0.13729441888081703               
26      38             -0.1372944188808171                
20      38             -0.13729441888081712               
31      38             -0.13729441888081712               
30      38             -0.13729441888081714               
25      38             -0.13729441888081714               
28      38             -0.13729441888081717               
14      38             -0.13729441888081748               
1       14             -0.13729441888081773               
1       13             -0.13729441888081775               
10      38             -0.13729441888081784               
13      38             -0.13729441888081786               
8       38             -0.13729441888081811               
1       19             -0.13729441888081814               
12      38             -0.13729441888081814               
37      38             -0.13729441888081814               
1       20             -0.1372944188808182                
1       8              -0.13729441888081828               
9       38             -0.13729441888081853               
1       10             -0.13729441888081864               
2       38             -0.13729441888081897               
1       9              -0.1372944188808191                
1       2              -0.13729441888081922               
4       21             -0.14774013974558525               
21      35             -0.14774013974558642               
23      35             -0.14774013974558753               
26      35             -0.14774013974558764               
30      35             -0.1477401397455877                
31      35             -0.1477401397455877                
28      35             -0.1477401397455877                
25      35             -0.14774013974558772               
4       37             -0.147740139745588                 
35      37             -0.1477401397455881                
4       23             -0.14774013974558814               
4       25             -0.14774013974558817               
4       26             -0.14774013974558817               
4       28             -0.14774013974558822               
4       30             -0.14774013974558825               
4       31             -0.1477401397455884                
4       12             -0.1477401397455885                
4       13             -0.14774013974558864               
4       14             -0.1477401397455891                
19      35             -0.14774013974558914               
4       20             -0.14774013974558928               
4       19             -0.1477401397455893                
2       4              -0.1477401397455895                
14      35             -0.1477401397455896                
4       9              -0.1477401397455896                
20      35             -0.1477401397455897                
2       35             -0.1477401397455897                
4       8              -0.1477401397455897                
4       10             -0.14774013974558975               
10      35             -0.14774013974558992               
8       35             -0.14774013974558994               
12      35             -0.14774013974558997               
9       35             -0.14774013974559022               
13      35             -0.1477401397455903                
29      32             -0.15385377985325477               
32      34             -0.15385377985325527               
7       32             -0.1538537798532581                
29      36             -0.1571402184401391                
27      34             -0.15714021844013915               
27      29             -0.15714021844013915               
34      36             -0.15714021844013937               
3       7              -0.15714021844013953               
3       29             -0.15714021844013965               
3       34             -0.15714021844013976               
7       36             -0.15714021844014026               
7       27             -0.1571402184401406                
11      17             -0.16308657212026725               
6       15             -0.1630865721202675                
11      15             -0.1630865721202675                
15      22             -0.16308657212026753               
6       16             -0.16308657212026756               
6       17             -0.16308657212026761               
11      16             -0.16308657212026764               
15      33             -0.1630865721202677                
16      22             -0.1630865721202678                
17      33             -0.16308657212026798               
16      33             -0.163086572120268                 
17      22             -0.163086572120268                 
5       36             -0.1728385108431198                
5       27             -0.17283851084312013               
3       5              -0.17283851084312069               
5       32             -0.17350788366762165               
16      34             -0.17359924904608307               
16      29             -0.1735992490460831                
15      34             -0.17359924904608326               
15      29             -0.17359924904608331               
17      29             -0.17359924904608331               
17      34             -0.17359924904608334               
7       17             -0.17359924904608381               
7       16             -0.1735992490460839                
7       15             -0.1735992490460839                
2       18             -0.18205265884260513               
18      37             -0.18205265884260544               
18      26             -0.18205265884260546               
18      28             -0.1820526588426055                
18      23             -0.1820526588426055                
18      25             -0.18205265884260552               
18      30             -0.1820526588426056                
18      31             -0.18205265884260566               
8       18             -0.18205265884260594               
9       18             -0.18205265884260594               
10      18             -0.182052658842606                 
14      18             -0.18205265884260738               
18      19             -0.1820526588426074                
18      20             -0.18205265884260743               
13      18             -0.18205265884260743               
12      18             -0.18205265884260746               
18      21             -0.1820526588426085                
19      24             -0.19367678488459258               
20      24             -0.1936767848845931                
2       24             -0.19367678488459325               
14      24             -0.1936767848845933                
10      24             -0.19367678488459353               
21      24             -0.19367678488459358               
8       24             -0.19367678488459364               
12      24             -0.19367678488459375               
13      24             -0.1936767848845938                
9       24             -0.1936767848845938                
24      37             -0.19367678488459414               
24      26             -0.1936767848845943                
24      25             -0.19367678488459436               
24      28             -0.19367678488459436               
24      30             -0.19367678488459442               
24      31             -0.19367678488459442               
23      24             -0.1936767848845946                
5       17             -0.215770419909688                 
5       15             -0.21577041990968826               
5       16             -0.21577041990968845               
5       22             -0.21927456293340541               
5       33             -0.2192745629334059                
5       6              -0.2192745629334065                
5       11             -0.21927456293340666               
19      32             -0.2503758021429507                
21      32             -0.25037580214295085               
14      32             -0.250375802142951                 
8       32             -0.2503758021429512                
20      32             -0.25037580214295124               
12      32             -0.2503758021429513                
9       32             -0.2503758021429513                
10      32             -0.2503758021429513                
13      32             -0.2503758021429515                
32      37             -0.2503758021429516                
2       32             -0.25037580214295163               
23      32             -0.25037580214295196               
26      32             -0.2503758021429521                
28      32             -0.2503758021429521                
30      32             -0.2503758021429521                
31      32             -0.2503758021429521                
25      32             -0.2503758021429521                
24      38             -0.255310931591829                 
1       24             -0.2553109315918298                
29      33             -0.29578228206614543               
7       22             -0.29578228206614576               
11      34             -0.2957822820661465                
11      29             -0.29578228206614654               
6       7              -0.29578228206614676               
22      29             -0.29578228206614676               
6       29             -0.2957822820661468                
6       34             -0.2957822820661469                
22      34             -0.2957822820661469                
7       11             -0.295782282066147                 
33      34             -0.29578228206614715               
7       33             -0.2957822820661475                
4       38             -0.3244662236107135                
35      38             -0.3244662236107141                
1       4              -0.3244662236107147                
1       35             -0.32446622361071603               
