#======================================================================
# PARAMETERS USED FOR THIS COMPUTATION: 
#      Sequence type: RNA
#      Total number of sequences in alignment data: 2
#      Length of sequences in alignment data: 34
#      Effective number of sequences: 1.0
#      Value of sequence identity: 0.8
#      Value of relative pseudocount: 0.5
# The First and Second columns represent sites and the
# Third column is MFDCA Frobenius norm, average product corrected (APC) DCA score
#======================================================================
16      31             1.175788292809927                  
4       31             1.1757882928099268                 
4       16             1.1757882928099257                 
16      17             0.658805588113964                  
16      19             0.6588055881139638                 
19      31             0.6588055881139638                 
4       19             0.6588055881139637                 
4       17             0.6588055881139636                 
4       18             0.6588055881139636                 
17      31             0.6588055881139633                 
16      18             0.6588055881139632                 
18      31             0.6588055881139632                 
18      19             0.42820704170123713                
17      18             0.42820704170123697                
17      19             0.42820704170123547                
9       10             0.02817842419581501                
7       9              0.02817842419581501                
12      15             0.028178424195814566               
7       10             0.028178424195814455               
8       9              0.028178424195814455               
12      14             0.028178424195814455               
2       3              0.028178424195814344               
12      13             0.028178424195814344               
8       10             0.028178424195814233               
11      15             0.028178424195814067               
11      14             0.028178424195814067               
3       5              0.0281784241958139                 
13      14             0.02817842419581379                
13      15             0.028178424195813734               
1       3              0.02817842419581368                
3       6              0.028178424195813567               
14      15             0.028178424195813456               
11      20             0.0281784241958134                 
11      13             0.0281784241958134                 
8       11             0.028178424195813012               
11      12             0.028178424195813012               
1       2              0.028178424195812957               
10      11             0.028178424195812957               
8       12             0.028178424195812957               
5       6              0.0281784241958129                 
10      20             0.0281784241958129                 
8       20             0.028178424195812846               
2       5              0.028178424195812624               
12      20             0.028178424195812568               
10      12             0.028178424195812568               
9       12             0.028178424195812513               
7       20             0.028178424195812457               
1       5              0.0281784241958124                 
9       20             0.0281784241958124                 
1       6              0.028178424195812346               
7       8              0.028178424195812346               
9       11             0.02817842419581229                
21      25             0.02817842419581229                
30      33             0.02817842419581218                
30      34             0.02817842419581218                
32      33             0.028178424195812124               
28      33             0.028178424195812124               
29      33             0.028178424195812124               
28      34             0.028178424195812124               
29      30             0.028178424195812124               
29      34             0.028178424195812124               
21      22             0.028178424195812124               
21      24             0.028178424195812124               
21      30             0.028178424195812124               
22      23             0.028178424195812124               
21      23             0.028178424195812124               
23      25             0.028178424195812124               
28      32             0.02817842419581207                
30      32             0.02817842419581207                
32      34             0.02817842419581207                
33      34             0.02817842419581207                
21      33             0.02817842419581207                
22      28             0.02817842419581207                
22      30             0.02817842419581207                
28      30             0.02817842419581207                
21      34             0.02817842419581207                
21      26             0.02817842419581207                
22      25             0.02817842419581207                
24      25             0.02817842419581207                
25      34             0.02817842419581207                
7       11             0.028178424195812013               
7       12             0.028178424195812013               
29      32             0.028178424195812013               
21      32             0.028178424195812013               
22      24             0.028178424195812013               
28      29             0.028178424195812013               
21      27             0.028178424195812013               
21      28             0.028178424195812013               
21      29             0.028178424195812013               
23      24             0.028178424195812013               
23      27             0.028178424195812013               
23      28             0.028178424195812013               
23      30             0.028178424195812013               
23      34             0.028178424195812013               
25      33             0.028178424195812013               
25      27             0.028178424195812013               
25      28             0.028178424195812013               
25      29             0.028178424195812013               
25      30             0.028178424195812013               
25      26             0.028178424195812013               
22      32             0.028178424195811957               
23      32             0.028178424195811957               
27      33             0.028178424195811957               
22      27             0.028178424195811957               
23      33             0.028178424195811957               
24      27             0.028178424195811957               
24      30             0.028178424195811957               
24      34             0.028178424195811957               
25      32             0.028178424195811957               
22      26             0.028178424195811957               
24      26             0.028178424195811957               
26      29             0.028178424195811957               
26      30             0.028178424195811957               
23      26             0.028178424195811957               
2       6              0.028178424195811902               
24      32             0.028178424195811902               
27      32             0.028178424195811902               
22      33             0.028178424195811902               
24      33             0.028178424195811902               
26      32             0.028178424195811902               
22      29             0.028178424195811902               
22      34             0.028178424195811902               
24      28             0.028178424195811902               
24      29             0.028178424195811902               
26      33             0.028178424195811902               
27      28             0.028178424195811902               
27      30             0.028178424195811902               
23      29             0.028178424195811902               
26      27             0.028178424195811902               
26      34             0.028178424195811902               
27      29             0.028178424195811846               
27      34             0.028178424195811846               
26      28             0.028178424195811846               
14      20             0.02817842419581168                
6       11             0.02817842419581129                
15      20             0.028178424195811236               
6       12             0.028178424195811236               
6       20             0.028178424195810903               
13      20             0.028178424195810903               
1       9              0.028178424195810903               
3       7              0.028178424195810847               
2       9              0.028178424195810847               
20      25             0.02817842419581079                
20      30             0.028178424195810736               
20      27             0.02817842419581068                
20      28             0.02817842419581068                
20      34             0.02817842419581068                
20      21             0.02817842419581068                
20      23             0.02817842419581068                
20      26             0.02817842419581068                
5       9              0.028178424195810625               
20      32             0.028178424195810625               
20      33             0.028178424195810625               
20      22             0.028178424195810625               
20      24             0.028178424195810625               
20      29             0.028178424195810625               
1       10             0.02817842419581057                
6       7              0.02817842419581057                
3       20             0.028178424195810514               
6       8              0.028178424195810514               
3       11             0.028178424195810514               
2       10             0.02817842419581046                
2       15             0.028178424195810403               
3       12             0.028178424195810403               
5       10             0.028178424195810348               
2       14             0.028178424195810348               
6       9              0.028178424195810292               
3       8              0.028178424195810292               
3       9              0.028178424195810292               
1       13             0.028178424195810237               
1       15             0.02817842419581018                
1       14             0.028178424195810126               
2       13             0.02817842419581007                
5       14             0.028178424195810015               
3       10             0.02817842419580996                
3       14             0.02817842419580996                
5       15             0.028178424195809904               
8       13             0.028178424195809904               
7       15             0.028178424195809904               
14      21             0.028178424195809904               
14      23             0.028178424195809904               
3       15             0.028178424195809848               
8       15             0.028178424195809848               
8       14             0.028178424195809848               
7       14             0.028178424195809848               
2       25             0.028178424195809848               
14      22             0.028178424195809848               
5       13             0.028178424195809793               
3       13             0.028178424195809793               
14      24             0.028178424195809793               
14      27             0.028178424195809793               
14      28             0.028178424195809793               
14      30             0.028178424195809793               
14      26             0.028178424195809793               
6       10             0.028178424195809737               
6       13             0.028178424195809737               
2       33             0.028178424195809737               
2       21             0.028178424195809737               
14      33             0.028178424195809737               
14      29             0.028178424195809737               
14      34             0.028178424195809737               
14      25             0.028178424195809737               
2       32             0.02817842419580968                
2       22             0.02817842419580968                
2       34             0.02817842419580968                
2       23             0.02817842419580968                
14      32             0.02817842419580968                
6       15             0.028178424195809626               
2       27             0.028178424195809626               
2       28             0.028178424195809626               
2       30             0.028178424195809626               
15      22             0.028178424195809626               
15      23             0.028178424195809626               
15      25             0.028178424195809626               
1       21             0.02817842419580957                
5       34             0.02817842419580957                
5       21             0.02817842419580957                
7       13             0.02817842419580957                
2       24             0.02817842419580957                
2       29             0.02817842419580957                
2       26             0.02817842419580957                
15      24             0.02817842419580957                
15      21             0.02817842419580957                
5       20             0.028178424195809515               
1       22             0.028178424195809515               
1       24             0.028178424195809515               
1       27             0.028178424195809515               
1       34             0.028178424195809515               
5       33             0.028178424195809515               
1       23             0.028178424195809515               
1       25             0.028178424195809515               
5       25             0.028178424195809515               
9       13             0.028178424195809515               
15      27             0.028178424195809515               
15      34             0.028178424195809515               
15      26             0.028178424195809515               
6       14             0.02817842419580946                
5       12             0.02817842419580946                
1       33             0.02817842419580946                
5       32             0.02817842419580946                
1       29             0.02817842419580946                
5       24             0.02817842419580946                
5       28             0.02817842419580946                
5       29             0.02817842419580946                
15      33             0.02817842419580946                
15      29             0.02817842419580946                
15      30             0.02817842419580946                
5       11             0.028178424195809404               
1       32             0.028178424195809404               
10      15             0.028178424195809404               
1       30             0.028178424195809404               
5       22             0.028178424195809404               
5       27             0.028178424195809404               
5       23             0.028178424195809404               
9       14             0.028178424195809404               
15      32             0.028178424195809404               
15      28             0.028178424195809404               
2       20             0.02817842419580935                
5       8              0.02817842419580935                
2       11             0.02817842419580935                
2       12             0.02817842419580935                
1       26             0.02817842419580935                
5       30             0.02817842419580935                
10      14             0.02817842419580935                
5       26             0.02817842419580935                
11      22             0.02817842419580935                
11      21             0.02817842419580935                
11      25             0.02817842419580935                
6       23             0.028178424195809293               
1       28             0.028178424195809293               
9       15             0.028178424195809293               
7       21             0.028178424195809293               
7       23             0.028178424195809293               
11      30             0.028178424195809293               
11      26             0.028178424195809293               
1       8              0.028178424195809237               
5       7              0.028178424195809237               
6       24             0.028178424195809237               
6       25             0.028178424195809237               
3       23             0.028178424195809237               
7       22             0.028178424195809237               
7       26             0.028178424195809237               
7       25             0.028178424195809237               
13      24             0.028178424195809237               
13      23             0.028178424195809237               
13      25             0.028178424195809237               
11      24             0.028178424195809237               
11      28             0.028178424195809237               
11      34             0.028178424195809237               
11      23             0.028178424195809237               
2       8              0.028178424195809182               
2       7              0.028178424195809182               
6       22             0.028178424195809182               
6       27             0.028178424195809182               
6       28             0.028178424195809182               
6       29             0.028178424195809182               
6       21             0.028178424195809182               
6       26             0.028178424195809182               
3       33             0.028178424195809182               
3       22             0.028178424195809182               
3       34             0.028178424195809182               
3       21             0.028178424195809182               
3       25             0.028178424195809182               
10      21             0.028178424195809182               
7       33             0.028178424195809182               
8       34             0.028178424195809182               
10      25             0.028178424195809182               
7       24             0.028178424195809182               
7       30             0.028178424195809182               
8       21             0.028178424195809182               
8       23             0.028178424195809182               
13      33             0.028178424195809182               
13      22             0.028178424195809182               
9       26             0.028178424195809182               
11      32             0.028178424195809182               
11      33             0.028178424195809182               
11      27             0.028178424195809182               
11      29             0.028178424195809182               
6       30             0.028178424195809126               
6       34             0.028178424195809126               
10      27             0.028178424195809126               
10      34             0.028178424195809126               
7       32             0.028178424195809126               
8       33             0.028178424195809126               
10      23             0.028178424195809126               
8       22             0.028178424195809126               
7       27             0.028178424195809126               
7       28             0.028178424195809126               
7       29             0.028178424195809126               
7       34             0.028178424195809126               
8       25             0.028178424195809126               
13      27             0.028178424195809126               
13      28             0.028178424195809126               
13      29             0.028178424195809126               
13      34             0.028178424195809126               
13      21             0.028178424195809126               
13      26             0.028178424195809126               
6       33             0.02817842419580907                
10      13             0.02817842419580907                
3       32             0.02817842419580907                
3       24             0.02817842419580907                
3       27             0.02817842419580907                
3       26             0.02817842419580907                
10      33             0.02817842419580907                
8       32             0.02817842419580907                
8       29             0.02817842419580907                
8       30             0.02817842419580907                
9       27             0.02817842419580907                
9       30             0.02817842419580907                
13      30             0.02817842419580907                
1       7              0.028178424195809015               
6       32             0.028178424195809015               
3       28             0.028178424195809015               
3       29             0.028178424195809015               
3       30             0.028178424195809015               
10      22             0.028178424195809015               
10      24             0.028178424195809015               
10      28             0.028178424195809015               
10      29             0.028178424195809015               
10      30             0.028178424195809015               
10      26             0.028178424195809015               
8       24             0.028178424195809015               
8       27             0.028178424195809015               
8       28             0.028178424195809015               
13      32             0.028178424195809015               
9       33             0.028178424195809015               
9       22             0.028178424195809015               
9       29             0.028178424195809015               
9       34             0.028178424195809015               
9       21             0.028178424195809015               
1       20             0.02817842419580896                
1       11             0.02817842419580896                
10      32             0.02817842419580896                
8       26             0.02817842419580896                
9       32             0.02817842419580896                
9       24             0.02817842419580896                
9       28             0.02817842419580896                
1       12             0.028178424195808904               
9       23             0.028178424195808904               
9       25             0.028178424195808904               
12      27             0.028178424195808627               
12      29             0.028178424195808627               
12      30             0.028178424195808627               
12      33             0.02817842419580857                
12      22             0.02817842419580857                
12      34             0.02817842419580857                
12      21             0.02817842419580857                
12      25             0.02817842419580857                
12      23             0.028178424195808516               
12      26             0.028178424195808516               
12      32             0.02817842419580846                
12      24             0.02817842419580846                
12      28             0.02817842419580835                
1       19             -0.1019894901423335                
3       19             -0.10198949014233363               
3       17             -0.10198949014233374               
3       18             -0.1019894901423338                
2       19             -0.10198949014233388               
10      19             -0.10198949014233388               
5       19             -0.10198949014233394               
11      19             -0.10198949014233397               
1       17             -0.10198949014233405               
1       18             -0.1019894901423341                
6       17             -0.10198949014233413               
5       17             -0.10198949014233413               
6       19             -0.10198949014233413               
6       18             -0.10198949014233419               
5       18             -0.10198949014233419               
9       19             -0.10198949014233419               
12      19             -0.10198949014233422               
8       17             -0.10198949014233433               
8       18             -0.10198949014233433               
13      19             -0.10198949014233435               
14      19             -0.10198949014233438               
8       19             -0.10198949014233441               
9       17             -0.10198949014233447               
15      19             -0.1019894901423345                
9       18             -0.10198949014233452               
2       18             -0.1019894901423346                
7       18             -0.1019894901423346                
2       17             -0.10198949014233463               
7       19             -0.10198949014233466               
7       17             -0.10198949014233469               
13      17             -0.10198949014233472               
15      17             -0.10198949014233472               
14      18             -0.10198949014233474               
13      18             -0.10198949014233477               
15      18             -0.1019894901423348                
12      17             -0.10198949014233483               
14      17             -0.10198949014233488               
12      18             -0.10198949014233494               
10      17             -0.1019894901423351                
10      18             -0.10198949014233513               
11      17             -0.10198949014233513               
11      18             -0.10198949014233516               
17      22             -0.10198949014233522               
17      23             -0.10198949014233522               
17      30             -0.10198949014233522               
18      21             -0.10198949014233522               
18      25             -0.10198949014233522               
17      21             -0.10198949014233524               
17      24             -0.10198949014233524               
18      22             -0.10198949014233524               
18      23             -0.10198949014233524               
18      24             -0.10198949014233524               
18      28             -0.10198949014233524               
17      25             -0.10198949014233524               
17      26             -0.10198949014233527               
17      28             -0.10198949014233527               
17      29             -0.10198949014233527               
18      26             -0.10198949014233527               
18      34             -0.10198949014233527               
17      27             -0.1019894901423353                
17      34             -0.1019894901423353                
18      27             -0.1019894901423353                
18      29             -0.1019894901423353                
18      30             -0.1019894901423353                
17      33             -0.10198949014233533               
18      32             -0.10198949014233535               
18      33             -0.10198949014233535               
17      32             -0.10198949014233538               
19      25             -0.10198949014233566               
19      23             -0.10198949014233569               
19      22             -0.10198949014233571               
19      24             -0.10198949014233571               
19      21             -0.10198949014233574               
19      30             -0.10198949014233574               
19      34             -0.10198949014233574               
19      26             -0.10198949014233577               
19      27             -0.10198949014233577               
19      28             -0.10198949014233577               
19      29             -0.10198949014233577               
19      33             -0.1019894901423358                
19      32             -0.10198949014233585               
19      20             -0.10198949014233616               
17      20             -0.10198949014233663               
18      20             -0.10198949014233669               
3       31             -0.15248502509015655               
3       16             -0.152485025090157                 
1       31             -0.15248502509015707               
5       31             -0.15248502509015713               
6       31             -0.1524850250901574                
1       16             -0.15248502509015757               
9       31             -0.1524850250901576                
5       16             -0.15248502509015768               
3       4              -0.15248502509015774               
13      31             -0.15248502509015777               
8       31             -0.1524850250901578                
14      31             -0.1524850250901578                
1       4              -0.15248502509015782               
15      31             -0.1524850250901579                
6       16             -0.15248502509015807               
2       4              -0.15248502509015807               
2       31             -0.15248502509015807               
4       9              -0.15248502509015813               
4       14             -0.15248502509015818               
12      31             -0.1524850250901582                
7       31             -0.15248502509015827               
9       16             -0.15248502509015827               
10      31             -0.1524850250901583                
8       16             -0.15248502509015838               
4       13             -0.1524850250901584                
11      31             -0.15248502509015846               
4       25             -0.15248502509015846               
2       16             -0.1524850250901585                
4       15             -0.1524850250901585                
4       10             -0.15248502509015852               
4       24             -0.15248502509015852               
4       27             -0.15248502509015852               
4       28             -0.15248502509015852               
4       30             -0.15248502509015852               
4       21             -0.15248502509015854               
4       22             -0.15248502509015854               
4       23             -0.15248502509015854               
4       29             -0.15248502509015854               
4       34             -0.15248502509015854               
4       26             -0.15248502509015857               
4       33             -0.15248502509015863               
4       32             -0.15248502509015865               
7       16             -0.15248502509015874               
13      16             -0.15248502509015874               
14      16             -0.1524850250901588                
15      16             -0.15248502509015893               
16      21             -0.15248502509015893               
16      25             -0.15248502509015893               
10      16             -0.15248502509015896               
16      23             -0.15248502509015896               
4       5              -0.152485025090159                 
16      27             -0.152485025090159                 
16      30             -0.152485025090159                 
16      22             -0.15248502509015902               
16      24             -0.15248502509015902               
16      26             -0.15248502509015902               
16      28             -0.15248502509015904               
16      29             -0.15248502509015904               
16      34             -0.15248502509015904               
12      16             -0.1524850250901591                
16      33             -0.1524850250901591                
27      31             -0.1524850250901591                
4       6              -0.15248502509015913               
16      32             -0.15248502509015915               
11      16             -0.15248502509015924               
29      31             -0.15248502509015932               
30      31             -0.15248502509015932               
28      31             -0.15248502509015935               
31      34             -0.15248502509015982               
25      31             -0.15248502509015982               
4       7              -0.15248502509015985               
24      31             -0.15248502509015988               
26      31             -0.15248502509015988               
31      32             -0.1524850250901599                
31      33             -0.1524850250901599                
21      31             -0.1524850250901599                
23      31             -0.1524850250901599                
22      31             -0.15248502509015996               
4       11             -0.1524850250901602                
4       12             -0.15248502509016032               
4       8              -0.15248502509016038               
4       20             -0.15248502509016104               
16      20             -0.1524850250901616                
20      31             -0.1524850250901616                
