#======================================================================
# PARAMETERS USED FOR THIS COMPUTATION: 
#      Sequence type: RNA
#      Total number of sequences in alignment data: 2
#      Length of sequences in alignment data: 47
#      Effective number of sequences: 2.0
#      Value of sequence identity: 0.8
#      Value of relative pseudocount: 0.5
# The First and Second columns represent sites and the
# Third column is MFDCA Frobenius norm, average product corrected (APC) DCA score
#======================================================================
9       31             0.25550721086810474                
2       29             0.25550721086810446                
3       29             0.2555072108681043                 
6       29             0.2555072108681039                 
18      35             0.25550721086810374                
18      44             0.25550721086810374                
18      45             0.25550721086810374                
18      46             0.25550721086810374                
18      37             0.25550721086810363                
18      38             0.25550721086810363                
6       31             0.25550721086810346                
11      31             0.2555072108681031                 
9       14             0.2555072108681031                 
6       35             0.2555072108681029                 
6       38             0.2555072108681029                 
11      29             0.25550721086810285                
9       29             0.25550721086810285                
6       37             0.2555072108681028                 
6       46             0.2555072108681028                 
3       37             0.25550721086810274                
3       38             0.25550721086810274                
3       45             0.25550721086810274                
3       31             0.25550721086810274                
2       35             0.2555072108681027                 
2       37             0.2555072108681027                 
2       38             0.2555072108681027                 
2       44             0.2555072108681027                 
2       46             0.2555072108681027                 
6       44             0.2555072108681027                 
6       45             0.2555072108681027                 
2       31             0.2555072108681027                 
3       35             0.25550721086810263                
3       44             0.25550721086810263                
3       46             0.25550721086810263                
2       45             0.2555072108681026                 
11      35             0.2555072108681025                 
3       6              0.25550721086810246                
11      37             0.2555072108681024                 
11      38             0.2555072108681024                 
11      44             0.2555072108681024                 
11      45             0.2555072108681024                 
11      46             0.2555072108681024                 
9       35             0.2555072108681024                 
9       37             0.2555072108681024                 
9       44             0.2555072108681024                 
9       45             0.2555072108681024                 
9       46             0.2555072108681024                 
6       14             0.25550721086810235                
9       38             0.2555072108681023                 
2       14             0.25550721086810224                
18      31             0.2555072108681022                 
14      35             0.25550721086810213                
14      37             0.25550721086810213                
14      38             0.25550721086810213                
14      45             0.25550721086810213                
14      31             0.2555072108681021                 
14      44             0.255507210868102                  
14      46             0.255507210868102                  
9       11             0.25550721086810185                
3       9              0.25550721086810185                
2       6              0.25550721086810185                
14      29             0.2555072108681018                 
6       11             0.2555072108681018                 
3       11             0.2555072108681017                 
6       18             0.25550721086810163                
2       11             0.25550721086810146                
6       9              0.25550721086810135                
3       14             0.2555072108681013                 
2       18             0.2555072108681013                 
3       18             0.25550721086810124                
11      14             0.2555072108681011                 
11      18             0.255507210868101                  
2       9              0.2555072108681009                 
9       18             0.2555072108681008                 
14      18             0.2555072108681007                 
2       3              0.2555072108680998                 
29      31             0.2555072108680996                 
29      35             0.2555072108680994                 
29      37             0.2555072108680994                 
45      46             0.25550721086809935                
29      38             0.2555072108680993                 
29      44             0.2555072108680993                 
29      45             0.2555072108680993                 
29      46             0.2555072108680993                 
18      29             0.2555072108680993                 
35      37             0.25550721086809924                
38      44             0.25550721086809924                
38      45             0.25550721086809924                
38      46             0.25550721086809924                
44      46             0.25550721086809924                
31      35             0.25550721086809924                
31      37             0.25550721086809924                
31      38             0.25550721086809924                
31      44             0.25550721086809924                
31      46             0.25550721086809924                
35      38             0.25550721086809913                
35      44             0.25550721086809913                
35      46             0.25550721086809913                
37      38             0.25550721086809913                
37      44             0.25550721086809913                
37      45             0.25550721086809913                
37      46             0.25550721086809913                
44      45             0.25550721086809913                
31      45             0.25550721086809913                
35      45             0.255507210868099                  
20      35             0.12435515316341916                
20      37             0.12435515316341916                
20      38             0.12435515316341911                
20      44             0.12435515316341911                
20      45             0.12435515316341911                
20      29             0.12435515316341905                
20      46             0.12435515316341894                
20      31             0.12435515316341883                
3       20             0.12435515316341861                
2       20             0.12435515316341839                
6       20             0.12435515316341816                
18      20             0.12435515316341761                
11      20             0.12435515316341739                
14      20             0.12435515316341722                
9       20             0.12435515316341667                
22      25             0.05989554526495605                
1       7              0.059895545264955885               
22      26             0.05989554526495586                
22      28             0.05989554526495555                
23      25             0.059895545264955496               
22      27             0.05989554526495544                
22      30             0.05989554526495544                
23      30             0.059895545264955385               
16      26             0.059895545264955385               
23      26             0.05989554526495536                
23      28             0.05989554526495533                
22      32             0.05989554526495522                
16      25             0.05989554526495519                
23      27             0.05989554526495511                
16      30             0.059895545264955025               
23      32             0.059895545264955                  
1       8              0.05989554526495497                
16      27             0.05989554526495497                
16      28             0.05989554526495497                
1       5              0.05989554526495494                
1       13             0.059895545264954886               
4       7              0.05989554526495486                
21      25             0.05989554526495486                
21      26             0.05989554526495483                
16      32             0.05989554526495475                
21      27             0.059895545264954636               
21      28             0.059895545264954636               
21      30             0.059895545264954636               
1       26             0.059895545264954636               
1       25             0.05989554526495461                
1       32             0.05989554526495455                
1       27             0.05989554526495455                
1       28             0.05989554526495455                
1       30             0.05989554526495455                
10      33             0.05989554526495455                
10      16             0.0598955452649545                 
21      32             0.05989554526495447                
5       7              0.05989554526495444                
8       16             0.05989554526495444                
16      23             0.05989554526495444                
10      34             0.059895545264954414               
17      39             0.059895545264954414               
8       15             0.059895545264954386               
10      12             0.059895545264954386               
16      17             0.05989554526495436                
17      33             0.05989554526495436                
17      47             0.05989554526495436                
17      34             0.05989554526495433                
10      40             0.05989554526495433                
4       5              0.0598955452649543                 
8       39             0.0598955452649543                 
8       47             0.0598955452649543                 
24      33             0.0598955452649543                 
17      42             0.0598955452649543                 
17      40             0.0598955452649543                 
17      41             0.0598955452649543                 
16      19             0.0598955452649543                 
17      36             0.059895545264954275               
10      42             0.059895545264954275               
10      43             0.059895545264954275               
10      41             0.059895545264954275               
10      47             0.059895545264954275               
17      43             0.05989554526495425                
8       34             0.05989554526495422                
8       36             0.05989554526495422                
21      39             0.05989554526495422                
21      41             0.05989554526495422                
21      47             0.05989554526495422                
10      39             0.05989554526495422                
8       42             0.05989554526495419                
8       33             0.05989554526495419                
8       40             0.05989554526495419                
8       41             0.05989554526495419                
21      34             0.05989554526495419                
10      36             0.05989554526495419                
10      15             0.059895545264954164               
21      42             0.059895545264954164               
21      43             0.059895545264954164               
21      33             0.059895545264954164               
21      40             0.059895545264954164               
19      23             0.059895545264954164               
8       43             0.059895545264954136               
24      34             0.059895545264954136               
24      42             0.059895545264954136               
24      26             0.059895545264954136               
24      40             0.059895545264954136               
24      41             0.059895545264954136               
8       10             0.05989554526495411                
24      32             0.05989554526495411                
4       13             0.05989554526495411                
16      24             0.05989554526495411                
10      19             0.05989554526495411                
21      36             0.05989554526495408                
24      25             0.05989554526495408                
24      36             0.05989554526495408                
24      39             0.05989554526495408                
24      43             0.05989554526495408                
24      47             0.05989554526495408                
24      27             0.05989554526495405                
24      28             0.05989554526495405                
4       8              0.059895545264954025               
8       23             0.059895545264954025               
16      22             0.059895545264954025               
19      22             0.059895545264954025               
8       19             0.059895545264954                  
12      16             0.05989554526495397                
10      17             0.05989554526495397                
10      23             0.05989554526495397                
24      30             0.05989554526495394                
16      21             0.05989554526495394                
19      21             0.05989554526495394                
4       25             0.05989554526495394                
5       13             0.059895545264953914               
4       28             0.059895545264953914               
13      33             0.059895545264953914               
19      24             0.05989554526495389                
13      39             0.05989554526495386                
26      47             0.05989554526495386                
5       8              0.05989554526495383                
10      21             0.05989554526495383                
4       10             0.0598955452649538                 
13      42             0.0598955452649538                 
13      43             0.0598955452649538                 
13      40             0.0598955452649538                 
13      41             0.0598955452649538                 
13      47             0.0598955452649538                 
15      23             0.0598955452649538                 
26      42             0.0598955452649538                 
26      43             0.0598955452649538                 
33      39             0.0598955452649538                 
33      43             0.0598955452649538                 
26      40             0.0598955452649538                 
26      41             0.0598955452649538                 
33      40             0.0598955452649538                 
33      47             0.0598955452649538                 
12      39             0.059895545264953776               
1       12             0.059895545264953776               
12      33             0.059895545264953776               
4       26             0.059895545264953776               
13      16             0.059895545264953776               
15      16             0.059895545264953776               
15      19             0.059895545264953776               
27      47             0.059895545264953776               
28      47             0.059895545264953776               
25      40             0.059895545264953776               
25      47             0.059895545264953776               
34      47             0.059895545264953776               
5       27             0.05989554526495375                
10      22             0.05989554526495375                
15      17             0.05989554526495375                
25      39             0.05989554526495375                
25      42             0.05989554526495375                
25      43             0.05989554526495375                
34      42             0.05989554526495375                
36      43             0.05989554526495375                
26      39             0.05989554526495375                
33      42             0.05989554526495375                
33      41             0.05989554526495375                
5       26             0.05989554526495372                
12      41             0.05989554526495372                
12      47             0.05989554526495372                
13      34             0.05989554526495372                
27      39             0.05989554526495372                
27      42             0.05989554526495372                
27      43             0.05989554526495372                
28      39             0.05989554526495372                
28      42             0.05989554526495372                
28      43             0.05989554526495372                
30      42             0.05989554526495372                
30      43             0.05989554526495372                
15      26             0.05989554526495372                
27      41             0.05989554526495372                
28      40             0.05989554526495372                
28      41             0.05989554526495372                
30      47             0.05989554526495372                
25      41             0.05989554526495372                
26      34             0.05989554526495372                
26      36             0.05989554526495372                
33      34             0.05989554526495372                
34      40             0.05989554526495372                
36      47             0.05989554526495372                
5       28             0.05989554526495369                
5       25             0.05989554526495369                
4       27             0.05989554526495369                
4       30             0.05989554526495369                
15      25             0.05989554526495369                
27      34             0.05989554526495369                
27      36             0.05989554526495369                
32      39             0.05989554526495369                
32      40             0.05989554526495369                
34      39             0.05989554526495369                
34      43             0.05989554526495369                
36      42             0.05989554526495369                
26      33             0.05989554526495369                
12      42             0.059895545264953665               
12      43             0.059895545264953665               
12      40             0.059895545264953665               
13      15             0.059895545264953665               
13      36             0.059895545264953665               
30      39             0.059895545264953665               
25      34             0.059895545264953665               
25      36             0.059895545264953665               
27      40             0.059895545264953665               
30      33             0.059895545264953665               
30      40             0.059895545264953665               
30      41             0.059895545264953665               
34      36             0.059895545264953665               
33      36             0.059895545264953665               
34      41             0.059895545264953665               
36      40             0.059895545264953665               
36      41             0.059895545264953665               
8       22             0.05989554526495364                
5       32             0.05989554526495364                
12      34             0.05989554526495364                
12      36             0.05989554526495364                
10      24             0.05989554526495364                
28      34             0.05989554526495364                
28      36             0.05989554526495364                
30      34             0.05989554526495364                
30      36             0.05989554526495364                
32      42             0.05989554526495364                
32      43             0.05989554526495364                
32      41             0.05989554526495364                
32      47             0.05989554526495364                
36      39             0.05989554526495364                
8       21             0.05989554526495361                
8       17             0.05989554526495361                
4       32             0.05989554526495361                
15      28             0.05989554526495361                
8       24             0.05989554526495358                
7       12             0.05989554526495358                
5       30             0.05989554526495358                
15      22             0.05989554526495358                
4       39             0.05989554526495358                
32      33             0.05989554526495358                
32      34             0.059895545264953554               
32      36             0.059895545264953554               
4       34             0.059895545264953554               
26      30             0.059895545264953554               
27      33             0.059895545264953554               
28      33             0.059895545264953554               
25      33             0.059895545264953554               
12      23             0.059895545264953526               
8       12             0.0598955452649535                 
27      30             0.0598955452649535                 
23      24             0.0598955452649535                 
4       36             0.0598955452649535                 
26      32             0.0598955452649535                 
4       33             0.0598955452649535                 
26      27             0.0598955452649535                 
26      28             0.0598955452649535                 
7       13             0.05989554526495347                
4       15             0.05989554526495347                
25      30             0.05989554526495347                
19      27             0.05989554526495347                
19      25             0.05989554526495347                
15      21             0.05989554526495344                
15      30             0.05989554526495344                
28      30             0.05989554526495344                
4       40             0.05989554526495344                
4       41             0.05989554526495344                
4       47             0.05989554526495344                
25      26             0.05989554526495344                
19      26             0.05989554526495344                
5       10             0.059895545264953415               
15      24             0.059895545264953415               
7       10             0.059895545264953415               
12      19             0.059895545264953415               
27      32             0.059895545264953415               
28      32             0.059895545264953415               
30      32             0.059895545264953415               
25      27             0.059895545264953415               
25      28             0.059895545264953415               
4       42             0.059895545264953415               
4       43             0.059895545264953415               
19      30             0.059895545264953415               
13      32             0.05989554526495339                
7       39             0.05989554526495339                
7       42             0.05989554526495339                
7       43             0.05989554526495339                
15      27             0.05989554526495339                
27      28             0.05989554526495339                
7       40             0.05989554526495339                
7       41             0.05989554526495339                
7       47             0.05989554526495339                
15      32             0.05989554526495336                
25      32             0.05989554526495336                
4       16             0.05989554526495336                
19      28             0.05989554526495336                
12      21             0.05989554526495333                
7       33             0.05989554526495333                
17      19             0.05989554526495333                
17      23             0.05989554526495333                
7       32             0.059895545264953304               
7       34             0.059895545264953304               
7       36             0.059895545264953304               
13      28             0.059895545264953276               
1       10             0.059895545264953276               
13      23             0.059895545264953276               
12      22             0.05989554526495325                
12      17             0.05989554526495325                
17      21             0.05989554526495325                
13      26             0.05989554526495325                
19      32             0.05989554526495325                
12      24             0.05989554526495322                
17      22             0.05989554526495322                
13      27             0.05989554526495322                
13      30             0.05989554526495322                
15      33             0.05989554526495322                
1       34             0.05989554526495322                
40      47             0.05989554526495322                
41      47             0.05989554526495322                
1       16             0.05989554526495322                
12      15             0.05989554526495319                
7       30             0.05989554526495319                
41      42             0.05989554526495319                
43      47             0.05989554526495319                
1       33             0.05989554526495319                
13      17             0.059895545264953165               
13      25             0.059895545264953165               
15      43             0.059895545264953165               
13      19             0.059895545264953165               
15      47             0.059895545264953165               
39      47             0.059895545264953165               
40      43             0.059895545264953165               
42      47             0.059895545264953165               
40      41             0.059895545264953165               
7       28             0.05989554526495314                
39      43             0.05989554526495314                
42      43             0.05989554526495314                
39      40             0.05989554526495314                
39      41             0.05989554526495314                
41      43             0.05989554526495314                
4       17             0.05989554526495311                
15      39             0.05989554526495311                
15      42             0.05989554526495311                
15      40             0.05989554526495311                
15      41             0.05989554526495311                
39      42             0.05989554526495311                
1       43             0.05989554526495311                
40      42             0.05989554526495311                
1       47             0.05989554526495311                
13      21             0.05989554526495308                
7       16             0.05989554526495308                
7       19             0.05989554526495308                
15      34             0.05989554526495308                
1       40             0.05989554526495308                
17      24             0.059895545264953054               
13      22             0.059895545264953054               
1       39             0.059895545264953054               
1       42             0.059895545264953054               
7       17             0.059895545264953026               
7       23             0.059895545264953026               
1       15             0.059895545264953026               
1       41             0.059895545264953026               
5       12             0.059895545264953                  
5       39             0.059895545264953                  
13      24             0.059895545264953                  
5       41             0.059895545264953                  
5       47             0.059895545264953                  
15      36             0.059895545264953                  
1       36             0.059895545264953                  
19      47             0.059895545264953                  
7       27             0.05989554526495297                
4       23             0.05989554526495297                
19      33             0.05989554526495297                
5       43             0.05989554526495294                
5       33             0.05989554526495294                
5       40             0.05989554526495294                
19      42             0.05989554526495294                
19      40             0.05989554526495294                
5       15             0.059895545264952915               
7       22             0.059895545264952915               
5       16             0.059895545264952915               
4       19             0.059895545264952915               
19      43             0.059895545264952915               
1       19             0.059895545264952915               
19      41             0.059895545264952915               
5       42             0.05989554526495289                
1       17             0.05989554526495289                
19      34             0.05989554526495289                
19      36             0.05989554526495289                
5       36             0.05989554526495286                
7       21             0.05989554526495286                
4       21             0.05989554526495286                
7       24             0.05989554526495283                
5       34             0.059895545264952804               
4       22             0.059895545264952804               
19      39             0.059895545264952776               
22      39             0.05989554526495275                
7       26             0.05989554526495275                
22      23             0.05989554526495275                
1       23             0.05989554526495275                
22      33             0.05989554526495272                
7       25             0.05989554526495269                
1       22             0.05989554526495269                
22      41             0.05989554526495269                
22      47             0.05989554526495269                
5       23             0.059895545264952665               
22      42             0.059895545264952665               
22      43             0.059895545264952665               
4       12             0.05989554526495264                
4       24             0.05989554526495264                
22      36             0.05989554526495264                
22      40             0.05989554526495264                
23      41             0.05989554526495264                
22      34             0.05989554526495261                
23      34             0.05989554526495261                
23      39             0.05989554526495261                
12      32             0.05989554526495258                
1       4              0.05989554526495258                
1       24             0.059895545264952554               
1       21             0.059895545264952554               
21      23             0.059895545264952554               
23      43             0.059895545264952554               
23      33             0.059895545264952554               
23      40             0.059895545264952554               
23      47             0.059895545264952554               
23      42             0.05989554526495253                
12      27             0.0598955452649525                 
12      28             0.0598955452649525                 
5       19             0.05989554526495247                
7       15             0.05989554526495247                
23      36             0.05989554526495247                
21      22             0.059895545264952416               
17      32             0.059895545264952416               
17      30             0.059895545264952416               
5       22             0.05989554526495239                
12      30             0.05989554526495239                
22      24             0.05989554526495239                
5       24             0.05989554526495233                
12      25             0.05989554526495233                
12      26             0.05989554526495233                
17      27             0.05989554526495228                
17      28             0.05989554526495228                
21      24             0.05989554526495225                
17      26             0.05989554526495225                
5       17             0.05989554526495222                
5       21             0.059895545264952194               
17      25             0.05989554526495211                
7       8              0.059895545264952                  
16      39             0.059895545264951944               
16      33             0.059895545264951916               
16      40             0.05989554526495189                
16      47             0.05989554526495189                
16      41             0.05989554526495186                
16      34             0.05989554526495183                
16      42             0.05989554526495183                
16      36             0.05989554526495178                
8       32             0.05989554526495175                
16      43             0.05989554526495172                
8       13             0.05989554526495158                
12      13             0.05989554526495147                
8       27             0.059895545264951305               
8       28             0.059895545264951194               
8       30             0.059895545264951194               
10      32             0.05989554526495111                
8       25             0.05989554526495097                
8       26             0.059895545264950945               
10      30             0.05989554526495086                
10      27             0.059895545264950834               
10      28             0.059895545264950834               
10      25             0.05989554526495072                
10      26             0.059895545264950584               
10      13             0.05989554526495039                
19      20             -0.061018077677364                 
16      20             -0.061018077677364446              
8       20             -0.061018077677364585              
15      20             -0.061018077677364585              
17      20             -0.06101807767736467               
12      20             -0.06101807767736478               
5       20             -0.061018077677364835              
7       20             -0.06101807767736489               
13      20             -0.06101807767736492               
10      20             -0.061018077677364946              
4       20             -0.06101807767736506               
20      23             -0.06101807767736514               
20      33             -0.06101807767736517               
20      43             -0.061018077677365196              
20      40             -0.061018077677365196              
20      41             -0.061018077677365196              
20      47             -0.061018077677365196              
20      39             -0.06101807767736522               
20      42             -0.06101807767736522               
20      34             -0.06101807767736525               
20      36             -0.06101807767736525               
1       20             -0.06101807767736528               
20      22             -0.061018077677365445              
20      21             -0.06101807767736547               
20      24             -0.061018077677365556              
20      26             -0.06101807767736617               
20      27             -0.06101807767736621               
20      25             -0.06101807767736622               
20      30             -0.06101807767736625               
20      28             -0.06101807767736628               
20      32             -0.06101807767736636               
16      31             -0.11723808620887724               
15      31             -0.1172380862088774                
17      45             -0.11723808620887743               
13      35             -0.11723808620887746               
13      38             -0.11723808620887746               
17      35             -0.11723808620887746               
17      46             -0.11723808620887746               
6       7              -0.11723808620887746               
13      37             -0.11723808620887749               
13      44             -0.11723808620887749               
13      45             -0.11723808620887749               
17      37             -0.11723808620887749               
17      38             -0.11723808620887749               
17      44             -0.11723808620887749               
3       7              -0.11723808620887749               
13      46             -0.11723808620887752               
16      29             -0.11723808620887752               
2       7              -0.1172380862088776                
6       13             -0.1172380862088776                
6       26             -0.1172380862088776                
8       35             -0.11723808620887763               
8       37             -0.11723808620887763               
8       38             -0.11723808620887763               
8       44             -0.11723808620887763               
8       46             -0.11723808620887763               
17      31             -0.11723808620887763               
8       45             -0.11723808620887766               
12      37             -0.11723808620887766               
16      18             -0.11723808620887766               
12      35             -0.11723808620887768               
12      38             -0.11723808620887768               
12      45             -0.11723808620887768               
19      31             -0.11723808620887768               
6       28             -0.11723808620887768               
12      44             -0.11723808620887771               
12      46             -0.11723808620887771               
5       29             -0.11723808620887774               
23      31             -0.11723808620887774               
6       27             -0.11723808620887774               
6       30             -0.11723808620887774               
6       25             -0.11723808620887774               
4       29             -0.1172380862088778                
19      35             -0.1172380862088778                
19      37             -0.1172380862088778                
19      38             -0.1172380862088778                
19      44             -0.1172380862088778                
19      45             -0.1172380862088778                
29      33             -0.1172380862088778                
5       35             -0.11723808620887782               
19      46             -0.11723808620887782               
29      47             -0.11723808620887782               
5       37             -0.11723808620887785               
5       38             -0.11723808620887785               
5       46             -0.11723808620887785               
15      29             -0.11723808620887785               
5       44             -0.11723808620887788               
5       45             -0.11723808620887788               
15      35             -0.11723808620887788               
15      46             -0.11723808620887788               
31      33             -0.11723808620887788               
29      43             -0.11723808620887788               
29      40             -0.11723808620887788               
6       32             -0.11723808620887788               
15      37             -0.1172380862088779                
15      38             -0.1172380862088779                
15      44             -0.1172380862088779                
15      45             -0.1172380862088779                
29      39             -0.1172380862088779                
29      42             -0.1172380862088779                
29      41             -0.1172380862088779                
18      33             -0.1172380862088779                
38      41             -0.11723808620887793               
29      34             -0.11723808620887793               
31      47             -0.11723808620887793               
15      18             -0.11723808620887793               
18      47             -0.11723808620887793               
7       35             -0.11723808620887796               
7       37             -0.11723808620887796               
7       38             -0.11723808620887796               
7       46             -0.11723808620887796               
10      35             -0.11723808620887796               
10      38             -0.11723808620887796               
10      44             -0.11723808620887796               
10      46             -0.11723808620887796               
4       35             -0.11723808620887796               
22      31             -0.11723808620887796               
35      47             -0.11723808620887796               
37      47             -0.11723808620887796               
38      47             -0.11723808620887796               
46      47             -0.11723808620887796               
18      43             -0.11723808620887796               
18      40             -0.11723808620887796               
7       45             -0.11723808620887799               
10      37             -0.11723808620887799               
10      45             -0.11723808620887799               
4       44             -0.11723808620887799               
31      34             -0.11723808620887799               
31      42             -0.11723808620887799               
31      43             -0.11723808620887799               
35      40             -0.11723808620887799               
35      41             -0.11723808620887799               
37      40             -0.11723808620887799               
38      40             -0.11723808620887799               
44      47             -0.11723808620887799               
45      47             -0.11723808620887799               
31      40             -0.11723808620887799               
18      36             -0.11723808620887799               
18      39             -0.11723808620887799               
18      42             -0.11723808620887799               
18      41             -0.11723808620887799               
7       44             -0.11723808620887802               
4       38             -0.11723808620887802               
4       45             -0.11723808620887802               
4       46             -0.11723808620887802               
38      39             -0.11723808620887802               
13      29             -0.11723808620887802               
31      39             -0.11723808620887802               
37      41             -0.11723808620887802               
29      36             -0.11723808620887802               
31      41             -0.11723808620887802               
18      34             -0.11723808620887802               
3       26             -0.11723808620887802               
35      42             -0.11723808620887805               
37      39             -0.11723808620887805               
37      43             -0.11723808620887805               
38      43             -0.11723808620887805               
4       31             -0.11723808620887805               
31      36             -0.11723808620887805               
4       37             -0.11723808620887807               
35      43             -0.11723808620887807               
38      42             -0.11723808620887807               
16      37             -0.11723808620887807               
16      38             -0.11723808620887807               
23      35             -0.11723808620887807               
2       5              -0.11723808620887807               
1       29             -0.11723808620887807               
2       26             -0.11723808620887807               
35      36             -0.1172380862088781                
35      39             -0.1172380862088781                
37      42             -0.1172380862088781                
10      29             -0.1172380862088781                
16      35             -0.1172380862088781                
16      46             -0.1172380862088781                
23      37             -0.1172380862088781                
23      38             -0.1172380862088781                
23      46             -0.1172380862088781                
17      29             -0.11723808620887813               
16      44             -0.11723808620887813               
23      45             -0.11723808620887813               
17      18             -0.11723808620887813               
3       28             -0.11723808620887813               
8       18             -0.11723808620887816               
7       29             -0.11723808620887816               
16      45             -0.11723808620887816               
23      44             -0.11723808620887816               
3       27             -0.11723808620887816               
3       30             -0.11723808620887816               
3       25             -0.11723808620887816               
13      18             -0.11723808620887818               
24      35             -0.11723808620887821               
24      38             -0.11723808620887821               
4       14             -0.11723808620887821               
3       32             -0.11723808620887821               
2       25             -0.11723808620887821               
24      37             -0.11723808620887824               
24      44             -0.11723808620887824               
24      45             -0.11723808620887824               
24      46             -0.11723808620887824               
12      29             -0.11723808620887824               
1       38             -0.11723808620887824               
5       9              -0.11723808620887824               
23      29             -0.11723808620887824               
5       14             -0.11723808620887827               
13      31             -0.11723808620887827               
1       35             -0.11723808620887827               
1       37             -0.11723808620887827               
19      29             -0.11723808620887827               
11      33             -0.11723808620887827               
2       28             -0.11723808620887827               
5       31             -0.1172380862088783                
8       29             -0.1172380862088783                
1       44             -0.1172380862088783                
1       45             -0.1172380862088783                
1       46             -0.1172380862088783                
11      47             -0.1172380862088783                
2       27             -0.1172380862088783                
2       30             -0.1172380862088783                
12      18             -0.11723808620887832               
26      37             -0.11723808620887832               
26      38             -0.11723808620887832               
26      45             -0.11723808620887832               
26      31             -0.11723808620887832               
11      40             -0.11723808620887832               
11      41             -0.11723808620887832               
9       10             -0.11723808620887832               
26      35             -0.11723808620887835               
26      44             -0.11723808620887835               
26      46             -0.11723808620887835               
33      35             -0.11723808620887835               
33      37             -0.11723808620887835               
33      38             -0.11723808620887835               
11      39             -0.11723808620887835               
11      42             -0.11723808620887835               
11      43             -0.11723808620887835               
24      31             -0.11723808620887838               
25      38             -0.11723808620887838               
29      32             -0.11723808620887838               
33      45             -0.11723808620887838               
33      46             -0.11723808620887838               
7       18             -0.11723808620887838               
4       9              -0.11723808620887838               
3       13             -0.11723808620887838               
9       40             -0.11723808620887838               
9       41             -0.11723808620887838               
9       47             -0.11723808620887838               
25      37             -0.1172380862088784                
25      45             -0.1172380862088784                
25      46             -0.1172380862088784                
33      44             -0.1172380862088784                
29      30             -0.1172380862088784                
6       8              -0.1172380862088784                
11      34             -0.1172380862088784                
11      36             -0.1172380862088784                
26      29             -0.1172380862088784                
2       13             -0.1172380862088784                
9       39             -0.1172380862088784                
9       33             -0.1172380862088784                
3       10             -0.1172380862088784                
6       10             -0.1172380862088784                
5       11             -0.11723808620887843               
25      35             -0.11723808620887843               
25      44             -0.11723808620887843               
34      35             -0.11723808620887843               
34      38             -0.11723808620887843               
34      46             -0.11723808620887843               
1       14             -0.11723808620887843               
25      31             -0.11723808620887843               
10      18             -0.11723808620887843               
4       18             -0.11723808620887843               
9       42             -0.11723808620887843               
9       43             -0.11723808620887843               
34      37             -0.11723808620887846               
34      44             -0.11723808620887846               
34      45             -0.11723808620887846               
36      38             -0.11723808620887846               
25      29             -0.11723808620887846               
11      23             -0.11723808620887846               
2       32             -0.11723808620887846               
9       34             -0.11723808620887846               
9       36             -0.11723808620887846               
36      37             -0.11723808620887849               
11      16             -0.11723808620887849               
1       3              -0.11723808620887849               
27      35             -0.11723808620887852               
27      37             -0.11723808620887852               
27      38             -0.11723808620887852               
27      46             -0.11723808620887852               
28      35             -0.11723808620887852               
28      37             -0.11723808620887852               
28      38             -0.11723808620887852               
28      44             -0.11723808620887852               
28      46             -0.11723808620887852               
30      37             -0.11723808620887852               
30      38             -0.11723808620887852               
30      46             -0.11723808620887852               
5       18             -0.11723808620887852               
31      32             -0.11723808620887852               
36      45             -0.11723808620887852               
27      29             -0.11723808620887852               
28      29             -0.11723808620887852               
3       8              -0.11723808620887852               
27      45             -0.11723808620887854               
28      45             -0.11723808620887854               
30      35             -0.11723808620887854               
30      44             -0.11723808620887854               
30      45             -0.11723808620887854               
32      38             -0.11723808620887854               
21      31             -0.11723808620887854               
36      44             -0.11723808620887854               
36      46             -0.11723808620887854               
28      31             -0.11723808620887854               
9       12             -0.11723808620887854               
2       8              -0.11723808620887854               
3       5              -0.11723808620887854               
11      19             -0.11723808620887854               
2       10             -0.11723808620887854               
9       23             -0.11723808620887854               
3       33             -0.11723808620887854               
3       40             -0.11723808620887854               
3       47             -0.11723808620887854               
22      35             -0.11723808620887857               
22      38             -0.11723808620887857               
22      44             -0.11723808620887857               
22      45             -0.11723808620887857               
22      46             -0.11723808620887857               
27      44             -0.11723808620887857               
32      35             -0.11723808620887857               
32      37             -0.11723808620887857               
3       41             -0.11723808620887857               
22      37             -0.1172380862088786                
13      14             -0.1172380862088786                
32      44             -0.1172380862088786                
32      45             -0.1172380862088786                
32      46             -0.1172380862088786                
27      31             -0.1172380862088786                
7       9              -0.1172380862088786                
3       39             -0.1172380862088786                
3       42             -0.1172380862088786                
3       43             -0.1172380862088786                
3       16             -0.1172380862088786                
30      31             -0.11723808620887863               
14      26             -0.11723808620887863               
11      15             -0.11723808620887863               
9       16             -0.11723808620887863               
3       34             -0.11723808620887863               
3       19             -0.11723808620887863               
9       15             -0.11723808620887866               
3       4              -0.11723808620887866               
3       36             -0.11723808620887866               
2       41             -0.11723808620887866               
8       9              -0.11723808620887868               
1       31             -0.11723808620887868               
5       6              -0.11723808620887868               
9       19             -0.11723808620887868               
2       39             -0.11723808620887868               
2       33             -0.11723808620887868               
2       40             -0.11723808620887868               
2       47             -0.11723808620887868               
6       33             -0.11723808620887868               
6       41             -0.11723808620887868               
6       47             -0.11723808620887868               
40      44             -0.11723808620887871               
40      46             -0.11723808620887871               
41      44             -0.11723808620887871               
41      45             -0.11723808620887871               
41      46             -0.11723808620887871               
6       40             -0.11723808620887871               
14      25             -0.11723808620887874               
39      44             -0.11723808620887874               
39      46             -0.11723808620887874               
42      44             -0.11723808620887874               
7       11             -0.11723808620887874               
40      45             -0.11723808620887874               
4       11             -0.11723808620887874               
2       42             -0.11723808620887874               
6       39             -0.11723808620887874               
6       42             -0.11723808620887874               
6       43             -0.11723808620887874               
3       23             -0.11723808620887874               
24      29             -0.11723808620887877               
39      45             -0.11723808620887877               
42      45             -0.11723808620887877               
42      46             -0.11723808620887877               
43      44             -0.11723808620887877               
43      45             -0.11723808620887877               
43      46             -0.11723808620887877               
11      17             -0.11723808620887877               
3       12             -0.11723808620887877               
1       18             -0.11723808620887877               
6       34             -0.11723808620887877               
2       43             -0.11723808620887877               
14      27             -0.1172380862088788                
14      28             -0.1172380862088788                
14      30             -0.1172380862088788                
14      33             -0.1172380862088788                
14      41             -0.1172380862088788                
9       17             -0.1172380862088788                
2       34             -0.1172380862088788                
21      35             -0.11723808620887882               
21      37             -0.11723808620887882               
14      40             -0.11723808620887882               
14      47             -0.11723808620887882               
4       6              -0.11723808620887882               
6       36             -0.11723808620887882               
2       16             -0.11723808620887882               
6       23             -0.11723808620887882               
8       11             -0.11723808620887885               
21      38             -0.11723808620887885               
10      14             -0.11723808620887885               
14      32             -0.11723808620887885               
11      22             -0.11723808620887885               
2       36             -0.11723808620887885               
2       23             -0.11723808620887885               
6       19             -0.11723808620887885               
21      46             -0.11723808620887888               
6       16             -0.11723808620887888               
7       14             -0.1172380862088789                
21      44             -0.1172380862088789                
21      45             -0.1172380862088789                
11      24             -0.1172380862088789                
14      39             -0.1172380862088789                
11      21             -0.1172380862088789                
2       19             -0.1172380862088789                
14      34             -0.11723808620887893               
14      36             -0.11723808620887893               
14      42             -0.11723808620887893               
14      43             -0.11723808620887893               
2       12             -0.11723808620887893               
9       22             -0.11723808620887893               
10      31             -0.11723808620887896               
18      23             -0.11723808620887896               
3       17             -0.11723808620887896               
2       15             -0.11723808620887896               
3       15             -0.11723808620887896               
6       15             -0.11723808620887896               
12      31             -0.11723808620887899               
1       6              -0.11723808620887899               
9       24             -0.11723808620887902               
9       21             -0.11723808620887902               
8       14             -0.11723808620887904               
3       24             -0.11723808620887904               
14      23             -0.11723808620887907               
6       12             -0.11723808620887907               
3       21             -0.11723808620887907               
18      19             -0.11723808620887907               
3       22             -0.11723808620887907               
9       32             -0.1172380862088791                
2       17             -0.1172380862088791                
11      12             -0.11723808620887913               
7       31             -0.11723808620887913               
21      29             -0.11723808620887913               
9       27             -0.11723808620887913               
9       26             -0.11723808620887913               
22      29             -0.11723808620887916               
9       28             -0.11723808620887916               
9       30             -0.11723808620887916               
14      19             -0.11723808620887918               
10      11             -0.11723808620887918               
2       21             -0.11723808620887918               
2       22             -0.11723808620887918               
6       22             -0.11723808620887918               
6       17             -0.11723808620887918               
9       25             -0.11723808620887918               
6       21             -0.11723808620887921               
14      15             -0.11723808620887924               
1       11             -0.11723808620887924               
2       24             -0.11723808620887924               
1       2              -0.11723808620887924               
9       13             -0.11723808620887927               
6       24             -0.11723808620887927               
14      16             -0.1172380862088793                
18      22             -0.11723808620887932               
11      26             -0.11723808620887935               
14      22             -0.11723808620887938               
18      24             -0.11723808620887938               
1       9              -0.11723808620887938               
11      25             -0.1172380862088794                
8       31             -0.11723808620887943               
18      21             -0.11723808620887943               
11      28             -0.11723808620887943               
14      21             -0.11723808620887946               
14      24             -0.11723808620887946               
14      17             -0.11723808620887952               
11      30             -0.11723808620887952               
11      32             -0.11723808620887954               
11      27             -0.11723808620887954               
12      14             -0.1172380862088796                
11      13             -0.1172380862088796                
18      26             -0.11723808620887977               
18      25             -0.1172380862088798                
18      27             -0.11723808620887985               
18      32             -0.11723808620887988               
18      28             -0.11723808620887988               
18      30             -0.1172380862088799                
2       4              -0.1172380862088803                
