#======================================================================
# PARAMETERS USED FOR THIS COMPUTATION: 
#      Sequence type: RNA
#      Total number of sequences in alignment data: 12
#      Length of sequences in alignment data: 34
#      Effective number of sequences: 10.0
#      Value of sequence identity: 0.8
#      Value of relative pseudocount: 0.5
# The First and Second columns represent sites and the
# Third column is MFDCA Frobenius norm, average product corrected (APC) DCA score
#======================================================================
12      21             2.007392376448991                  
8       25             1.9456328483584202                 
2       31             1.8499053891478616                 
7       26             1.6287427681971045                 
3       30             1.2868681351857005                 
14      19             1.2459801016549898                 
13      20             1.1040932102538643                 
9       24             1.0192464994268098                 
6       27             0.9638604798491767                 
1       32             0.8603267084211978                 
14      15             0.8505413479981999                 
15      19             0.8505413479981998                 
13      23             0.8426983596200819                 
20      23             0.84269835962008                   
30      34             0.7961551545745448                 
3       34             0.7961551545745417                 
9       15             0.766745850353495                  
15      24             0.7667458503534949                 
28      34             0.6823649841979172                 
17      23             0.6727197499355796                 
28      33             0.6268576173639362                 
5       28             0.6264861664338439                 
16      20             0.6196104036897231                 
13      16             0.6196104036897229                 
7       17             0.5904298141935984                 
17      26             0.5904298141935971                 
6       34             0.558620736877266                  
27      34             0.5586207368772652                 
27      30             0.5576464403888967                 
6       30             0.5576464403888961                 
3       6              0.5576464403888959                 
3       27             0.5576464403888951                 
9       28             0.5572381896953591                 
24      28             0.5572381896953559                 
21      33             0.545189777948748                  
12      33             0.5451897779487471                 
9       18             0.5321063376314069                 
18      24             0.5321063376314064                 
10      23             0.5004964596343017                 
5       24             0.4760256482925853                 
5       9              0.4760256482925852                 
10      18             0.47531020676611935                
17      20             0.4319228511644795                 
13      17             0.4319228511644788                 
18      28             0.4067781608116996                 
16      26             0.3987791774732339                 
7       16             0.39877917747323366                
5       18             0.39741461190130845                
5       15             0.36192896790924134                
22      29             0.35962181233891133                
4       11             0.3596218123389081                 
4       22             0.3596218123389079                 
4       29             0.3596218123389078                 
11      29             0.35962181233890766                
11      22             0.35962181233890733                
17      18             0.3475187996177902                 
5       16             0.33651776427330604                
15      28             0.33227501852520447                
13      31             0.3188625721628737                 
2       20             0.3188625721628734                 
2       13             0.31886257216287306                
20      31             0.31886257216287206                
30      31             0.3045118295030299                 
2       30             0.30451182950302913                
2       3              0.3045118295030288                 
3       31             0.3045118295030278                 
28      30             0.29963437373883417                
3       28             0.29963437373883384                
14      16             0.2862522471781215                 
16      19             0.2862522471781215                 
10      13             0.283310633082444                  
10      20             0.2833106330824424                 
7       23             0.2830977229372127                 
23      26             0.2830977229372118                 
7       30             0.2805760816474626                 
3       7              0.28057608164746184                
3       26             0.2805760816474616                 
26      30             0.2805760816474613                 
15      18             0.27646191295737665                
5       34             0.2671965102050551                 
1       31             0.2611952743315691                 
1       2              0.26119527433156886                
2       32             0.26119527433156864                
31      32             0.26119527433156686                
16      28             0.2590467013064599                 
5       19             0.2569825977658998                 
5       14             0.2569825977658995                 
10      28             0.252868668997                     
11      14             0.2309992998908693                 
19      29             0.23099929989086848                
19      22             0.23099929989086843                
14      29             0.2309992998908684                 
4       19             0.23099929989086834                
14      22             0.2309992998908683                 
11      19             0.23099929989086784                
4       14             0.2309992998908678                 
16      33             0.22462169896678064                
5       12             0.22309087150642515                
5       21             0.22309087150642426                
20      33             0.19736971071867515                
13      33             0.19736971071867482                
33      34             0.18696450614156856                
18      34             0.1856486661482598                 
5       10             0.17937219761100787                
10      16             0.1749576784120347                 
18      25             0.1677599853759223                 
8       18             0.16775998537592174                
26      33             0.160877993719877                  
7       33             0.16087799371987654                
5       33             0.15845305705663648                
2       33             0.15591556729304978                
31      33             0.15591556729304912                
22      27             0.15046663949960232                
27      29             0.15046663949960148                
6       29             0.1504666394995996                 
6       22             0.15046663949959949                
4       27             0.15046663949959932                
4       6              0.1504666394995992                 
6       11             0.1504666394995987                 
11      27             0.15046663949959832                
9       10             0.14628076262645984                
10      24             0.14628076262645862                
21      26             0.143011342351399                  
7       12             0.143011342351399                  
12      26             0.14301134235139878                
7       21             0.14301134235139856                
16      17             0.13976406188590595                
10      17             0.13827975357014233                
11      32             0.13748463799007077                
1       22             0.1374846379900702                 
1       29             0.13748463799007016                
1       4              0.13748463799007005                
1       11             0.13748463799007                   
4       32             0.13748463799007                   
22      32             0.13748463799006905                
29      32             0.13748463799006722                
22      24             0.13617282537055947                
11      24             0.13617282537055886                
24      29             0.13617282537055858                
4       24             0.13617282537055814                
4       9              0.13617282537055803                
9       11             0.13617282537055747                
9       22             0.13617282537055675                
9       29             0.13617282537055658                
2       25             0.128165957774535                  
2       8              0.12816595777453388                
8       31             0.12816595777453388                
25      31             0.12816595777453332                
12      20             0.12581418350090556                
20      21             0.1258141835009049                 
12      13             0.12581418350090445                
13      21             0.12581418350090434                
1       17             0.09869946193669676                
17      32             0.09869946193669654                
21      25             0.09713611287062718                
8       12             0.09713611287062651                
8       21             0.09713611287062629                
12      25             0.09713611287062485                
8       33             0.08944314754063454                
25      33             0.08944314754063376                
5       8              0.08586423520283104                
5       25             0.08586423520283037                
23      29             0.08517361449425193                
4       23             0.08517361449425048                
22      23             0.08517361449424993                
11      23             0.08517361449424887                
6       7              0.08240439997169702                
7       27             0.08240439997169657                
6       26             0.08240439997169591                
26      27             0.08240439997169535                
17      34             0.07906429090685607                
10      27             0.07890172072018242                
6       10             0.07890172072018231                
7       18             0.07262934717744152                
18      26             0.07262934717744107                
12      28             0.062180507295945486               
21      28             0.06218050729594493                
27      28             0.06215784791918555                
6       28             0.06215784791918377                
16      34             0.06162329477889883                
4       8              0.06108290276910394                
25      29             0.06108290276910344                
11      25             0.061082902769103276               
4       25             0.06108290276910272                
22      25             0.06108290276910239                
8       29             0.061082902769102                  
8       22             0.06108290276910178                
8       11             0.06108290276910033                
10      33             0.05992299343570118                
17      33             0.05715376592083965                
2       18             0.05706469057241503                
18      31             0.05706469057241481                
1       26             0.053382608058118786               
26      32             0.053382608058118675               
7       32             0.053382608058118564               
1       7              0.05338260805811812                
10      19             0.04931901576859743                
10      14             0.04931901576859604                
24      33             0.03622848980548932                
9       33             0.036228489805488984               
20      26             0.03415270816960636                
7       13             0.034152708169605916               
13      26             0.034152708169604695               
7       20             0.03415270816960425                
8       15             0.032437668410254306               
15      25             0.03243766841025386                
12      18             0.031849794116786345               
18      21             0.0318497941167859                 
1       21             0.019573721313803083               
1       12             0.019573721313802528               
12      32             0.019573721313802306               
21      32             0.019573721313801418               
20      29             0.017508650711102303               
20      22             0.017508650711102247               
11      13             0.01750865071110208                
11      20             0.01750865071110158                
4       13             0.01750865071110047                
4       20             0.01750865071109986                
13      29             0.017508650711098916               
13      22             0.01750865071109886                
3       32             0.0168965660089212                 
1       3              0.016896566008920533               
1       30             0.016896566008920533               
30      32             0.016896566008919867               
12      34             0.016847578661459472               
21      34             0.016847578661457696               
11      15             0.01579789258779213                
15      29             0.01579789258779163                
15      22             0.015797892587791573               
4       15             0.01579789258779063                
1       8              0.003828065944439407               
1       25             0.003828065944439296               
25      32             0.003828065944438963               
8       32             0.00382806594443863                
15      16             0.00033177014027174767             
4       31             -0.0006230518990711365             
2       22             -0.000623051899071414              
2       29             -0.000623051899071525              
11      31             -0.0006230518990721357             
2       4              -0.0006230518990727463             
2       11             -0.0006230518990727463             
29      31             -0.0006230518990730238             
22      31             -0.0006230518990751888             
12      17             -0.0057921940884436696             
17      21             -0.005792194088444114              
19      32             -0.019156387373587658              
14      32             -0.019156387373588213              
1       19             -0.019156387373588546              
1       14             -0.0191563873735896                
10      21             -0.02023994859856626               
10      12             -0.02023994859856637               
10      15             -0.023778929493803336              
1       18             -0.028563999498013914              
18      32             -0.028563999498013914              
14      24             -0.03318871684358071               
9       19             -0.0331887168435816                
9       14             -0.03318871684358232               
19      24             -0.03318871684358654               
6       14             -0.03423625680841119               
19      27             -0.034236256808411414              
6       19             -0.034236256808411525              
14      27             -0.03423625680841158               
2       6              -0.037450469234535155              
2       27             -0.037450469234535266              
27      31             -0.037450469234535266              
6       31             -0.037450469234535544              
10      11             -0.0395892454755557                
4       10             -0.03958924547555659               
10      22             -0.039589245475556756              
10      29             -0.03958924547555681               
7       8              -0.04270331283877249               
8       26             -0.04270331283877282               
7       25             -0.042703312838773155              
25      26             -0.042703312838774266              
16      18             -0.04639470182694749               
24      32             -0.04988325643895514               
9       32             -0.04988325643895569               
1       9              -0.04988325643895719               
1       24             -0.04988325643895758               
3       12             -0.05219338816689678               
21      30             -0.052193388166897                 
3       21             -0.052193388166897225              
12      30             -0.052193388166897225              
19      23             -0.052321556613173725              
14      23             -0.05232155661317395               
8       17             -0.05269338339010532               
17      25             -0.05269338339010632               
16      30             -0.05314007583993052               
3       16             -0.053140075839930634              
2       23             -0.06109192011084025               
23      31             -0.06109192011084136               
27      33             -0.0634523352713009                
6       33             -0.06345233527130123               
32      34             -0.0654704759924234                
1       34             -0.0654704759924235                
5       7              -0.06696627351758566               
5       26             -0.06696627351758577               
6       32             -0.07428488474663664               
1       27             -0.07428488474663869               
1       6              -0.0742848847466388                
27      32             -0.0742848847466393                
18      23             -0.07845095556604531               
1       16             -0.08303255109035212               
16      32             -0.0830325510903529                
25      28             -0.08666700504097447               
8       28             -0.08666700504097502               
2       17             -0.08877764612355388               
17      31             -0.08877764612355454               
16      25             -0.08955135552654825               
8       16             -0.08955135552654825               
3       5              -0.09118506245338831               
5       30             -0.09118506245338831               
24      27             -0.09482920365514907               
6       24             -0.0948292036551503                
6       9              -0.09482920365515035               
9       27             -0.09482920365515207               
8       9              -0.10539612462829451               
24      25             -0.10539612462829479               
9       25             -0.10539612462829534               
8       24             -0.10539612462829556               
4       34             -0.10794793489092913               
11      34             -0.10794793489092919               
22      34             -0.10794793489093069               
29      34             -0.10794793489093163               
10      30             -0.10908524502610562               
3       10             -0.10908524502610628               
23      32             -0.11029883210150865               
1       23             -0.11029883210150876               
18      33             -0.11095824755201567               
14      25             -0.1137845185928546                
8       19             -0.11378451859285499               
8       14             -0.11378451859285521               
19      25             -0.1137845185928581                
16      23             -0.11955396441011534               
13      19             -0.12075351369067922               
14      20             -0.12075351369067983               
13      14             -0.12075351369068066               
19      20             -0.12075351369068171               
15      33             -0.1231030673815744                
2       19             -0.12904901473382935               
14      31             -0.1290490147338299                
19      31             -0.1290490147338303                
2       14             -0.12904901473383057               
23      27             -0.1300279576133549                
6       23             -0.13002795761335584               
5       17             -0.13204597426885945               
7       15             -0.13364687701426647               
15      26             -0.13364687701426703               
8       23             -0.13530103909772118               
23      25             -0.1353010390977219                
11      17             -0.13866057949897648               
4       17             -0.13866057949897664               
17      29             -0.13866057949897725               
17      22             -0.1386605794989773                
11      12             -0.14052413668607414               
4       21             -0.140524136686076                 
21      29             -0.14052413668607636               
21      22             -0.1405241366860764                
11      21             -0.14052413668607655               
12      29             -0.1405241366860768                
12      22             -0.14052413668607686               
4       12             -0.14052413668607736               
17      28             -0.1410871913022923                
29      30             -0.1492021649464975                
3       4              -0.14920216494649816               
22      30             -0.14920216494649818               
4       30             -0.14920216494649857               
3       11             -0.14920216494649877               
3       22             -0.14920216494649893               
3       29             -0.14920216494649896               
11      30             -0.14920216494649935               
17      19             -0.15504702932241438               
14      17             -0.15504702932241465               
23      30             -0.1552435419531048                
3       23             -0.15524354195310497               
23      24             -0.1570789470758603                
9       23             -0.15707894707586045               
8       34             -0.16409466313792936               
25      34             -0.1640946631379298                
32      33             -0.1698096989122514                
1       33             -0.16980969891225184               
26      28             -0.1730037784797085                
7       28             -0.17300377847970938               
3       33             -0.17507091062177016               
30      33             -0.17507091062177071               
10      32             -0.18499099661945878               
1       10             -0.18499099661945956               
10      34             -0.1898265598140535                
15      31             -0.19110499411980425               
2       15             -0.1911049941198048                
24      34             -0.19148268667015816               
9       34             -0.19148268667015883               
12      16             -0.1924736116940492                
16      21             -0.1924736116940502                
18      20             -0.1929962368577416                
13      18             -0.19299623685774214               
2       12             -0.19665254107657032               
12      31             -0.19665254107657076               
21      31             -0.1966525410765712                
2       21             -0.19665254107657137               
26      34             -0.19761814907089792               
7       34             -0.1976181490708988                
12      19             -0.20045995995574184               
14      21             -0.20045995995574195               
12      14             -0.200459959955742                 
19      21             -0.20045995995574284               
5       6              -0.2045992212928806                
5       27             -0.20459922129288105               
15      32             -0.2118197874407982                
1       15             -0.21181978744079832               
6       8              -0.212727964201382                 
8       27             -0.21272796420138246               
6       25             -0.21272796420138274               
25      27             -0.2127279642013838                
5       23             -0.21440180999942787               
13      25             -0.21471824394963707               
8       13             -0.21471824394963734               
8       20             -0.21471824394963762               
20      25             -0.21471824394963768               
2       34             -0.21833481646415182               
31      34             -0.21833481646415182               
9       31             -0.22412745047682753               
2       24             -0.2241274504768277                
2       9              -0.2241274504768278                
24      31             -0.22412745047682792               
18      19             -0.227020826897865                 
14      18             -0.2270208268978653                
9       30             -0.23172597987617033               
3       9              -0.23172597987617044               
3       24             -0.23172597987617138               
24      30             -0.23172597987617144               
15      17             -0.23507352026711742               
11      16             -0.23548798481880134               
16      29             -0.23548798481880212               
16      22             -0.2354879848188022                
4       16             -0.23548798481880254               
12      15             -0.2373945484868496                
15      21             -0.2373945484868497                
23      33             -0.23760886142713733               
6       17             -0.2387496871576385                
17      27             -0.23874968715763883               
7       11             -0.23900260530767653               
22      26             -0.23900260530767675               
4       26             -0.23900260530767678               
11      26             -0.23900260530767678               
4       7              -0.23900260530767686               
7       22             -0.23900260530767753               
7       29             -0.23900260530767758               
26      29             -0.2390026053076778                
1       28             -0.24756377410428093               
28      32             -0.24756377410428176               
5       11             -0.24850250055831297               
4       5              -0.24850250055831344               
5       29             -0.24850250055831424               
5       22             -0.24850250055831433               
20      27             -0.25363423786572503               
6       20             -0.2536342378657255                
6       13             -0.2536342378657261                
13      27             -0.25363423786572686               
16      24             -0.25470585428131637               
9       16             -0.25470585428131653               
15      27             -0.25602129384145356               
6       15             -0.2560212938414538                
9       13             -0.2577654672919243                
20      24             -0.2577654672919245                
13      24             -0.2577654672919246                
9       20             -0.2577654672919255                
13      32             -0.25784914026011735               
20      32             -0.25784914026011746               
1       13             -0.2578491402601178                
1       20             -0.257849140260118                 
15      23             -0.2607856390777613                
10      26             -0.2612485761760285                
7       10             -0.2612485761760287                
14      34             -0.26383412302678916               
19      34             -0.26383412302679016               
21      23             -0.2678845796226566                
12      23             -0.26788457962265666               
14      33             -0.2682123998621368                
19      33             -0.26821239986213774               
15      34             -0.2682770121946882                
6       16             -0.2704087901207209                
16      27             -0.2704087901207215                
18      29             -0.27667827926432986               
18      22             -0.27667827926433                  
4       18             -0.2766782792643301                
11      18             -0.2766782792643318                
7       24             -0.2794484331560512                
7       9              -0.2794484331560512                
9       26             -0.2794484331560513                
24      26             -0.27944843315605206               
15      30             -0.28058140239536217               
3       15             -0.2805814023953625                
19      28             -0.28083024730620365               
14      28             -0.280830247306205                 
14      30             -0.28122637292748515               
3       19             -0.2812263729274854                
3       14             -0.2812263729274862                
19      30             -0.28122637292748626               
20      30             -0.28438095660418455               
3       13             -0.2843809566041856                
13      30             -0.2843809566041859                
3       20             -0.284380956604186                 
16      31             -0.28613411483772433               
2       16             -0.2861341148377245                
10      25             -0.2973888894681426                
8       10             -0.2973888894681431                
3       18             -0.3023085437963209                
18      30             -0.30230854379632144               
7       19             -0.31043393034770644               
7       14             -0.3104339303477069                
14      26             -0.310433930347707                 
19      26             -0.310433930347707                 
4       28             -0.3110288710663469                
11      28             -0.311028871066347                 
28      29             -0.3110288710663472                
22      28             -0.31102887106634747               
18      27             -0.31787339185749064               
6       18             -0.3178733918574907                
9       17             -0.33163381108050377               
17      24             -0.331633811080504                 
9       12             -0.3395216885775579                
9       21             -0.33952168857755893               
12      24             -0.33952168857755893               
21      24             -0.33952168857755916               
5       13             -0.3404994551008365                
5       20             -0.34049945510083685               
17      30             -0.3440955827367701                
3       17             -0.34409558273677143               
23      34             -0.34409592474819595               
20      34             -0.3443831187081294                
13      34             -0.34438311870812965               
2       10             -0.36006208312339316               
10      31             -0.3600620831233934                
6       12             -0.36328455372765167               
6       21             -0.3632845537276518                
12      27             -0.3632845537276521                
21      27             -0.36328455372765267               
1       5              -0.3659059207510425                
5       32             -0.36590592075104306               
2       5              -0.3670552102098832                
5       31             -0.3670552102098833                
22      33             -0.37445580448175786               
4       33             -0.3744558044817582                
29      33             -0.37445580448175825               
11      33             -0.37445580448175886               
2       28             -0.38034317237772847               
28      31             -0.38034317237772913               
3       8              -0.4086193803908341                
8       30             -0.40861938039083423               
25      30             -0.4086193803908348                
3       25             -0.4086193803908349                
15      20             -0.412407046708191                 
13      15             -0.41240704670819184               
20      28             -0.42367635872532194               
13      28             -0.42367635872532233               
23      28             -0.4345157906684296                
2       26             -0.4799514674280208                
2       7              -0.4799514674280213                
7       31             -0.4799514674280213                
26      31             -0.47995146742802164               
