#======================================================================
# PARAMETERS USED FOR THIS COMPUTATION: 
#      Sequence type: RNA
#      Total number of sequences in alignment data: 2
#      Length of sequences in alignment data: 34
#      Effective number of sequences: 1.0
#      Value of sequence identity: 0.8
#      Value of relative pseudocount: 0.5
# The First and Second columns represent sites and the
# Third column is MFDCA Frobenius norm, average product corrected (APC) DCA score
#======================================================================
6       8              0.00018867581613868367             
8       9              0.00018867581613846163             
8       10             0.00018867581613840612             
6       7              0.00018867581613840612             
7       9              0.0001886758161383506              
2       3              0.00018867581613818407             
7       10             0.0001886758161377955              
3       6              0.0001886758161377955              
3       8              0.00018867581613751794             
3       7              0.00018867581613746243             
9       10             0.0001886758161372959              
6       12             0.0001886758161372959              
18      20             0.00018867581613724038             
15      19             0.00018867581613718487             
18      19             0.00018867581613718487             
16      18             0.00018867581613718487             
3       4              0.00018867581613712936             
3       12             0.00018867581613707385             
15      20             0.00018867581613701834             
15      18             0.00018867581613701834             
15      16             0.00018867581613696283             
16      17             0.00018867581613690732             
6       11             0.0001886758161367963              
12      18             0.0001886758161367963              
3       5              0.00018867581613674078             
15      17             0.00018867581613674078             
12      16             0.00018867581613674078             
1       2              0.00018867581613668527             
12      17             0.00018867581613668527             
7       8              0.00018867581613662976             
11      18             0.00018867581613657425             
6       20             0.00018867581613651874             
6       19             0.00018867581613640771             
17      18             0.00018867581613640771             
4       6              0.0001886758161363522              
12      15             0.0001886758161363522              
2       4              0.0001886758161362967              
3       11             0.00018867581613624118             
4       7              0.00018867581613618567             
12      13             0.00018867581613618567             
11      16             0.00018867581613618567             
11      13             0.00018867581613613016             
5       8              0.00018867581613607465             
1       9              0.00018867581613607465             
11      17             0.00018867581613607465             
13      15             0.00018867581613607465             
5       9              0.00018867581613601914             
11      15             0.00018867581613601914             
13      18             0.00018867581613596363             
14      15             0.00018867581613596363             
14      18             0.00018867581613596363             
5       7              0.00018867581613590811             
13      16             0.0001886758161358526              
1       8              0.0001886758161357971              
12      14             0.0001886758161357971              
14      16             0.0001886758161357971              
4       9              0.00018867581613574158             
1       4              0.00018867581613574158             
28      30             0.00018867581613568607             
28      31             0.00018867581613568607             
29      30             0.00018867581613568607             
3       19             0.00018867581613563056             
3       20             0.00018867581613563056             
28      29             0.00018867581613563056             
22      26             0.00018867581613563056             
28      32             0.00018867581613563056             
28      33             0.00018867581613563056             
23      32             0.00018867581613563056             
25      32             0.00018867581613563056             
26      32             0.00018867581613563056             
30      31             0.00018867581613563056             
30      32             0.00018867581613563056             
30      33             0.00018867581613563056             
31      33             0.00018867581613563056             
24      28             0.00018867581613557505             
21      23             0.00018867581613557505             
21      25             0.00018867581613557505             
21      32             0.00018867581613557505             
22      32             0.00018867581613557505             
29      31             0.00018867581613557505             
29      32             0.00018867581613557505             
29      33             0.00018867581613557505             
23      25             0.00018867581613557505             
23      30             0.00018867581613557505             
23      31             0.00018867581613557505             
23      33             0.00018867581613557505             
25      26             0.00018867581613557505             
25      33             0.00018867581613557505             
26      33             0.00018867581613557505             
31      32             0.00018867581613557505             
32      33             0.00018867581613557505             
4       10             0.00018867581613551954             
2       10             0.00018867581613551954             
21      22             0.00018867581613551954             
21      24             0.00018867581613551954             
21      28             0.00018867581613551954             
22      24             0.00018867581613551954             
22      28             0.00018867581613551954             
27      28             0.00018867581613551954             
11      14             0.00018867581613551954             
21      26             0.00018867581613551954             
21      30             0.00018867581613551954             
21      31             0.00018867581613551954             
21      33             0.00018867581613551954             
22      23             0.00018867581613551954             
22      25             0.00018867581613551954             
22      30             0.00018867581613551954             
22      31             0.00018867581613551954             
23      24             0.00018867581613551954             
23      27             0.00018867581613551954             
23      28             0.00018867581613551954             
23      29             0.00018867581613551954             
24      25             0.00018867581613551954             
24      26             0.00018867581613551954             
24      30             0.00018867581613551954             
24      31             0.00018867581613551954             
24      32             0.00018867581613551954             
24      33             0.00018867581613551954             
25      27             0.00018867581613551954             
25      28             0.00018867581613551954             
26      27             0.00018867581613551954             
26      28             0.00018867581613551954             
27      30             0.00018867581613551954             
27      32             0.00018867581613551954             
23      26             0.00018867581613551954             
25      30             0.00018867581613551954             
26      30             0.00018867581613551954             
6       9              0.00018867581613551954             
1       10             0.00018867581613546403             
2       8              0.00018867581613546403             
13      17             0.00018867581613546403             
21      27             0.00018867581613546403             
22      27             0.00018867581613546403             
24      27             0.00018867581613546403             
24      29             0.00018867581613546403             
27      29             0.00018867581613546403             
22      33             0.00018867581613546403             
26      29             0.00018867581613546403             
27      31             0.00018867581613546403             
25      31             0.00018867581613546403             
26      31             0.00018867581613546403             
5       10             0.00018867581613540851             
13      14             0.00018867581613540851             
21      29             0.00018867581613540851             
22      29             0.00018867581613540851             
25      29             0.00018867581613540851             
27      33             0.00018867581613540851             
14      17             0.00018867581613540851             
14      20             0.000188675816135353               
2       5              0.000188675816135353               
2       9              0.000188675816135353               
2       7              0.000188675816135353               
14      19             0.0001886758161352975              
1       3              0.00018867581613524198             
19      23             0.00018867581613518647             
19      32             0.00018867581613518647             
20      23             0.00018867581613518647             
20      21             0.00018867581613513096             
20      25             0.00018867581613513096             
20      26             0.00018867581613513096             
20      30             0.00018867581613513096             
20      32             0.00018867581613513096             
20      33             0.00018867581613513096             
6       10             0.00018867581613513096             
5       6              0.00018867581613513096             
19      25             0.00018867581613507545             
19      26             0.00018867581613507545             
19      31             0.00018867581613507545             
20      22             0.00018867581613507545             
20      24             0.00018867581613507545             
20      27             0.00018867581613507545             
20      28             0.00018867581613507545             
20      31             0.00018867581613507545             
4       8              0.00018867581613507545             
7       12             0.00018867581613507545             
13      19             0.00018867581613501994             
19      21             0.00018867581613501994             
19      24             0.00018867581613501994             
19      28             0.00018867581613501994             
19      30             0.00018867581613501994             
19      33             0.00018867581613501994             
4       12             0.00018867581613501994             
13      20             0.00018867581613496442             
4       5              0.00018867581613496442             
19      22             0.00018867581613496442             
19      27             0.00018867581613496442             
20      29             0.00018867581613496442             
1       5              0.00018867581613496442             
19      29             0.00018867581613490891             
1       7              0.00018867581613490891             
3       9              0.0001886758161348534              
3       10             0.0001886758161347979              
10      18             0.0001886758161347979              
10      16             0.00018867581613474238             
1       6              0.00018867581613474238             
1       16             0.00018867581613468687             
17      19             0.00018867581613463136             
7       11             0.00018867581613463136             
5       16             0.00018867581613463136             
1       18             0.00018867581613463136             
17      20             0.00018867581613457585             
2       11             0.00018867581613457585             
10      17             0.00018867581613457585             
16      20             0.00018867581613457585             
2       6              0.00018867581613457585             
2       12             0.00018867581613457585             
12      20             0.00018867581613452034             
16      19             0.00018867581613452034             
1       11             0.00018867581613452034             
12      19             0.00018867581613446482             
2       15             0.00018867581613446482             
5       18             0.00018867581613446482             
7       20             0.0001886758161344093              
8       13             0.0001886758161344093              
14      21             0.0001886758161344093              
14      30             0.0001886758161344093              
14      31             0.0001886758161344093              
1       17             0.0001886758161344093              
5       15             0.0001886758161344093              
2       18             0.0001886758161344093              
1       12             0.0001886758161344093              
9       16             0.0001886758161344093              
9       18             0.0001886758161344093              
8       16             0.0001886758161344093              
19      20             0.0001886758161343538              
7       19             0.0001886758161343538              
14      24             0.0001886758161343538              
11      21             0.0001886758161343538              
14      32             0.0001886758161343538              
11      23             0.0001886758161343538              
11      31             0.0001886758161343538              
11      33             0.0001886758161343538              
1       15             0.0001886758161343538              
10      13             0.0001886758161342983              
14      28             0.0001886758161342983              
14      29             0.0001886758161342983              
11      24             0.0001886758161342983              
14      23             0.0001886758161342983              
14      26             0.0001886758161342983              
14      33             0.0001886758161342983              
8       14             0.0001886758161342983              
11      25             0.0001886758161342983              
11      30             0.0001886758161342983              
11      32             0.0001886758161342983              
10      15             0.0001886758161342983              
5       12             0.0001886758161342983              
8       18             0.0001886758161342983              
4       14             0.00018867581613424278             
9       13             0.00018867581613424278             
14      22             0.00018867581613424278             
14      27             0.00018867581613424278             
11      22             0.00018867581613424278             
11      28             0.00018867581613424278             
11      29             0.00018867581613424278             
11      26             0.00018867581613424278             
9       17             0.00018867581613424278             
11      27             0.00018867581613418727             
14      25             0.00018867581613418727             
17      21             0.00018867581613418727             
4       16             0.00018867581613418727             
4       18             0.00018867581613418727             
2       16             0.00018867581613418727             
5       14             0.00018867581613413176             
10      31             0.00018867581613413176             
17      22             0.00018867581613413176             
17      23             0.00018867581613413176             
17      30             0.00018867581613413176             
17      31             0.00018867581613413176             
17      32             0.00018867581613413176             
9       15             0.00018867581613413176             
8       15             0.00018867581613413176             
7       18             0.00018867581613413176             
4       13             0.00018867581613407625             
4       11             0.00018867581613407625             
10      25             0.00018867581613407625             
10      30             0.00018867581613407625             
10      32             0.00018867581613407625             
9       21             0.00018867581613407625             
1       22             0.00018867581613407625             
9       25             0.00018867581613407625             
9       32             0.00018867581613407625             
17      24             0.00018867581613407625             
17      27             0.00018867581613407625             
17      28             0.00018867581613407625             
17      29             0.00018867581613407625             
17      25             0.00018867581613407625             
17      26             0.00018867581613407625             
17      33             0.00018867581613407625             
7       16             0.00018867581613407625             
6       16             0.00018867581613407625             
10      29             0.00018867581613402074             
2       14             0.00018867581613402074             
10      23             0.00018867581613402074             
10      26             0.00018867581613402074             
10      33             0.00018867581613402074             
9       22             0.00018867581613402074             
9       29             0.00018867581613402074             
1       21             0.00018867581613402074             
9       26             0.00018867581613402074             
9       31             0.00018867581613402074             
1       30             0.00018867581613402074             
1       32             0.00018867581613402074             
1       33             0.00018867581613402074             
4       15             0.00018867581613402074             
12      32             0.00018867581613402074             
16      25             0.00018867581613402074             
10      21             0.00018867581613396522             
10      22             0.00018867581613396522             
10      24             0.00018867581613396522             
10      27             0.00018867581613396522             
10      28             0.00018867581613396522             
2       21             0.00018867581613396522             
13      23             0.00018867581613396522             
13      30             0.00018867581613396522             
9       24             0.00018867581613396522             
9       27             0.00018867581613396522             
9       28             0.00018867581613396522             
1       24             0.00018867581613396522             
1       29             0.00018867581613396522             
7       14             0.00018867581613396522             
9       30             0.00018867581613396522             
9       33             0.00018867581613396522             
1       23             0.00018867581613396522             
1       25             0.00018867581613396522             
1       26             0.00018867581613396522             
1       31             0.00018867581613396522             
12      21             0.00018867581613396522             
12      28             0.00018867581613396522             
12      29             0.00018867581613396522             
12      25             0.00018867581613396522             
12      30             0.00018867581613396522             
16      33             0.00018867581613396522             
10      14             0.0001886758161339097              
13      21             0.0001886758161339097              
13      22             0.0001886758161339097              
13      24             0.0001886758161339097              
2       22             0.0001886758161339097              
4       17             0.0001886758161339097              
13      25             0.0001886758161339097              
5       17             0.0001886758161339097              
1       27             0.0001886758161339097              
1       28             0.0001886758161339097              
9       23             0.0001886758161339097              
8       29             0.0001886758161339097              
8       17             0.0001886758161339097              
12      27             0.0001886758161339097              
7       15             0.0001886758161339097              
12      23             0.0001886758161339097              
12      26             0.0001886758161339097              
12      31             0.0001886758161339097              
12      33             0.0001886758161339097              
16      27             0.0001886758161339097              
16      26             0.0001886758161339097              
16      30             0.0001886758161339097              
16      31             0.0001886758161339097              
16      32             0.0001886758161339097              
13      27             0.0001886758161338542              
13      28             0.0001886758161338542              
13      29             0.0001886758161338542              
2       24             0.0001886758161338542              
2       28             0.0001886758161338542              
5       11             0.0001886758161338542              
13      26             0.0001886758161338542              
13      31             0.0001886758161338542              
13      32             0.0001886758161338542              
2       25             0.0001886758161338542              
2       32             0.0001886758161338542              
2       17             0.0001886758161338542              
8       24             0.0001886758161338542              
8       23             0.0001886758161338542              
8       32             0.0001886758161338542              
12      22             0.0001886758161338542              
12      24             0.0001886758161338542              
16      21             0.0001886758161338542              
16      22             0.0001886758161338542              
16      29             0.0001886758161338542              
16      23             0.0001886758161338542              
6       15             0.0001886758161338542              
6       18             0.0001886758161338542              
5       13             0.0001886758161337987              
4       29             0.0001886758161337987              
4       25             0.0001886758161337987              
5       22             0.0001886758161337987              
5       24             0.0001886758161337987              
2       27             0.0001886758161337987              
5       23             0.0001886758161337987              
5       25             0.0001886758161337987              
5       26             0.0001886758161337987              
5       31             0.0001886758161337987              
5       33             0.0001886758161337987              
13      33             0.0001886758161337987              
2       23             0.0001886758161337987              
2       26             0.0001886758161337987              
2       30             0.0001886758161337987              
2       31             0.0001886758161337987              
2       33             0.0001886758161337987              
8       21             0.0001886758161337987              
8       22             0.0001886758161337987              
8       27             0.0001886758161337987              
8       25             0.0001886758161337987              
8       26             0.0001886758161337987              
8       30             0.0001886758161337987              
8       31             0.0001886758161337987              
8       33             0.0001886758161337987              
16      24             0.0001886758161337987              
16      28             0.0001886758161337987              
2       13             0.00018867581613374318             
4       22             0.00018867581613374318             
4       23             0.00018867581613374318             
5       27             0.00018867581613374318             
5       29             0.00018867581613374318             
1       13             0.00018867581613374318             
2       29             0.00018867581613374318             
5       30             0.00018867581613374318             
1       14             0.00018867581613374318             
8       28             0.00018867581613374318             
3       18             0.00018867581613374318             
11      12             0.00018867581613374318             
8       12             0.00018867581613374318             
4       20             0.00018867581613368767             
4       21             0.00018867581613368767             
4       24             0.00018867581613368767             
4       27             0.00018867581613368767             
4       26             0.00018867581613368767             
4       30             0.00018867581613368767             
4       31             0.00018867581613368767             
5       21             0.00018867581613368767             
5       28             0.00018867581613368767             
5       32             0.00018867581613368767             
9       14             0.00018867581613368767             
6       17             0.00018867581613368767             
5       20             0.00018867581613363216             
1       19             0.00018867581613363216             
4       28             0.00018867581613363216             
4       32             0.00018867581613363216             
4       33             0.00018867581613363216             
9       12             0.00018867581613363216             
18      22             0.00018867581613363216             
18      23             0.00018867581613363216             
4       19             0.00018867581613357665             
1       20             0.00018867581613357665             
2       20             0.00018867581613352113             
7       13             0.00018867581613352113             
6       14             0.00018867581613352113             
15      21             0.00018867581613352113             
15      31             0.00018867581613352113             
18      21             0.00018867581613352113             
18      25             0.00018867581613352113             
18      32             0.00018867581613352113             
5       19             0.00018867581613346562             
7       28             0.00018867581613346562             
7       25             0.00018867581613346562             
7       30             0.00018867581613346562             
7       31             0.00018867581613346562             
7       32             0.00018867581613346562             
7       33             0.00018867581613346562             
10      12             0.00018867581613346562             
15      29             0.00018867581613346562             
3       16             0.00018867581613346562             
15      30             0.00018867581613346562             
15      32             0.00018867581613346562             
15      33             0.00018867581613346562             
18      24             0.00018867581613346562             
18      29             0.00018867581613346562             
18      26             0.00018867581613346562             
18      30             0.00018867581613346562             
18      31             0.00018867581613346562             
18      33             0.00018867581613346562             
7       21             0.0001886758161334101              
7       22             0.0001886758161334101              
7       27             0.0001886758161334101              
7       29             0.0001886758161334101              
7       26             0.0001886758161334101              
3       15             0.0001886758161334101              
15      27             0.0001886758161334101              
15      28             0.0001886758161334101              
15      23             0.0001886758161334101              
15      25             0.0001886758161334101              
18      28             0.0001886758161334101              
3       13             0.0001886758161333546              
7       24             0.0001886758161333546              
7       23             0.0001886758161333546              
7       17             0.0001886758161333546              
15      22             0.0001886758161333546              
15      24             0.0001886758161333546              
6       23             0.0001886758161333546              
6       26             0.0001886758161333546              
6       32             0.0001886758161333546              
6       33             0.0001886758161333546              
15      26             0.0001886758161333546              
18      27             0.0001886758161333546              
3       14             0.0001886758161332991              
6       31             0.0001886758161332991              
6       13             0.00018867581613324358             
6       22             0.00018867581613324358             
6       24             0.00018867581613324358             
6       27             0.00018867581613324358             
6       28             0.00018867581613324358             
6       29             0.00018867581613324358             
6       25             0.00018867581613324358             
6       30             0.00018867581613324358             
2       19             0.00018867581613318807             
3       26             0.00018867581613313256             
3       32             0.00018867581613313256             
3       33             0.00018867581613313256             
8       11             0.00018867581613313256             
6       21             0.00018867581613313256             
3       23             0.00018867581613307705             
3       25             0.00018867581613307705             
3       17             0.00018867581613307705             
3       21             0.00018867581613302153             
3       22             0.00018867581613302153             
3       24             0.00018867581613302153             
3       27             0.00018867581613302153             
3       29             0.00018867581613302153             
3       30             0.00018867581613302153             
3       31             0.00018867581613302153             
3       28             0.0001886758161329105              
10      11             0.000188675816132855               
9       11             0.000188675816132855               
8       20             0.00018867581613246642             
10      20             0.0001886758161322999              
9       20             0.0001886758161322999              
9       19             0.00018867581613224438             
8       19             0.00018867581613224438             
11      19             0.00018867581613218887             
10      19             0.00018867581613213336             
11      20             0.00018867581613196682             
29      34             -0.002033078182020448              
30      34             -0.002033078182020448              
32      34             -0.002033078182020448              
33      34             -0.002033078182020448              
28      34             -0.0020330781820204757             
31      34             -0.0020330781820204757             
23      34             -0.0020330781820206145             
22      34             -0.0020330781820206423             
27      34             -0.0020330781820206423             
24      34             -0.00203307818202067               
25      34             -0.00203307818202067               
21      34             -0.002033078182020698              
26      34             -0.002033078182020698              
19      34             -0.002033078182020892              
20      34             -0.002033078182020892              
8       34             -0.0020330781820217247             
11      34             -0.0020330781820218358             
3       34             -0.002033078182021919              
18      34             -0.002033078182022058              
14      34             -0.0020330781820220856             
4       34             -0.0020330781820221133             
5       34             -0.002033078182022141              
17      34             -0.002033078182022141              
7       34             -0.0020330781820221966             
6       34             -0.0020330781820221966             
16      34             -0.0020330781820222243             
15      34             -0.0020330781820223076             
13      34             -0.002033078182022363              
1       34             -0.002033078182022363              
2       34             -0.002033078182022696              
9       34             -0.002033078182022724              
10      34             -0.002033078182022946              
12      34             -0.002033078182022946              
