#======================================================================
# PARAMETERS USED FOR THIS COMPUTATION: 
#      Sequence type: RNA
#      Total number of sequences in alignment data: 10
#      Length of sequences in alignment data: 37
#      Effective number of sequences: 7.0
#      Value of sequence identity: 0.8
#      Value of relative pseudocount: 0.5
# The First and Second columns represent sites and the
# Third column is MFDCA Frobenius norm, average product corrected (APC) DCA score
#======================================================================
4       34             1.3121780416016926                 
7       31             1.1979887770577546                 
12      25             1.0174058089515015                 
17      29             1.006728427215782                  
9       17             0.9263745607642148                 
9       29             0.8894157834679183                 
2       36             0.8575818847277417                 
2       23             0.8575818847277413                 
23      36             0.8575818847277408                 
2       14             0.8575818847277397                 
14      36             0.8575818847277397                 
14      23             0.8575818847277397                 
19      32             0.8156947404944836                 
16      21             0.8058175661968706                 
18      20             0.7405243144991949                 
15      22             0.7338095727387371                 
17      26             0.7257779409080717                 
8       30             0.7114689204360032                 
13      24             0.6770617478168062                 
17      27             0.6703771798985088                 
6       32             0.6652318761637805                 
26      27             0.6397638888151926                 
14      21             0.6282144069783839                 
21      36             0.6282144069783835                 
2       21             0.6282144069783833                 
21      23             0.6282144069783833                 
19      20             0.6117975247304455                 
8       36             0.5752341418413217                 
8       23             0.5752341418413216                 
8       14             0.5752341418413209                 
2       8              0.5752341418413207                 
24      28             0.5618205135706313                 
13      28             0.5618205135706308                 
9       16             0.5393795237576343                 
20      29             0.5263053995533372                 
26      29             0.48904739473468095                
16      18             0.48608074368021303                
15      30             0.4408132297108076                 
18      22             0.4351791870008289                 
9       26             0.4339193377281507                 
27      29             0.42988415483111975                
8       21             0.42579878388752446                
10      27             0.40975574323909064                
6       24             0.4060037420723249                 
6       13             0.4060037420723248                 
9       27             0.4000843491631849                 
20      25             0.3907103537630625                 
12      20             0.39071035376306196                
7       15             0.388269789410261                  
15      31             0.38826978941026047                
8       10             0.3614822566547342                 
10      25             0.3611569352661306                 
10      12             0.36115693526612924                
9       21             0.357899480638843                  
13      32             0.35563128256691257                
24      32             0.35563128256691245                
19      36             0.33289684647407125                
19      23             0.33289684647407114                
14      19             0.33289684647407036                
2       19             0.3328968464740695                 
6       10             0.33185982067114106                
8       15             0.33085459135542505                
19      21             0.3303806136377413                 
15      28             0.3245945221497958                 
10      30             0.3239108883423726                 
6       34             0.31818957582788987                
4       6              0.3181895758278882                 
16      27             0.31736354938732236                
5       11             0.3122776588742591                 
5       35             0.3122776588742584                 
5       37             0.3122776588742584                 
5       33             0.31227765887425823                
11      37             0.31227765887425823                
11      33             0.3122776588742582                 
11      35             0.3122776588742582                 
3       5              0.31227765887425774                
33      37             0.31227765887425757                
35      37             0.3122776588742575                 
33      35             0.3122776588742574                 
3       11             0.3122776588742572                 
3       37             0.3122776588742571                 
3       33             0.31227765887425696                
1       3              0.31227765887425685                
3       35             0.31227765887425674                
1       33             0.3122776588742562                 
1       35             0.3122776588742561                 
1       37             0.31227765887425607                
1       5              0.31227765887425507                
1       11             0.3122776588742545                 
7       12             0.3121213267427152                 
7       25             0.312121326742715                  
25      31             0.31212132674271476                
12      31             0.31212132674271387                
19      25             0.3088553888762352                 
12      19             0.3088553888762341                 
18      34             0.30704076454747964                
4       18             0.307040764547478                  
24      34             0.3043926875034054                 
13      34             0.3043926875034041                 
4       13             0.30439268750340354                
4       24             0.30439268750340354                
21      27             0.30277490645996796                
12      22             0.30035652985569805                
22      25             0.30035652985569705                
9       25             0.29529032128280475                
9       12             0.2952903212828043                 
10      32             0.28821347234716355                
10      15             0.2797523720758991                 
10      20             0.27714510511357016                
9       34             0.2741451688217479                 
4       9              0.2741451688217472                 
6       28             0.26379850765435475                
18      21             0.2595981834085954                 
4       28             0.2590071719323618                 
28      34             0.2590071719323618                 
19      29             0.25486289959291664                
28      32             0.2507469808350782                 
6       27             0.24111514002355816                
30      31             0.23519392638551795                
7       30             0.23519392638551728                
27      32             0.2308710463102991                 
25      29             0.21951497061423864                
12      29             0.21951497061423775                
7       22             0.20506558054924973                
22      31             0.20506558054924906                
29      32             0.2010843141841584                 
8       19             0.1912697571753822                 
18      29             0.1865803885536068                 
12      17             0.18150414588091668                
17      25             0.1815041458809158                 
20      31             0.17811020051149928                
7       20             0.17811020051149928                
20      32             0.176014677411376                  
32      34             0.17060524398114862                
4       32             0.17060524398114785                
6       7              0.1688910842896787                 
6       31             0.1688910842896777                 
7       18             0.16307521777834144                
18      31             0.16307521777834066                
7       28             0.16165853128789998                
28      31             0.16165853128789986                
12      30             0.1607772137244543                 
25      30             0.1607772137244513                 
6       25             0.1529570501752764                 
6       12             0.15295705017527528                
20      34             0.1482285717080859                 
4       20             0.1482285717080848                 
20      26             0.14355990984445066                
29      34             0.1402100257360478                 
4       29             0.14021002573604668                
16      29             0.1389662203615022                 
22      26             0.13529063155573962                
9       18             0.1300116260214892                 
26      34             0.1268492776495631                 
4       26             0.126849277649563                  
4       16             0.12571031683572287                
16      34             0.12571031683572254                
13      30             0.1162573619509335                 
24      30             0.11625736195093311                
1       16             0.11322508603566306                
16      37             0.11322508603566223                
16      33             0.11322508603566217                
16      35             0.11322508603566189                
3       16             0.11322508603566162                
5       16             0.1132250860356615                 
11      16             0.11322508603565967                
6       22             0.11244012119996794                
15      18             0.10442550938393147                
11      24             0.10093432214239723                
1       24             0.10093432214239634                
3       24             0.10093432214239556                
1       13             0.10093432214239545                
5       24             0.10093432214239523                
13      37             0.10093432214239512                
13      33             0.10093432214239506                
3       13             0.100934322142395                  
13      35             0.100934322142395                  
11      13             0.10093432214239473                
5       13             0.1009343221423945                 
24      33             0.100934322142394                  
24      37             0.10093432214239395                
24      35             0.10093432214239367                
1       26             0.09716760152609927                
11      26             0.09716760152609855                
3       26             0.09716760152609821                
5       26             0.09716760152609744                
26      33             0.0971676015260971                 
26      37             0.09716760152609699                
26      35             0.09716760152609688                
18      32             0.08968795538577945                
16      26             0.08662488035376631                
5       36             0.08576200284103797                
5       23             0.08576200284103785                
14      37             0.0857620028410375                 
3       23             0.08576200284103747                
3       36             0.08576200284103733                
14      33             0.0857620028410373                 
14      35             0.0857620028410373                 
2       37             0.08576200284103722                
2       33             0.08576200284103713                
1       36             0.0857620028410371                 
2       35             0.0857620028410371                 
1       23             0.08576200284103702                
5       14             0.08576200284103674                
11      36             0.08576200284103663                
11      23             0.08576200284103663                
3       14             0.08576200284103636                
2       3              0.08576200284103619                
1       14             0.08576200284103591                
2       5              0.08576200284103563                
2       11             0.08576200284103536                
11      14             0.08576200284103472                
1       2              0.08576200284103469                
35      36             0.08576200284103178                
33      36             0.08576200284103147                
23      35             0.08576200284103103                
23      37             0.08576200284103103                
23      33             0.08576200284103094                
36      37             0.08576200284103053                
7       17             0.08332650431534849                
17      31             0.08332650431534783                
7       8              0.07294719558617047                
8       31             0.07294719558616869                
12      34             0.07268646061991446                
25      34             0.07268646061991435                
4       25             0.07268646061991424                
4       12             0.07268646061991346                
19      31             0.07191842100967971                
7       19             0.07191842100967938                
20      27             0.06981828888593244                
22      27             0.06467468757309147                
10      22             0.06268819614563848                
13      25             0.058589249243707675               
12      24             0.05858924924370723                
12      13             0.05858924924370612                
24      25             0.05858924924370479                
10      17             0.04767484040772896                
12      32             0.03504124421842392                
25      32             0.035041244218422474               
8       25             0.03047406354524329                
8       12             0.030474063545241847               
10      19             0.029382527125972557               
21      26             0.024777767793914385               
16      17             0.021688370239706378               
13      22             0.020502187657072457               
22      24             0.02050218765707207                
21      29             0.011103487047807614               
17      34             0.008912909265056501               
4       17             0.008912909265055724               
18      25             0.008001895303791806               
12      18             0.008001895303790918               
28      37             0.0051204204690575295              
28      35             0.005120420469057474               
28      33             0.005120420469057418               
1       28             0.005120420469056586               
5       28             0.005120420469056475               
3       28             0.005120420469056419               
11      28             0.005120420469055698               
17      20             0.003747287538008237               
7       9              0.0036127900337430408              
9       31             0.0036127900337415975              
17      18             0.0033743512461787972              
7       29             0.0010627190177862067              
29      31             0.0010627190177852075              
4       21             0.00018773714430164734             
21      34             0.00018773714430109223             
18      28             0.0001436922606756763              
4       15             -0.003371603158005665              
15      34             -0.003371603158006442              
10      37             -0.008915288031254187              
10      35             -0.008915288031254243              
10      33             -0.008915288031254298              
3       10             -0.008915288031254687              
1       10             -0.008915288031254798              
5       10             -0.008915288031255408              
10      11             -0.008915288031256408              
9       19             -0.011911250712655308              
9       28             -0.013798541331513148              
6       15             -0.01405868929083598               
18      19             -0.014666708423010322              
11      15             -0.016061109627429293              
15      37             -0.016061109627429737              
15      33             -0.016061109627429793              
3       15             -0.016061109627429848              
15      35             -0.016061109627429848              
1       15             -0.016061109627430126              
5       15             -0.01606110962743118               
16      30             -0.016740430590389543              
4       22             -0.01707688085442083               
22      34             -0.01707688085442116               
30      37             -0.021578153137458256              
30      35             -0.021578153137458478              
30      33             -0.021578153137458533              
5       30             -0.02157815313746031               
1       30             -0.021578153137460365              
11      30             -0.02157815313746042               
3       30             -0.021578153137460587              
26      30             -0.024147726404845138              
10      29             -0.02807453187196629               
12      28             -0.02873694942724192               
25      28             -0.028736949427244585              
9       22             -0.033233249663870534              
19      28             -0.037474085088540665              
9       30             -0.039522155771649525              
13      15             -0.03957857072364673               
15      24             -0.03957857072364751               
20      37             -0.04010269348047135               
20      35             -0.04010269348047141               
20      33             -0.04010269348047146               
11      20             -0.040102693480471685              
5       20             -0.040102693480472185              
3       20             -0.04010269348047274               
1       20             -0.040102693480472795              
18      37             -0.04113458207254017               
18      33             -0.04113458207254023               
18      35             -0.04113458207254028               
1       18             -0.04113458207254095               
11      18             -0.04113458207254106               
5       18             -0.04113458207254128               
3       18             -0.041134582072541725              
19      30             -0.04166866366432376               
22      37             -0.043243731945244834              
22      33             -0.043243731945244945              
22      35             -0.043243731945245                 
1       22             -0.04324373194524661               
11      22             -0.04324373194524661               
5       22             -0.04324373194524672               
3       22             -0.04324373194524678               
17      21             -0.04522935574443432               
15      20             -0.04628200517837344               
8       24             -0.054947853974590066              
8       13             -0.054947853974590455              
19      22             -0.05909998333496769               
15      26             -0.0628379416018951                
17      22             -0.06579823071241608               
22      29             -0.06807653839892291               
5       27             -0.06840638222326459               
3       27             -0.06840638222326495               
11      27             -0.06840638222326506               
1       27             -0.06840638222326514               
27      37             -0.06840638222326556               
27      35             -0.06840638222326564               
27      33             -0.0684063822232657                
12      16             -0.06885302147364292               
16      25             -0.06885302147364303               
6       11             -0.07086108440470867               
1       6              -0.07086108440470917               
6       37             -0.07086108440470956               
6       33             -0.07086108440470984               
6       35             -0.07086108440470984               
5       6              -0.0708610844047104                
3       6              -0.0708610844047105                
1       17             -0.07363077672413987               
11      17             -0.07363077672414026               
3       17             -0.07363077672414098               
5       17             -0.07363077672414103               
17      37             -0.07363077672414137               
17      33             -0.07363077672414148               
17      35             -0.07363077672414148               
16      19             -0.07799315322565459               
7       32             -0.07988181663429028               
31      32             -0.07988181663429139               
15      17             -0.08060573131451843               
9       10             -0.08166923532317483               
6       30             -0.08185321266857937               
22      30             -0.08416208282067678               
27      30             -0.08566401843051119               
8       27             -0.08872828589685372               
28      30             -0.08878655829215437               
6       36             -0.08943920961931157               
6       23             -0.08943920961931173               
2       6              -0.08943920961931234               
6       14             -0.0894392096193124                
10      28             -0.09038957300584938               
19      34             -0.09829936233611858               
4       19             -0.09829936233611936               
22      32             -0.09969826696366468               
30      32             -0.10085930987602032               
4       27             -0.10276006155348844               
27      34             -0.10276006155348855               
7       27             -0.10608893442468198               
27      31             -0.1060889344246822                
7       23             -0.10951198932375156               
14      31             -0.10951198932375183               
7       36             -0.10951198932375189               
2       7              -0.10951198932375217               
7       14             -0.10951198932375228               
2       31             -0.10951198932375239               
31      36             -0.10951198932375389               
23      31             -0.10951198932375389               
13      36             -0.11086976089945375               
13      23             -0.1108697608994538                
14      24             -0.11086976089945438               
2       24             -0.1108697608994546                
13      14             -0.11086976089945524               
2       13             -0.1108697608994555                
24      36             -0.11086976089945644               
23      24             -0.11086976089945705               
16      28             -0.11113914662251062               
26      36             -0.11327026710472954               
2       26             -0.1132702671047302                
14      26             -0.11327026710473104               
23      26             -0.11327026710473104               
9       20             -0.1150512152067763                
3       21             -0.11630461269858247               
1       21             -0.11630461269858247               
11      21             -0.11630461269858308               
5       21             -0.11630461269858411               
21      37             -0.11630461269858589               
21      33             -0.116304612698586                 
21      35             -0.11630461269858602               
14      16             -0.12227631105657605               
2       16             -0.12227631105657727               
16      36             -0.12227631105657782               
16      23             -0.12227631105657782               
20      30             -0.12263060960699451               
16      22             -0.1251823001367861                
18      26             -0.12698659761627007               
32      37             -0.13077115174142367               
32      35             -0.1307711517414237                
32      33             -0.13077115174142384               
5       32             -0.13077115174142587               
11      32             -0.1307711517414262                
3       32             -0.1307711517414263                
1       32             -0.13077115174142667               
20      22             -0.1341121690561271                
19      26             -0.13590083819127652               
15      29             -0.13696376325609394               
5       8              -0.1431638798916523                
8       37             -0.1431638798916525                
8       33             -0.14316387989165255               
8       35             -0.1431638798916526                
3       8              -0.14316387989165277               
1       8              -0.1431638798916528                
8       11             -0.1431638798916528                
4       30             -0.14429371865347723               
30      34             -0.14429371865347757               
31      37             -0.14563733245516156               
31      35             -0.1456373324551617                
11      31             -0.1456373324551618                
31      33             -0.14563733245516183               
5       31             -0.14563733245516214               
3       31             -0.1456373324551623                
3       7              -0.14563733245516236               
1       31             -0.14563733245516264               
7       11             -0.14563733245516267               
1       7              -0.14563733245516272               
7       37             -0.14563733245516275               
7       33             -0.14563733245516283               
7       35             -0.14563733245516283               
5       7              -0.14563733245516317               
29      30             -0.1485456391864718                
15      25             -0.14927268435842123               
12      15             -0.1492726843584219                
13      16             -0.1502838782328012                
16      24             -0.15028387823280237               
17      19             -0.1508536067479157                
23      30             -0.1528244794412672                
30      36             -0.15282447944126756               
2       30             -0.15282447944126867               
14      30             -0.15282447944126898               
15      32             -0.1551806331518945                
8       20             -0.1553994551374981                
10      26             -0.16051154636938092               
22      28             -0.16095672983571774               
10      31             -0.1623910375411889                
7       10             -0.16239103754118944               
21      28             -0.16470120274276295               
13      26             -0.16750828704564136               
24      26             -0.16750828704564164               
7       13             -0.16904004947658663               
7       24             -0.16904004947658668               
24      31             -0.16904004947658685               
13      31             -0.16904004947658768               
14      15             -0.1692703602395469                
15      36             -0.16927036023954792               
15      23             -0.16927036023954795               
2       15             -0.16927036023954817               
28      29             -0.17009539508698146               
4       7              -0.1751833876616441                
7       34             -0.1751833876616442                
31      34             -0.17518338766164443               
4       31             -0.17518338766164532               
18      27             -0.17665813482632536               
23      28             -0.17666272450214301               
28      36             -0.17666272450214324               
14      28             -0.1766627245021435                
2       28             -0.17666272450214354               
10      18             -0.18130281105988888               
15      19             -0.18130852379313156               
6       8              -0.18178525740518003               
9       15             -0.18185912969876328               
21      30             -0.18382230972829194               
13      27             -0.1849103173715707                
24      27             -0.18491031737157115               
10      23             -0.18579935487962157               
10      36             -0.1857993548796216                
10      14             -0.1857993548796218                
2       10             -0.18579935487962235               
15      27             -0.18616256867453862               
4       37             -0.18674355843640492               
5       34             -0.18674355843640505               
4       35             -0.18674355843640508               
11      34             -0.1867435584364051                
4       33             -0.18674355843640514               
3       34             -0.1867435584364052                
1       34             -0.18674355843640525               
1       4              -0.18674355843640564               
4       5              -0.1867435584364057                
4       11             -0.18674355843640572               
3       4              -0.18674355843640605               
34      37             -0.18674355843640697               
34      35             -0.18674355843640708               
33      34             -0.18674355843640741               
27      28             -0.1868093037316722                
8       26             -0.19408624958998227               
6       9              -0.1942638791587049                
4       10             -0.19461226562641348               
10      34             -0.1946122656264141                
17      32             -0.19653106446560692               
32      36             -0.19955879696198187               
23      32             -0.19955879696198273               
2       32             -0.19955879696198836               
14      32             -0.19955879696198908               
6       29             -0.20278389167524113               
8       32             -0.20487529152967926               
17      30             -0.2060281654260599                
8       28             -0.2118546576631295                
22      23             -0.21484767875961497               
22      36             -0.2148476787596151                
14      22             -0.21484767875961525               
2       22             -0.21484767875961575               
9       37             -0.2153480670512686                
9       35             -0.21534806705126863               
9       33             -0.2153480670512687                
1       9              -0.2153480670512692                
3       9              -0.21534806705126924               
5       9              -0.21534806705126994               
9       11             -0.2153480670512704                
19      24             -0.21553263397706102               
13      19             -0.2155326339770619                
12      21             -0.22124076041624252               
21      25             -0.22124076041624485               
18      30             -0.2219589768434661                
29      37             -0.22442152450493735               
29      35             -0.22442152450493738               
29      33             -0.2244215245049374                
1       29             -0.2244215245049375                
11      29             -0.22442152450493794               
5       29             -0.22442152450493832               
3       29             -0.22442152450493882               
12      26             -0.22514357336881008               
25      26             -0.22514357336881097               
6       19             -0.22562918982073255               
8       22             -0.22696889323648595               
8       9              -0.22726150969900616               
10      24             -0.23154806717686288               
10      13             -0.23154806717686316               
23      27             -0.23503338906081528               
2       27             -0.23503338906081578               
27      36             -0.2350333890608159                
14      27             -0.23503338906081608               
9       32             -0.23659353877837375               
26      28             -0.23720874301209446               
7       16             -0.23900690747427167               
16      31             -0.23900690747427183               
20      23             -0.24335975284603523               
20      36             -0.24335975284603528               
14      20             -0.2433597528460357                
2       20             -0.24335975284603606               
8       16             -0.24438339996083724               
16      32             -0.2512472492583016                
17      23             -0.2560990699082376                
17      36             -0.25609906990823766               
14      17             -0.2560990699082385                
2       17             -0.2560990699082386                
18      23             -0.2565633158317115                
18      36             -0.25656331583171166               
2       18             -0.25656331583171266               
14      18             -0.25656331583171366               
9       24             -0.2577171835143381                
9       13             -0.2577171835143388                
12      27             -0.2647101880994158                
25      27             -0.2647101880994172                
13      21             -0.27609335729742646               
21      24             -0.27609335729742723               
18      24             -0.2781308685979582                
13      18             -0.27813086859795855               
6       17             -0.27887291957291965               
21      32             -0.27994077830700537               
15      16             -0.28280622785562615               
12      37             -0.2828497123885272                
12      33             -0.2828497123885273                
12      35             -0.2828497123885273                
1       25             -0.28284971238852735               
11      25             -0.2828497123885274                
5       25             -0.28284971238852763               
1       12             -0.2828497123885277                
3       25             -0.28284971238852796               
11      12             -0.282849712388528                 
25      37             -0.2828497123885281                
3       12             -0.28284971238852813               
25      33             -0.2828497123885282                
25      35             -0.2828497123885282                
5       12             -0.2828497123885283                
2       25             -0.2837970478852817                
2       12             -0.28379704788528193               
14      25             -0.2837970478852822                
12      14             -0.2837970478852823                
12      23             -0.2837970478852826                
23      25             -0.2837970478852826                
25      36             -0.28379704788528265               
12      36             -0.28379704788528287               
4       8              -0.28486103008798924               
8       34             -0.28486103008798985               
6       20             -0.2861801991812179                
10      16             -0.29235174020746735               
8       29             -0.2955350374566453                
21      22             -0.29841747656687706               
17      28             -0.29865760987039797               
10      21             -0.2987836913976337                
7       21             -0.30793722881994473               
21      31             -0.3079372288199456                
11      19             -0.30908640468401327               
5       19             -0.3090864046840136                
1       19             -0.30908640468401377               
3       19             -0.30908640468401405               
19      37             -0.30908640468401416               
19      35             -0.30908640468401427               
19      33             -0.3090864046840143                
6       18             -0.3108333489927898                
20      28             -0.31383700985026025               
6       16             -0.31523779853502837               
20      24             -0.3190444597627684                
13      20             -0.3190444597627688                
23      34             -0.3233618724449564                
14      34             -0.3233618724449574                
34      36             -0.3233618724449579                
4       23             -0.32336187244495795               
4       36             -0.3233618724449582                
2       34             -0.3233618724449582                
4       14             -0.3233618724449584                
2       4              -0.3233618724449587                
16      20             -0.3243625506865321                
17      24             -0.32684373868676136               
13      17             -0.32684373868676153               
24      29             -0.32725811954770584               
13      29             -0.327258119547706                 
6       21             -0.33356500797111666               
19      27             -0.3397912204917007                
8       17             -0.3407944343293644                
6       26             -0.343479386292151                 
26      32             -0.34976880224402396               
23      29             -0.3626972099191149                
29      36             -0.362697209919115                 
14      29             -0.3626972099191156                
2       29             -0.362697209919116                 
9       23             -0.366900713237006                 
9       36             -0.3669007132370062                
9       14             -0.36690071323700646               
2       9              -0.3669007132370068                
8       18             -0.376201371761877                 
7       26             -0.38166632849027143               
26      31             -0.3816663284902725                
15      21             -0.4445800719543326                
20      21             -0.47680469669518916               
