#======================================================================
# PARAMETERS USED FOR THIS COMPUTATION: 
#      Sequence type: RNA
#      Total number of sequences in alignment data: 10
#      Length of sequences in alignment data: 44
#      Effective number of sequences: 2.90952380952381
#      Value of sequence identity: 0.8
#      Value of relative pseudocount: 0.5
# The First and Second columns represent sites and the
# Third column is MFDCA Frobenius norm, average product corrected (APC) DCA score
#======================================================================
1       24             1.460571506711251                  
26      36             1.2946458026589132                 
29      37             1.2601265027682476                 
2       44             1.2535469048663097                 
27      32             1.2439565606292091                 
25      36             1.175516110841671                  
25      34             1.1037026844639244                 
23      30             1.094325579036242                  
34      44             1.0827518670035823                 
29      30             1.0611251215603539                 
28      33             0.9873620207787291                 
26      27             0.9849596207973828                 
2       31             0.9446156103454526                 
23      28             0.937731573050169                  
28      30             0.9269881886094326                 
18      34             0.9159573283859977                 
31      44             0.8998799353580631                 
2       30             0.8829725048952798                 
26      31             0.8465190820932939                 
1       31             0.8184503901988393                 
24      31             0.8184503901988383                 
29      44             0.8085666012575261                 
26      30             0.7879756835967006                 
30      34             0.7746498755522104                 
27      36             0.764281733540284                  
25      30             0.751319262744566                  
27      30             0.7491506888316369                 
25      26             0.7119607561054473                 
26      29             0.7088857373040098                 
26      44             0.6899671527764215                 
24      44             0.6672733057207442                 
1       44             0.6672733057207433                 
29      33             0.6625834497324012                 
28      37             0.6473327771226984                 
31      33             0.6436017434375731                 
24      32             0.6373272114866237                 
1       32             0.6373272114866232                 
28      29             0.6366794263736366                 
27      33             0.6361648616824961                 
23      29             0.6315725144918354                 
2       29             0.6251538058812877                 
23      37             0.6129187279801834                 
30      44             0.5823473747133076                 
25      29             0.5798650299301754                 
32      33             0.5539385069326133                 
25      44             0.5313876226968569                 
29      32             0.528568317342937                  
30      37             0.5227773348199005                 
18      32             0.5150371958181252                 
30      32             0.5043400280074258                 
25      33             0.5005161302035888                 
18      27             0.4907920584773159                 
29      34             0.4700012474429862                 
34      36             0.46292425763793776                
28      32             0.4583245251772273                 
27      29             0.4470904902788939                 
25      27             0.44706852424202326                
2       18             0.4320448693334137                 
18      23             0.4320075783592835                 
33      34             0.42825335842368273                
25      28             0.40984280524333216                
31      32             0.39267199849586343                
18      37             0.3903162180865488                 
18      44             0.374491478149519                  
27      34             0.31704110469265034                
32      34             0.3100179902601887                 
25      32             0.30934323385711104                
28      34             0.3069434024760088                 
33      44             0.2670319553803384                 
2       36             0.2650216754269087                 
28      44             0.2386460261120763                 
2       34             0.23449467471086405                
18      33             0.23314804084450758                
27      44             0.20823978945482025                
30      31             0.18356910249957614                
31      36             0.18155359715003894                
34      37             0.17580246283473078                
23      34             0.1734489510388778                 
28      31             0.17092380837375032                
18      36             0.16870512775126933                
27      28             0.1607875102048325                 
32      44             0.16010188746077314                
27      31             0.14332251785154682                
18      30             0.12164392429889181                
4       14             0.12100279545263584                
5       14             0.12100279545263579                
5       13             0.12100279545263554                
3       13             0.12100279545263548                
3       14             0.12100279545263545                
4       13             0.12100279545263543                
6       13             0.12100279545263498                
6       14             0.1210027954526349                 
7       14             0.12100279545263484                
8       13             0.12100279545263473                
7       13             0.1210027954526347                 
20      40             0.12100279545263451                
20      38             0.12100279545263451                
20      39             0.12100279545263443                
20      41             0.1210027954526344                 
20      42             0.1210027954526344                 
8       14             0.12100279545263429                
20      35             0.12100279545263429                
20      43             0.12100279545263429                
10      39             0.12100279545263404                
10      15             0.12100279545263401                
10      38             0.12100279545263401                
17      38             0.12100279545263398                
17      40             0.12100279545263395                
17      41             0.12100279545263395                
17      42             0.12100279545263395                
10      35             0.12100279545263395                
10      40             0.12100279545263395                
10      41             0.12100279545263395                
10      42             0.12100279545263395                
10      43             0.12100279545263395                
17      39             0.12100279545263393                
17      35             0.12100279545263384                
17      43             0.12100279545263384                
12      41             0.12100279545263384                
12      42             0.12100279545263384                
12      43             0.12100279545263384                
12      39             0.12100279545263382                
9       40             0.12100279545263382                
15      38             0.12100279545263379                
6       40             0.12100279545263379                
6       41             0.12100279545263379                
6       43             0.12100279545263379                
12      38             0.12100279545263379                
9       38             0.12100279545263379                
15      39             0.12100279545263376                
6       39             0.12100279545263376                
9       43             0.12100279545263376                
11      41             0.12100279545263376                
11      42             0.12100279545263376                
3       5              0.12100279545263373                
15      35             0.12100279545263373                
15      40             0.12100279545263373                
15      42             0.12100279545263373                
15      43             0.12100279545263373                
7       40             0.12100279545263373                
7       43             0.12100279545263373                
12      40             0.12100279545263373                
11      39             0.12100279545263373                
10      19             0.12100279545263373                
8       39             0.1210027954526337                 
8       40             0.1210027954526337                 
8       41             0.1210027954526337                 
8       43             0.1210027954526337                 
11      19             0.1210027954526337                 
11      40             0.1210027954526337                 
11      43             0.1210027954526337                 
7       42             0.12100279545263368                
6       42             0.12100279545263368                
10      16             0.12100279545263368                
10      20             0.12100279545263368                
6       38             0.12100279545263368                
9       39             0.12100279545263368                
7       39             0.12100279545263365                
8       38             0.12100279545263365                
9       42             0.12100279545263365                
11      35             0.12100279545263365                
15      41             0.12100279545263362                
7       41             0.12100279545263362                
6       35             0.12100279545263362                
12      35             0.12100279545263362                
11      38             0.12100279545263362                
4       15             0.1210027954526336                 
8       35             0.1210027954526336                 
7       38             0.1210027954526336                 
9       35             0.1210027954526336                 
9       41             0.1210027954526336                 
16      40             0.12100279545263357                
4       40             0.12100279545263357                
4       43             0.12100279545263357                
7       35             0.12100279545263357                
11      15             0.12100279545263357                
11      16             0.12100279545263357                
8       42             0.12100279545263354                
16      39             0.12100279545263354                
4       39             0.12100279545263354                
5       15             0.12100279545263351                
9       13             0.12100279545263351                
3       43             0.12100279545263351                
5       38             0.12100279545263351                
16      41             0.12100279545263351                
4       35             0.12100279545263351                
4       41             0.12100279545263351                
16      38             0.12100279545263351                
12      19             0.12100279545263351                
11      21             0.12100279545263351                
5       39             0.12100279545263348                
4       38             0.12100279545263348                
10      22             0.12100279545263348                
10      21             0.12100279545263348                
5       40             0.12100279545263345                
5       43             0.12100279545263345                
3       35             0.12100279545263345                
3       40             0.12100279545263345                
3       41             0.12100279545263345                
3       42             0.12100279545263345                
12      17             0.12100279545263345                
16      35             0.12100279545263345                
16      42             0.12100279545263345                
16      43             0.12100279545263345                
3       38             0.12100279545263345                
4       42             0.12100279545263345                
3       39             0.12100279545263343                
10      17             0.12100279545263343                
9       19             0.12100279545263343                
5       41             0.1210027954526334                 
5       42             0.1210027954526334                 
9       16             0.1210027954526334                 
11      20             0.1210027954526334                 
12      21             0.1210027954526334                 
11      17             0.1210027954526334                 
11      22             0.1210027954526334                 
9       14             0.12100279545263337                
8       17             0.12100279545263337                
8       19             0.12100279545263337                
5       35             0.12100279545263334                
12      20             0.12100279545263334                
4       19             0.12100279545263334                
7       19             0.12100279545263334                
9       22             0.12100279545263334                
9       21             0.12100279545263334                
12      15             0.12100279545263329                
9       20             0.12100279545263329                
12      22             0.12100279545263329                
6       19             0.12100279545263329                
8       20             0.12100279545263326                
4       17             0.12100279545263326                
7       17             0.12100279545263326                
8       21             0.12100279545263326                
6       21             0.12100279545263326                
8       11             0.12100279545263326                
4       8              0.12100279545263323                
4       16             0.1210027954526332                 
8       22             0.1210027954526332                 
3       21             0.1210027954526332                 
4       21             0.1210027954526332                 
6       22             0.1210027954526332                 
3       15             0.12100279545263318                
3       22             0.12100279545263318                
5       19             0.12100279545263318                
3       19             0.12100279545263318                
14      43             0.12100279545263315                
7       22             0.12100279545263315                
7       21             0.12100279545263315                
8       10             0.12100279545263315                
9       15             0.12100279545263312                
9       17             0.12100279545263312                
8       16             0.1210027954526331                 
14      40             0.1210027954526331                 
4       20             0.1210027954526331                 
4       22             0.1210027954526331                 
6       20             0.1210027954526331                 
6       17             0.1210027954526331                 
5       16             0.12100279545263307                
14      39             0.12100279545263307                
14      41             0.12100279545263304                
14      42             0.12100279545263304                
7       20             0.12100279545263304                
14      38             0.12100279545263304                
4       7              0.12100279545263304                
6       16             0.12100279545263304                
3       20             0.12100279545263301                
3       17             0.12100279545263301                
13      40             0.12100279545263301                
13      43             0.12100279545263301                
12      16             0.12100279545263301                
14      35             0.12100279545263298                
5       21             0.12100279545263298                
7       15             0.12100279545263298                
5       20             0.12100279545263296                
10      14             0.12100279545263296                
22      40             0.12100279545263296                
22      43             0.12100279545263296                
21      43             0.12100279545263296                
5       8              0.12100279545263293                
5       17             0.12100279545263293                
8       15             0.12100279545263293                
13      39             0.12100279545263293                
21      39             0.12100279545263293                
3       16             0.1210027954526329                 
13      41             0.1210027954526329                 
13      42             0.1210027954526329                 
13      38             0.1210027954526329                 
19      22             0.1210027954526329                 
22      35             0.1210027954526329                 
22      41             0.1210027954526329                 
22      42             0.1210027954526329                 
21      40             0.1210027954526329                 
21      42             0.1210027954526329                 
22      38             0.1210027954526329                 
21      38             0.1210027954526329                 
22      39             0.12100279545263287                
8       12             0.12100279545263284                
21      41             0.12100279545263284                
5       22             0.12100279545263282                
7       16             0.12100279545263282                
6       15             0.12100279545263282                
13      35             0.12100279545263279                
19      20             0.12100279545263279                
19      21             0.12100279545263279                
21      35             0.12100279545263279                
19      39             0.12100279545263279                
3       8              0.12100279545263276                
13      19             0.12100279545263273                
19      41             0.1210027954526327                 
3       7              0.12100279545263268                
19      38             0.12100279545263268                
13      17             0.12100279545263265                
10      13             0.12100279545263265                
19      40             0.12100279545263265                
19      42             0.12100279545263265                
13      16             0.12100279545263262                
3       9              0.12100279545263262                
5       11             0.12100279545263262                
9       11             0.12100279545263262                
13      22             0.1210027954526326                 
4       5              0.1210027954526326                 
5       6              0.1210027954526326                 
8       9              0.1210027954526326                 
9       12             0.1210027954526326                 
19      35             0.1210027954526326                 
13      15             0.12100279545263257                
6       11             0.12100279545263257                
13      21             0.12100279545263254                
21      22             0.12100279545263254                
19      43             0.12100279545263254                
13      20             0.12100279545263251                
11      13             0.12100279545263251                
9       10             0.12100279545263251                
15      19             0.12100279545263246                
6       12             0.12100279545263246                
17      19             0.12100279545263246                
11      12             0.12100279545263243                
15      17             0.1210027954526324                 
16      17             0.1210027954526324                 
16      22             0.1210027954526324                 
16      19             0.1210027954526324                 
14      19             0.12100279545263237                
15      21             0.12100279545263237                
17      21             0.12100279545263237                
7       10             0.12100279545263237                
15      20             0.12100279545263234                
16      20             0.12100279545263234                
15      22             0.12100279545263234                
5       10             0.12100279545263234                
14      17             0.12100279545263232                
14      22             0.12100279545263232                
16      21             0.12100279545263232                
17      22             0.12100279545263232                
7       11             0.12100279545263232                
6       10             0.12100279545263232                
14      21             0.12100279545263229                
6       9              0.12100279545263229                
14      20             0.12100279545263226                
11      14             0.12100279545263226                
5       12             0.12100279545263223                
7       12             0.12100279545263223                
10      12             0.12100279545263223                
14      15             0.1210027954526322                 
14      16             0.1210027954526322                 
15      16             0.12100279545263218                
3       11             0.12100279545263218                
10      11             0.12100279545263218                
5       7              0.12100279545263215                
20      21             0.12100279545263215                
20      22             0.12100279545263212                
3       12             0.12100279545263212                
17      20             0.1210027954526321                 
3       10             0.12100279545263207                
4       11             0.12100279545263204                
4       12             0.12100279545263201                
7       9              0.12100279545263196                
4       10             0.12100279545263193                
4       9              0.1210027954526319                 
38      43             0.1210027954526319                 
6       7              0.12100279545263187                
3       4              0.12100279545263184                
38      40             0.12100279545263184                
35      40             0.12100279545263182                
35      43             0.12100279545263182                
38      41             0.12100279545263179                
38      42             0.12100279545263179                
35      42             0.12100279545263176                
38      39             0.12100279545263176                
40      41             0.12100279545263176                
40      42             0.12100279545263176                
40      43             0.12100279545263176                
41      43             0.12100279545263176                
42      43             0.12100279545263176                
5       9              0.12100279545263173                
39      40             0.12100279545263173                
39      41             0.12100279545263173                
39      42             0.12100279545263173                
39      43             0.12100279545263173                
35      38             0.12100279545263173                
35      41             0.1210027954526317                 
41      42             0.1210027954526317                 
6       8              0.12100279545263168                
35      39             0.12100279545263168                
12      14             0.12100279545263154                
4       6              0.12100279545263154                
12      13             0.12100279545263137                
3       6              0.12100279545263132                
7       8              0.12100279545263118                
13      14             0.12100279545263051                
32      37             0.11846165582761481                
25      31             0.11222002835767753                
26      28             0.09193330568432245                
29      31             0.08237396753547532                
23      27             0.06919984965555692                
33      36             0.060296974069743325               
31      34             0.05687745454531801                
1       36             0.056440765885463096               
24      36             0.05644076588546254                
18      29             0.02206886879947223                
2       24             0.020463477300789346               
1       2              0.0204634773007889                 
24      26             0.0172083487725585                 
1       26             0.017208348772556836               
33      37             0.014446068752965724               
26      33             0.0025937637267825497              
29      36             0.0022217844796024178              
2       23             -0.0036540692143316456             
28      36             -0.008061709918278703              
2       37             -0.0276158379832816                
18      28             -0.036308196589148745              
23      26             -0.04185345868008006               
30      36             -0.042343526233195705              
2       25             -0.05197110156759921               
22      37             -0.052536910348367355              
16      37             -0.052536910348367716              
12      37             -0.05253691034836791               
21      37             -0.05253691034836805               
19      37             -0.052536910348368576              
17      37             -0.05253691034836902               
15      37             -0.052536910348369076              
14      37             -0.052536910348369686              
9       37             -0.05253691034836985               
6       37             -0.05253691034836988               
7       37             -0.052536910348369964              
10      37             -0.05253691034837002               
13      37             -0.052536910348370214              
11      37             -0.0525369103483703                
4       37             -0.052536910348370575              
20      37             -0.052536910348370824              
8       37             -0.05253691034837088               
3       37             -0.05253691034837127               
5       37             -0.052536910348372295              
35      37             -0.05253691034837635               
37      43             -0.05253691034837721               
37      39             -0.052536910348377236              
37      38             -0.052536910348377236              
37      41             -0.052536910348377264              
37      42             -0.05253691034837729               
37      40             -0.052536910348377375              
1       13             -0.060864123046027035              
1       14             -0.060864123046027174              
24      42             -0.0608641230460282                
24      38             -0.06086412304602823               
24      39             -0.06086412304602826               
24      35             -0.06086412304602826               
24      40             -0.06086412304602826               
24      43             -0.06086412304602826               
1       5              -0.06086412304602834               
24      41             -0.06086412304602834               
1       7              -0.06086412304602842               
1       39             -0.06086412304602848               
1       43             -0.06086412304602848               
1       38             -0.06086412304602848               
1       8              -0.060864123046028534              
1       40             -0.060864123046028534              
1       42             -0.060864123046028534              
1       41             -0.06086412304602856               
1       35             -0.06086412304602862               
4       24             -0.06086412304602862               
1       3              -0.06086412304602867               
1       21             -0.06086412304602881               
6       24             -0.06086412304602881               
1       19             -0.060864123046028895              
1       15             -0.06086412304602892               
17      24             -0.06086412304602892               
21      24             -0.06086412304602895               
1       20             -0.060864123046029006              
3       24             -0.060864123046029006              
1       22             -0.060864123046029034              
1       16             -0.06086412304602906               
1       17             -0.06086412304602906               
1       10             -0.06086412304602909               
22      24             -0.06086412304602912               
1       11             -0.06086412304602917               
15      24             -0.06086412304602923               
1       6              -0.060864123046029284              
1       9              -0.06086412304602931               
5       24             -0.06086412304602942               
1       12             -0.06086412304602945               
10      24             -0.06086412304602945               
14      24             -0.060864123046029506              
12      24             -0.060864123046029506              
8       24             -0.060864123046029533              
19      24             -0.060864123046029533              
9       24             -0.06086412304602956               
11      24             -0.06086412304602959               
16      24             -0.06086412304602962               
7       24             -0.060864123046029645              
1       4              -0.06086412304603003               
13      24             -0.060864123046030116              
20      24             -0.06086412304603028               
24      33             -0.06281891089382668               
1       33             -0.06281891089382785               
26      34             -0.06497859415312046               
23      40             -0.07042985292475248               
23      38             -0.07042985292475248               
23      39             -0.07042985292475251               
23      41             -0.07042985292475254               
23      43             -0.07042985292475257               
23      42             -0.07042985292475262               
23      35             -0.07042985292475273               
6       23             -0.07042985292475343               
22      23             -0.07042985292475348               
4       23             -0.0704298529247536                
3       23             -0.07042985292475384               
19      23             -0.07042985292475401               
21      23             -0.07042985292475404               
7       23             -0.07042985292475412               
9       23             -0.07042985292475432               
8       23             -0.07042985292475434               
5       23             -0.07042985292475437               
20      23             -0.07042985292475473               
17      23             -0.07042985292475482               
16      23             -0.07042985292475507               
10      23             -0.07042985292475507               
12      23             -0.07042985292475532               
13      23             -0.07042985292475551               
11      23             -0.07042985292475581               
14      23             -0.07042985292475587               
15      23             -0.07042985292475595               
18      26             -0.07140371163284365               
2       28             -0.07274951799011298               
36      44             -0.07371074837324942               
24      34             -0.07461922613228827               
1       34             -0.0746192261322885                
24      27             -0.09456661000532235               
1       27             -0.09456661000532351               
2       26             -0.09653638908419782               
23      44             -0.10185513997225559               
18      38             -0.10935470599992031               
18      39             -0.10935470599992042               
18      40             -0.10935470599992042               
18      41             -0.10935470599992042               
18      42             -0.10935470599992042               
18      43             -0.10935470599992042               
6       18             -0.10935470599992048               
8       18             -0.1093547059999205                
15      18             -0.10935470599992053               
16      18             -0.10935470599992053               
18      35             -0.10935470599992053               
13      18             -0.10935470599992056               
17      18             -0.10935470599992059               
18      19             -0.10935470599992062               
5       18             -0.10935470599992064               
7       18             -0.10935470599992064               
18      21             -0.10935470599992073               
14      18             -0.10935470599992084               
18      22             -0.10935470599992086               
18      20             -0.10935470599992089               
10      18             -0.10935470599992098               
9       18             -0.10935470599992128               
12      18             -0.10935470599992142               
4       18             -0.10935470599992167               
11      18             -0.1093547059999217                
3       18             -0.10935470599992195               
24      30             -0.11273996670090602               
1       30             -0.11273996670090725               
2       27             -0.11746806248307706               
2       13             -0.1351786859933736                
2       14             -0.13517868599337382               
2       38             -0.1351786859933742                
2       40             -0.13517868599337426               
2       41             -0.13517868599337426               
2       42             -0.1351786859933743                
2       43             -0.1351786859933743                
2       39             -0.13517868599337432               
2       35             -0.13517868599337432               
2       11             -0.13517868599337454               
2       19             -0.13517868599337457               
2       21             -0.1351786859933747                
2       17             -0.13517868599337482               
2       10             -0.13517868599337482               
2       15             -0.13517868599337485               
2       22             -0.13517868599337485               
2       3              -0.13517868599337488               
2       7              -0.13517868599337488               
2       6              -0.1351786859933749                
2       20             -0.13517868599337493               
2       16             -0.13517868599337496               
2       8              -0.135178685993375                 
2       9              -0.13517868599337504               
2       12             -0.13517868599337518               
2       5              -0.13517868599337543               
2       4              -0.1351786859933761                
6       36             -0.1409573543047648                
17      36             -0.14095735430476525               
21      36             -0.14095735430476525               
19      36             -0.1409573543047653                
12      36             -0.14095735430476533               
15      36             -0.14095735430476553               
16      36             -0.14095735430476553               
20      36             -0.14095735430476558               
22      36             -0.14095735430476558               
9       36             -0.14095735430476558               
13      36             -0.1409573543047656                
36      38             -0.1409573543047656                
14      36             -0.14095735430476566               
8       36             -0.1409573543047657                
4       36             -0.1409573543047657                
7       36             -0.1409573543047657                
35      36             -0.1409573543047657                
11      36             -0.1409573543047657                
36      40             -0.14095735430476572               
36      39             -0.14095735430476575               
36      41             -0.14095735430476575               
36      42             -0.14095735430476575               
36      43             -0.14095735430476578               
5       36             -0.140957354304766                 
10      36             -0.14095735430476616               
3       36             -0.14095735430476647               
33      38             -0.143504533508957                 
33      40             -0.14350453350895706               
33      43             -0.14350453350895706               
33      39             -0.14350453350895712               
33      42             -0.14350453350895712               
33      35             -0.14350453350895714               
33      41             -0.14350453350895714               
12      33             -0.14350453350895886               
7       33             -0.1435045335089591                
6       33             -0.14350453350895936               
10      33             -0.1435045335089596                
8       33             -0.14350453350895964               
4       33             -0.14350453350895964               
15      33             -0.14350453350895975               
17      33             -0.14350453350895978               
9       33             -0.14350453350895978               
16      33             -0.1435045335089599                
14      33             -0.14350453350895992               
22      33             -0.14350453350895997               
13      33             -0.14350453350896                  
3       33             -0.14350453350896                  
20      33             -0.14350453350896009               
21      33             -0.14350453350896009               
5       33             -0.1435045335089601                
11      33             -0.1435045335089601                
19      33             -0.14350453350896014               
18      24             -0.1482303821093114                
1       18             -0.14823038210931172               
27      37             -0.15109823609805567               
23      36             -0.16305148746828674               
37      44             -0.17756829716612343               
17      31             -0.18368896183523675               
19      31             -0.18368896183523706               
13      31             -0.18368896183523722               
12      31             -0.18368896183523725               
22      31             -0.18368896183523728               
15      31             -0.18368896183523742               
21      31             -0.18368896183523747               
6       31             -0.18368896183523764               
16      31             -0.18368896183523772               
10      31             -0.18368896183523772               
20      31             -0.18368896183523775               
9       31             -0.18368896183523778               
14      31             -0.18368896183523795               
4       31             -0.18368896183523806               
3       31             -0.1836889618352381                
7       31             -0.1836889618352381                
5       31             -0.18368896183523817               
8       31             -0.18368896183523825               
11      31             -0.1836889618352384                
31      38             -0.1836889618352385                
31      42             -0.1836889618352386                
31      43             -0.1836889618352386                
31      40             -0.18368896183523864               
31      41             -0.18368896183523864               
31      39             -0.18368896183523867               
31      35             -0.18368896183523867               
19      25             -0.18667912593202418               
12      25             -0.18667912593202463               
15      25             -0.1866791259320247                
10      25             -0.18667912593202474               
6       25             -0.18667912593202488               
21      25             -0.18667912593202488               
11      25             -0.18667912593202488               
3       25             -0.18667912593202496               
17      25             -0.18667912593202501               
14      25             -0.18667912593202513               
9       25             -0.18667912593202515               
8       25             -0.1866791259320252                
16      25             -0.1866791259320252                
13      25             -0.18667912593202526               
20      25             -0.18667912593202535               
22      25             -0.18667912593202535               
7       25             -0.18667912593202543               
4       25             -0.18667912593202546               
5       25             -0.18667912593202549               
25      38             -0.18667912593202865               
25      39             -0.18667912593202873               
25      43             -0.18667912593202873               
25      35             -0.18667912593202876               
25      40             -0.1866791259320288                
25      41             -0.1866791259320288                
25      42             -0.1866791259320288                
36      37             -0.1875984501552267                
28      35             -0.19121014850947088               
28      38             -0.19121014850947088               
28      41             -0.1912101485094709                
28      40             -0.19121014850947093               
28      42             -0.19121014850947096               
28      43             -0.19121014850947096               
28      39             -0.19121014850947102               
21      28             -0.19121014850947113               
22      28             -0.1912101485094713                
16      28             -0.19121014850947143               
15      28             -0.19121014850947146               
12      28             -0.19121014850947163               
19      28             -0.19121014850947174               
10      28             -0.19121014850947185               
11      28             -0.19121014850947193               
9       28             -0.191210148509472                 
14      28             -0.19121014850947202               
13      28             -0.19121014850947216               
17      28             -0.19121014850947216               
4       28             -0.1912101485094722                
6       28             -0.19121014850947227               
8       28             -0.19121014850947232               
3       28             -0.19121014850947243               
20      28             -0.19121014850947243               
5       28             -0.19121014850947263               
7       28             -0.1912101485094727                
26      38             -0.19146182231420766               
26      40             -0.19146182231420772               
26      41             -0.19146182231420775               
26      43             -0.19146182231420775               
26      39             -0.19146182231420777               
26      42             -0.19146182231420777               
26      35             -0.1914618223142078                
22      26             -0.19146182231420794               
4       26             -0.1914618223142084                
9       26             -0.1914618223142086                
3       26             -0.19146182231420883               
5       26             -0.1914618223142089                
21      26             -0.19146182231420897               
10      26             -0.1914618223142092                
6       26             -0.19146182231420922               
7       26             -0.19146182231420936               
19      26             -0.19146182231420977               
11      26             -0.19146182231420988               
8       26             -0.1914618223142099                
12      26             -0.19146182231421013               
20      26             -0.19146182231421027               
17      26             -0.1914618223142105                
15      26             -0.1914618223142107                
16      26             -0.19146182231421094               
13      26             -0.19146182231421097               
14      26             -0.19146182231421116               
32      38             -0.19815945921199551               
32      39             -0.19815945921199557               
32      41             -0.1981594592119956                
32      42             -0.19815945921199563               
32      35             -0.19815945921199565               
32      40             -0.19815945921199565               
32      43             -0.19815945921199565               
20      32             -0.1981594592119966                
17      32             -0.19815945921199696               
22      32             -0.19815945921199696               
13      32             -0.19815945921199707               
21      32             -0.19815945921199707               
15      32             -0.1981594592119972                
19      32             -0.1981594592119972                
7       32             -0.19815945921199724               
6       32             -0.19815945921199726               
16      32             -0.1981594592119973                
9       32             -0.1981594592119973                
11      32             -0.1981594592119974                
10      32             -0.19815945921199749               
8       32             -0.1981594592119975                
4       32             -0.19815945921199768               
12      32             -0.1981594592119977                
14      32             -0.19815945921199776               
3       32             -0.198159459211998                 
5       32             -0.1981594592119981                
32      36             -0.19883935971495525               
23      32             -0.21275927722090043               
18      25             -0.22834337799537174               
3       27             -0.23070240896157046               
4       27             -0.23070240896157046               
6       27             -0.23070240896157057               
9       27             -0.23070240896157057               
27      38             -0.23070240896157065               
5       27             -0.23070240896157074               
27      40             -0.23070240896157074               
27      41             -0.23070240896157074               
10      27             -0.23070240896157074               
27      39             -0.23070240896157077               
27      42             -0.23070240896157077               
27      43             -0.23070240896157077               
27      35             -0.2307024089615708                
11      27             -0.23070240896157088               
7       27             -0.230702408961571                 
8       27             -0.2307024089615713                
12      27             -0.2307024089615713                
19      27             -0.23070240896157151               
15      27             -0.23070240896157157               
16      27             -0.23070240896157157               
17      27             -0.2307024089615716                
21      27             -0.23070240896157168               
13      27             -0.2307024089615718                
22      27             -0.23070240896157185               
14      27             -0.23070240896157193               
20      27             -0.23070240896157218               
26      32             -0.24101872003738756               
12      34             -0.24471522980978322               
6       34             -0.24471522980978325               
8       34             -0.24471522980978333               
7       34             -0.24471522980978336               
19      34             -0.24471522980978339               
21      34             -0.24471522980978344               
20      34             -0.2447152298097835                
9       34             -0.2447152298097835                
10      34             -0.24471522980978355               
15      34             -0.2447152298097836                
17      34             -0.2447152298097836                
13      34             -0.24471522980978366               
3       34             -0.24471522980978366               
4       34             -0.24471522980978366               
11      34             -0.24471522980978366               
22      34             -0.24471522980978372               
14      34             -0.24471522980978377               
16      34             -0.2447152298097838                
5       34             -0.24471522980978386               
34      38             -0.2447152298097841                
34      40             -0.2447152298097842                
34      43             -0.24471522980978422               
34      35             -0.24471522980978422               
34      41             -0.24471522980978422               
34      42             -0.24471522980978422               
34      39             -0.24471522980978425               
23      25             -0.2573566713052162                
23      33             -0.2856908313682578                
24      28             -0.28805945910179565               
1       28             -0.2880594591017963                
23      24             -0.29000682760914287               
1       23             -0.2900068276091433                
1       29             -0.2910781973739731                
24      29             -0.2910781973739739                
29      38             -0.29199747284653466               
29      35             -0.29199747284653477               
29      42             -0.29199747284653477               
29      40             -0.29199747284653477               
29      39             -0.2919974728465348                
29      41             -0.2919974728465348                
29      43             -0.2919974728465348                
3       29             -0.291997472846537                 
4       29             -0.2919974728465372                
6       29             -0.2919974728465372                
9       29             -0.2919974728465372                
17      29             -0.29199747284653726               
7       29             -0.2919974728465373                
11      29             -0.2919974728465373                
19      29             -0.2919974728465375                
5       29             -0.29199747284653754               
8       29             -0.29199747284653754               
10      29             -0.2919974728465376                
12      29             -0.29199747284653776               
13      29             -0.2919974728465378                
15      29             -0.2919974728465378                
16      29             -0.2919974728465378                
20      29             -0.2919974728465379                
14      29             -0.2919974728465382                
21      29             -0.2919974728465383                
22      29             -0.2919974728465385                
25      37             -0.29345788718651816               
19      44             -0.2962564111266903                
21      44             -0.2962564111266905                
15      44             -0.29625641112669077               
17      44             -0.29625641112669077               
22      44             -0.2962564111266908                
6       44             -0.2962564111266908                
16      44             -0.2962564111266909                
12      44             -0.296256411126691                 
11      44             -0.296256411126691                 
10      44             -0.2962564111266911                
13      44             -0.29625641112669115               
20      44             -0.29625641112669115               
38      44             -0.2962564111266912                
9       44             -0.29625641112669127               
35      44             -0.2962564111266914                
8       44             -0.29625641112669143               
3       44             -0.2962564111266915                
4       44             -0.2962564111266915                
14      44             -0.29625641112669154               
7       44             -0.29625641112669154               
40      44             -0.29625641112669154               
43      44             -0.29625641112669154               
42      44             -0.29625641112669154               
41      44             -0.29625641112669154               
39      44             -0.2962564111266916                
5       44             -0.2962564111266918                
1       37             -0.30122686912705227               
24      37             -0.301226869127053                 
19      30             -0.30363113861858393               
17      30             -0.30363113861858404               
15      30             -0.3036311386185842                
11      30             -0.3036311386185842                
12      30             -0.30363113861858426               
13      30             -0.30363113861858443               
16      30             -0.3036311386185845                
10      30             -0.3036311386185845                
30      38             -0.3036311386185846                
20      30             -0.30363113861858465               
22      30             -0.3036311386185847                
30      40             -0.30363113861858476               
30      42             -0.30363113861858476               
6       30             -0.3036311386185848                
21      30             -0.3036311386185848                
30      39             -0.3036311386185848                
30      43             -0.3036311386185848                
30      35             -0.3036311386185848                
30      41             -0.3036311386185848                
14      30             -0.3036311386185849                
9       30             -0.30363113861858493               
7       30             -0.303631138618585                 
3       30             -0.30363113861858515               
4       30             -0.30363113861858515               
8       30             -0.3036311386185854                
5       30             -0.3036311386185856                
2       33             -0.32036642789457265               
2       32             -0.3303093418642845                
24      25             -0.3601973885530263                
1       25             -0.36019738855302663               
23      31             -0.3708503450206918                
30      33             -0.37738934321622475               
31      37             -0.3792136050005631                
26      37             -0.46580335424799424               
18      31             -0.515857162023207                 
