#======================================================================
# PARAMETERS USED FOR THIS COMPUTATION: 
#      Sequence type: RNA
#      Total number of sequences in alignment data: 35
#      Length of sequences in alignment data: 37
#      Effective number of sequences: 3.503024193548387
#      Value of sequence identity: 0.8
#      Value of relative pseudocount: 0.5
# The First and Second columns represent sites and the
# Third column is MFDCA Frobenius norm, average product corrected (APC) DCA score
#======================================================================
13      23             0.938298512437505                  
1       2              0.641467960422849                  
29      37             0.6127466461355777                 
13      20             0.6043329264964843                 
2       3              0.5148601954818702                 
1       3              0.4939332324563783                 
20      31             0.4895825799922635                 
20      23             0.453818310290165                  
6       32             0.41909154935135684                
9       37             0.3860847931131879                 
4       5              0.3775486824667126                 
11      31             0.31513369348546005                
7       8              0.3044326594673017                 
7       10             0.3044326594673012                 
8       10             0.3044326594673004                 
9       29             0.29763319895376794                
6       13             0.2972972565436941                 
33      34             0.29154822756875304                
33      36             0.291548227568753                  
34      36             0.291548227568753                  
30      33             0.29154822756875287                
30      36             0.29154822756875265                
30      34             0.2915482275687525                 
8       11             0.28371293616088                   
10      11             0.2837129361608798                 
7       11             0.28371293616087945                
35      36             0.27640048426963926                
28      36             0.27640048426963876                
28      34             0.2764004842696386                 
28      33             0.2764004842696385                 
28      30             0.2764004842696383                 
30      35             0.2764004842696377                 
33      35             0.27640048426963737                
34      35             0.27640048426963726                
30      32             0.264562931607945                  
32      34             0.26456293160794453                
32      33             0.2645629316079443                 
32      36             0.26456293160794414                
3       5              0.2455370046635504                 
3       4              0.2455370046635495                 
28      35             0.24493159188819014                
6       8              0.2387127636059242                 
6       7              0.2387127636059242                 
6       10             0.23871276360592358                
32      35             0.23656473482487672                
28      32             0.23656473482487556                
30      31             0.2257531625997917                 
31      36             0.2257531625997908                 
31      34             0.22575316259979056                
31      33             0.22575316259979006                
14      15             0.22483943651404018                
14      16             0.22483943651403807                
16      18             0.22483943651403787                
16      17             0.22483943651403787                
15      18             0.22483943651403762                
15      17             0.22483943651403757                
14      19             0.224839436514037                  
17      19             0.224839436514037                  
18      19             0.22483943651403662                
18      22             0.2248394365140366                 
14      22             0.22483943651403648                
17      22             0.22483943651403587                
18      21             0.22469035774246224                
17      21             0.22469035774246068                
14      21             0.22469035774245963                
17      18             0.22244226082027402                
14      18             0.2224422608202734                 
14      17             0.2224422608202733                 
16      19             0.20879532689810285                
15      19             0.20879532689810232                
15      16             0.20879532689810193                
19      22             0.20879532689810118                
15      22             0.20879532689810062                
16      22             0.20879532689810062                
5       10             0.2076572260752444                 
4       8              0.2076572260752435                 
4       7              0.20765722607524345                
4       10             0.2076572260752434                 
5       8              0.20765722607524317                
5       7              0.20765722607524284                
6       23             0.20350191156785874                
2       4              0.2033777737398366                 
2       5              0.2033777737398357                 
21      22             0.19166294607637896                
15      21             0.19166294607637388                
19      21             0.1916629460763738                 
16      21             0.19166294607637316                
31      35             0.18310265157769987                
28      31             0.18310265157769723                
31      32             0.179381420975713                  
5       11             0.17734760238944555                
4       11             0.17734760238944464                
1       5              0.1644471062508576                 
1       4              0.1644471062508571                 
6       11             0.14866944105441943                
14      37             0.14649839610290616                
17      37             0.14649839610290605                
18      37             0.1464983961029045                 
9       18             0.14409043829373724                
9       17             0.14409043829373697                
9       14             0.1440904382937368                 
12      24             0.14391912267172113                
12      26             0.14391912267172113                
25      26             0.14391912267171902                
24      27             0.1439191226717189                 
26      27             0.14391912267171886                
24      25             0.14391912267171858                
25      27             0.14363619273326167                
12      27             0.14363619273325906                
12      25             0.14363619273325884                
5       6              0.14157927769577658                
4       6              0.14157927769577655                
14      29             0.1360702450526447                 
17      29             0.13607024505264426                
18      29             0.1360702450526441                 
3       10             0.12820756705686392                
3       7              0.12820756705686093                
3       8              0.12820756705686065                
24      26             0.12357849836676099                
15      37             0.12336621645323781                
16      37             0.12336621645323781                
19      37             0.12336621645323725                
22      37             0.12336621645323681                
8       9              0.11683392729252995                
7       9              0.11683392729252928                
9       10             0.11683392729252878                
9       19             0.1089890947768068                 
9       15             0.10898909477680674                
9       22             0.10898909477680618                
9       16             0.10898909477680602                
18      20             0.10677296790228857                
17      20             0.10677296790228852                
14      20             0.10677296790228835                
2       10             0.1051410314306275                 
2       7              0.10514103143062661                
2       8              0.10514103143062653                
21      37             0.09842872843480688                
22      29             0.09452623870023164                
16      29             0.09452623870022964                
19      29             0.09452623870022875                
15      29             0.09452623870022836                
3       11             0.08839596293474003                
1       10             0.08669705296966496                
1       7              0.08669705296966465                
1       8              0.08669705296966454                
29      36             0.08287319260268927                
29      34             0.08287319260268927                
29      30             0.0828731926026891                 
29      33             0.08287319260268888                
9       11             0.08097314656693894                
30      37             0.07680643492811146                
33      37             0.07680643492811068                
34      37             0.07680643492811057                
36      37             0.07680643492811012                
23      26             0.07510248597385083                
23      24             0.07510248597385061                
9       21             0.07274051963745742                
19      20             0.0672390369686097                 
20      22             0.06723903696860947                
16      20             0.06723903696860925                
15      20             0.06723903696860917                
23      25             0.06461627879852394                
23      27             0.06461627879852394                
12      23             0.06461627879852311                
12      13             0.062364872261021775               
13      27             0.062364872261019166               
13      25             0.062364872261019055               
35      37             0.06200026130506475                
28      37             0.06200026130506375                
29      35             0.06132184427221288                
28      29             0.06132184427221071                
2       11             0.057348294328370325               
13      26             0.05695360015813378                
13      24             0.05695360015813372                
32      37             0.05477523788349642                
29      32             0.054474265353438245               
21      29             0.05167987261410767                
1       26             0.0424631026352329                 
1       24             0.04246310263523284                
3       6              0.038499095971946534               
20      21             0.037144287963254                  
6       9              0.03574854763915719                
21      26             0.03536577857853018                
21      24             0.03536577857853013                
11      20             0.03198810041476635                
5       9              0.028968566599764878               
4       9              0.0289685665997646                 
29      31             0.022424340119355124               
26      28             0.01659258763367899                
24      28             0.016592587633678935               
26      35             0.01659258763367888                
24      35             0.016592587633678824               
1       11             0.01583790805326779                
31      37             0.01414638084483616                
2       24             0.011391533139454846               
2       26             0.01139153313945479                
21      27             0.0103226986446322                 
21      25             0.010322698644632144               
12      21             0.010322698644631756               
22      24             0.009288689173483577               
22      26             0.009288689173483522               
15      26             0.009288689173482467               
15      24             0.009288689173482356               
16      24             0.009288689173482134               
16      26             0.009288689173482079               
19      24             0.009288689173481968               
19      26             0.009288689173481968               
16      27             0.0022654473276027542              
16      25             0.0022654473276026432              
15      27             0.0022654473276022546              
15      25             0.0022654473276021436              
19      27             0.002265447327601755               
19      25             0.002265447327601644               
12      19             0.0022654473276011444              
12      16             0.002265447327601089               
22      27             0.002265447327600867               
22      25             0.0022654473276008114              
12      15             0.0022654473276008114              
12      22             0.0022654473275994236              
27      28             0.001981701016469717               
27      35             0.0019817010164696613              
12      28             0.0019817010164696613              
25      28             0.001981701016469606               
25      35             0.001981701016469495               
12      35             0.001981701016469495               
1       12             -4.253323518194074e-05             
1       27             -4.2533235181996254e-05            
1       25             -4.2533235182051765e-05            
2       6              -0.0015360994599836475             
27      33             -0.002273982557401688              
25      33             -0.002273982557401799              
25      34             -0.0022739825574018546             
27      30             -0.0022739825574018546             
27      36             -0.00227398255740191               
27      34             -0.00227398255740191               
25      30             -0.002273982557402021              
25      36             -0.002273982557402021              
12      33             -0.002273982557402743              
12      36             -0.002273982557402965              
12      34             -0.0022739825574030204             
12      30             -0.002273982557403076              
2       27             -0.0025495722200454263             
2       25             -0.002549572220045482              
2       12             -0.0025495722200460924             
5       20             -0.0035168449583117545             
4       20             -0.0035168449583118377             
3       26             -0.00405534674004282               
3       24             -0.0040553467400428755             
11      26             -0.004576124549372673              
11      24             -0.004576124549372784              
26      32             -0.005332363361868431              
24      32             -0.005332363361868486              
26      31             -0.006645580625347647              
24      31             -0.006645580625347813              
24      30             -0.0066663968728660206             
24      36             -0.0066663968728660206             
24      34             -0.0066663968728660206             
24      33             -0.006666396872866076              
26      33             -0.006666396872866187              
26      34             -0.006666396872866243              
26      36             -0.006666396872866298              
26      30             -0.006666396872866409              
10      25             -0.0070512796313092485             
10      27             -0.0070512796313092485             
7       12             -0.007051279631309304              
10      12             -0.007051279631309637              
8       12             -0.007051279631310081              
8       25             -0.007051279631310636              
8       27             -0.007051279631310636              
7       27             -0.007051279631310692              
7       25             -0.007051279631310803              
17      27             -0.008681840626169113              
17      25             -0.008681840626169224              
18      27             -0.008681840626169335              
18      25             -0.00868184062616939               
12      17             -0.008681840626169668              
14      27             -0.008681840626169723              
14      25             -0.008681840626169779              
12      18             -0.008681840626169779              
12      14             -0.008681840626169834              
3       12             -0.0087128701656225                
3       25             -0.008712870165623054              
3       27             -0.008712870165623054              
4       12             -0.009828166032826657              
4       27             -0.009828166032826713              
5       27             -0.009828166032826824              
4       25             -0.00982816603282688               
5       25             -0.009828166032826935              
5       12             -0.009828166032827212              
20      37             -0.015148016175561607              
12      32             -0.015513213613916055              
25      32             -0.015513213613918442              
27      32             -0.015513213613918553              
6       24             -0.017029887738919502              
6       26             -0.017029887738919502              
11      27             -0.01745194989907839               
11      25             -0.017451949899078473              
11      12             -0.017451949899080194              
7       26             -0.020491854030032453              
7       24             -0.020491854030032564              
8       24             -0.020491854030032675              
8       26             -0.020491854030032675              
10      24             -0.020491854030033507              
10      26             -0.020491854030033507              
5       24             -0.02102066731795804               
5       26             -0.02102066731795804               
4       24             -0.021020667317958208              
4       26             -0.021020667317958208              
14      24             -0.021882758444831563              
14      26             -0.021882758444831563              
17      26             -0.021882758444832007              
18      26             -0.021882758444832062              
17      24             -0.021882758444832062              
18      24             -0.021882758444832173              
12      31             -0.03462427512912289               
27      31             -0.03462427512912611               
25      31             -0.03462427512912633               
1       6              -0.03950906649989577               
3       9              -0.042687164639304026              
13      28             -0.042864536943611475              
13      35             -0.04286453694361156               
6       29             -0.04351435319196706               
23      33             -0.04718545215440803               
23      30             -0.0471854521544082                
23      34             -0.0471854521544082                
23      36             -0.0471854521544082                
1       29             -0.04733914012622936               
10      23             -0.04887076580308819               
8       23             -0.04887076580308891               
7       23             -0.04887076580308927               
13      21             -0.04891521751196881               
13      33             -0.05036643726161738               
13      34             -0.050366437261617436              
13      36             -0.05036643726161749               
13      30             -0.05036643726161755               
9       20             -0.051398102847193566              
6       31             -0.05158813982339719               
23      28             -0.05177392823791824               
23      35             -0.05177392823791832               
1       9              -0.05182663290346384               
6       12             -0.05183205740431135               
6       27             -0.051832057404311904              
6       25             -0.05183205740431193               
9       31             -0.05288125923803122               
1       13             -0.05295896301588074               
21      23             -0.05876000567725162               
7       13             -0.05954300370562857               
10      13             -0.05954300370562876               
8       13             -0.05954300370562987               
20      29             -0.05960694322977128               
1       20             -0.061251669861940194              
2       9              -0.06174842667092956               
13      19             -0.062498130866366935              
13      16             -0.06249813086636716               
13      15             -0.06249813086636721               
13      22             -0.06249813086636774               
16      23             -0.06323257097234616               
19      23             -0.06323257097234616               
15      23             -0.06323257097234686               
22      23             -0.06323257097234986               
2       13             -0.0639122377529519                
1       23             -0.06536347044674987               
23      31             -0.06614991304059895               
7       28             -0.06732583247331439               
7       35             -0.06732583247331456               
8       28             -0.06732583247331456               
8       35             -0.06732583247331475               
10      28             -0.06732583247331475               
10      35             -0.06732583247331478               
17      23             -0.06739062344961774               
14      23             -0.06739062344961808               
18      23             -0.06739062344961891               
10      21             -0.06745776234830059               
8       21             -0.06745776234830153               
7       21             -0.06745776234830178               
1       14             -0.06771838505505895               
1       18             -0.06771838505505895               
1       17             -0.06771838505505898               
5       28             -0.068212579846788                 
5       35             -0.06821257984678811               
4       28             -0.06821257984678872               
4       35             -0.06821257984678886               
2       23             -0.06971896941139341               
20      24             -0.0710280531937107                
20      26             -0.07102805319371075               
6       20             -0.07232577685400801               
1       33             -0.07314381441581883               
1       36             -0.07314381441581888               
1       34             -0.07314381441581888               
1       30             -0.07314381441581896               
2       33             -0.07320125230035462               
2       34             -0.07320125230035468               
2       36             -0.07320125230035471               
2       30             -0.07320125230035476               
3       13             -0.07387756166841489               
3       23             -0.07401105402349847               
4       21             -0.0745563091103309                
5       21             -0.07455630911033115               
5       23             -0.07496246950593452               
4       23             -0.07496246950593508               
11      23             -0.07722311999489448               
3       33             -0.07722737408417044               
3       34             -0.07722737408417049               
3       36             -0.07722737408417052               
3       30             -0.07722737408417055               
13      32             -0.07849901239750481               
23      32             -0.07900325635407768               
4       33             -0.07906989341256446               
4       34             -0.07906989341256454               
4       30             -0.07906989341256462               
4       36             -0.07906989341256462               
5       33             -0.0790698934125649                
5       34             -0.07906989341256496               
5       30             -0.07906989341256498               
5       36             -0.07906989341256501               
13      17             -0.07941483636435379               
13      14             -0.07941483636435381               
13      18             -0.07941483636435401               
8       33             -0.08047187739154774               
8       34             -0.08047187739154779               
8       30             -0.08047187739154782               
8       36             -0.08047187739154785               
7       33             -0.08047187739154801               
7       30             -0.0804718773915481                
7       34             -0.0804718773915481                
7       36             -0.08047187739154812               
10      33             -0.0804718773915484                
10      30             -0.08047187739154849               
10      34             -0.08047187739154849               
10      36             -0.08047187739154849               
3       28             -0.08123056588109667               
3       35             -0.08123056588109681               
2       18             -0.08294624428685965               
2       17             -0.08294624428685965               
2       14             -0.08294624428685979               
11      13             -0.08314061998115801               
10      22             -0.08405482558103747               
8       22             -0.08405482558103797               
7       22             -0.084054825581038                 
8       16             -0.08405482558103936               
7       19             -0.08405482558103936               
8       15             -0.08405482558103938               
7       16             -0.08405482558103944               
10      19             -0.08405482558103947               
8       19             -0.08405482558103952               
10      16             -0.08405482558103952               
10      15             -0.08405482558103958               
7       15             -0.0840548255810396                
2       28             -0.08556168062454861               
2       35             -0.08556168062454886               
8       31             -0.08558059056636114               
7       31             -0.08558059056636116               
10      31             -0.08558059056636116               
4       13             -0.08618577777325759               
5       13             -0.08618577777325959               
5       19             -0.08917910326900508               
5       16             -0.08917910326900524               
5       22             -0.08917910326900536               
5       15             -0.08917910326900541               
4       19             -0.0891791032690056                
4       16             -0.08917910326900563               
4       22             -0.08917910326900566               
4       15             -0.08917910326900566               
2       19             -0.08937413268810199               
2       16             -0.08937413268810207               
2       15             -0.08937413268810229               
2       22             -0.08937413268810246               
13      31             -0.09033194963815927               
3       19             -0.09062131965435927               
3       16             -0.09062131965435943               
3       15             -0.09062131965435966               
3       22             -0.09062131965436038               
3       21             -0.09088722378655063               
21      33             -0.09198374382386795               
21      36             -0.09198374382386804               
21      34             -0.09198374382386804               
21      30             -0.09198374382386812               
3       17             -0.09299527720950881               
3       18             -0.09299527720950893               
3       14             -0.09299527720950898               
4       32             -0.09314703183579232               
5       32             -0.09314703183579287               
20      27             -0.0933778419608853                
20      25             -0.09337784196088558               
12      20             -0.09337784196088594               
11      29             -0.09396373857895116               
11      33             -0.09427794060472558               
11      30             -0.09427794060472561               
11      34             -0.09427794060472561               
11      36             -0.09427794060472564               
3       20             -0.09500118958927037               
1       22             -0.09727261341670423               
1       16             -0.0972726134167044                
1       19             -0.09727261341670443               
1       15             -0.09727261341670462               
9       28             -0.09753727070928422               
9       35             -0.09753727070928445               
7       32             -0.09809694765035668               
8       32             -0.09809694765035704               
10      32             -0.09809694765035742               
2       21             -0.09825852353821946               
3       32             -0.09899531636479916               
18      28             -0.09910035647316551               
18      35             -0.0991003564731657                
17      28             -0.09910035647316576               
17      35             -0.09910035647316592               
14      35             -0.09910035647316606               
14      28             -0.09910035647316612               
11      28             -0.0999665124101221                
11      35             -0.0999665124101222                
2       32             -0.1002648900254874                
19      33             -0.10124936721352293               
19      30             -0.10124936721352298               
19      36             -0.10124936721352301               
19      34             -0.10124936721352301               
22      34             -0.10124936721352337               
22      33             -0.10124936721352337               
22      30             -0.10124936721352348               
22      36             -0.10124936721352354               
15      33             -0.1012493672135236                
16      33             -0.10124936721352362               
16      30             -0.10124936721352368               
16      34             -0.10124936721352368               
15      30             -0.1012493672135237                
15      34             -0.1012493672135237                
16      36             -0.1012493672135237                
15      36             -0.10124936721352376               
11      17             -0.10200177174423278               
11      18             -0.10200177174423286               
11      14             -0.10200177174423306               
20      28             -0.10216435563913165               
20      35             -0.1021643556391317                
1       31             -0.10223606183778478               
20      32             -0.10375856193586619               
11      19             -0.10401207073837802               
11      15             -0.10401207073837804               
11      16             -0.10401207073837833               
11      22             -0.10401207073838                  
1       37             -0.10402255757421983               
22      28             -0.10416068424441108               
22      35             -0.10416068424441115               
16      28             -0.1041606842444115                
16      35             -0.10416068424441155               
19      28             -0.1041606842444116                
15      28             -0.10416068424441166               
15      35             -0.10416068424441181               
19      35             -0.10416068424441191               
1       28             -0.1044034668155843                
1       35             -0.10440346681558445               
8       17             -0.10441711661436448               
8       18             -0.10441711661436456               
7       14             -0.10441711661436456               
7       17             -0.10441711661436465               
7       18             -0.10441711661436467               
8       14             -0.10441711661436498               
10      17             -0.10441711661436498               
10      18             -0.10441711661436509               
10      14             -0.10441711661436545               
11      21             -0.10484652288926843               
6       37             -0.10622142699752368               
4       17             -0.10734255197187065               
4       18             -0.10734255197187073               
4       14             -0.10734255197187079               
5       17             -0.10734255197187151               
5       18             -0.10734255197187154               
5       14             -0.10734255197187179               
9       32             -0.1100774125711996                
21      35             -0.11029536103617095               
21      28             -0.110295361036171                 
23      29             -0.11053498377850696               
6       17             -0.11063341752576866               
6       14             -0.1106334175257687                
6       18             -0.1106334175257688                
18      32             -0.11228132186025494               
14      32             -0.11228132186025502               
17      32             -0.11228132186025555               
22      32             -0.11364798542112692               
16      32             -0.1136479854211291                
15      32             -0.11364798542112917               
19      32             -0.11364798542112921               
18      33             -0.1136805920959181                
18      34             -0.11368059209591819               
18      30             -0.11368059209591827               
18      36             -0.11368059209591827               
14      34             -0.11368059209591833               
14      33             -0.11368059209591833               
14      36             -0.11368059209591838               
14      30             -0.11368059209591844               
17      33             -0.1136805920959186                
17      36             -0.11368059209591866               
17      34             -0.11368059209591866               
17      30             -0.11368059209591874               
1       32             -0.11407896626258895               
2       29             -0.11428147408138062               
5       31             -0.11477362084218995               
4       31             -0.11477362084219003               
6       33             -0.1158002504213303                
6       30             -0.11580025042133038               
6       34             -0.1158002504213304                
6       36             -0.11580025042133042               
21      32             -0.11664741947527277               
9       23             -0.11997533397479884               
6       21             -0.12053542273448804               
10      20             -0.12088842119166207               
7       20             -0.1208884211916621                
8       20             -0.12088842119166221               
11      32             -0.12143158197359477               
1       21             -0.12172266223947507               
11      37             -0.122901792456248                 
6       28             -0.12381599140254838               
6       35             -0.12381599140254847               
6       19             -0.1248445415723706                
6       16             -0.12484454157237063               
6       22             -0.12484454157237071               
6       15             -0.12484454157237078               
12      29             -0.12514974881918972               
27      29             -0.12514974881918986               
25      29             -0.12514974881918994               
3       31             -0.12588384762071253               
2       20             -0.12790037163883944               
2       31             -0.12834518378749538               
21      31             -0.13038335858237377               
9       27             -0.1314698293280175                
9       25             -0.1314698293280178                
9       12             -0.13146982932801815               
3       29             -0.13289478789603346               
18      31             -0.13338484664080272               
14      31             -0.13338484664080275               
17      31             -0.13338484664080325               
12      37             -0.135206252597803                 
27      37             -0.13520625259780303               
25      37             -0.13520625259780308               
2       37             -0.13635808205479763               
9       33             -0.13801433472750443               
9       34             -0.13801433472750446               
9       36             -0.13801433472750452               
9       30             -0.13801433472750455               
19      31             -0.13837383792105767               
16      31             -0.13837383792105817               
22      31             -0.13837383792105823               
15      31             -0.13837383792105856               
23      37             -0.13882555267428595               
3       37             -0.14743548839672177               
13      29             -0.15068079617402844               
26      29             -0.15742365164504138               
24      29             -0.15742365164504152               
4       29             -0.15755986590735127               
5       29             -0.15755986590735138               
9       13             -0.15765721360863993               
20      33             -0.15815578417276982               
20      30             -0.15815578417276988               
20      34             -0.15815578417276996               
20      36             -0.15815578417277                  
26      37             -0.15988329061309153               
24      37             -0.15988329061309156               
13      37             -0.1614775759062131                
5       37             -0.1615972294704393                
4       37             -0.16159722947043947               
9       26             -0.1657083922430133                
9       24             -0.16570839224301334               
7       29             -0.16626149312464097               
8       29             -0.1662614931246411                
10      29             -0.16626149312464117               
10      37             -0.17015274132616143               
7       37             -0.17015274132616154               
8       37             -0.17015274132616165               
