#======================================================================
# PARAMETERS USED FOR THIS COMPUTATION: 
#      Sequence type: RNA
#      Total number of sequences in alignment data: 14
#      Length of sequences in alignment data: 45
#      Effective number of sequences: 2.098251748251748
#      Value of sequence identity: 0.8
#      Value of relative pseudocount: 0.5
# The First and Second columns represent sites and the
# Third column is MFDCA Frobenius norm, average product corrected (APC) DCA score
#======================================================================
10      23             2.425221629731239                  
7       43             1.5201187306296164                 
7       26             1.3280591146706215                 
9       42             1.1987657752428165                 
5       33             1.1966052658764954                 
1       45             1.139122458975525                  
17      45             1.1315360513177828                 
5       26             1.0623212599244622                 
4       30             1.0411502358526699                 
3       4              0.9871632057962423                 
3       30             0.9806225921190277                 
30      35             0.9314763665209408                 
21      26             0.8831873600105914                 
17      42             0.7829290423319109                 
33      35             0.7390009315531545                 
10      38             0.6699612244494775                 
23      38             0.6699612244494775                 
33      43             0.6200298723984445                 
26      43             0.6164788394839045                 
43      45             0.6096383059519983                 
7       33             0.598421811036028                  
17      35             0.5809023021299025                 
26      45             0.5711662461939503                 
9       17             0.5701899213041791                 
7       42             0.5549419628785697                 
17      26             0.5450383094486109                 
7       21             0.5126193907756715                 
35      45             0.5103572049127011                 
17      38             0.5069358845025762                 
3       38             0.46803583194688614                
5       43             0.45402635461907115                
26      30             0.41617645759052635                
7       9              0.4058265963284924                 
10      43             0.3940066434732561                 
23      43             0.39400664347325504                
28      36             0.38306865766034986                
28      39             0.38306865766034964                
36      39             0.38306865766034803                
6       15             0.3830686576603475                 
6       16             0.3830686576603475                 
6       22             0.3830686576603474                 
15      28             0.3830686576603474                 
6       20             0.3830686576603473                 
15      39             0.3830686576603472                 
15      36             0.3830686576603472                 
6       18             0.38306865766034703                
20      22             0.383068657660347                  
15      22             0.38306865766034687                
18      36             0.38306865766034676                
18      28             0.3830686576603467                 
16      22             0.38306865766034665                
16      28             0.38306865766034665                
15      18             0.3830686576603466                 
18      39             0.3830686576603466                 
6       28             0.38306865766034653                
6       36             0.38306865766034653                
18      22             0.3830686576603465                 
15      20             0.3830686576603464                 
6       39             0.3830686576603464                 
16      39             0.3830686576603464                 
16      36             0.3830686576603464                 
16      20             0.3830686576603463                 
16      18             0.38306865766034626                
15      16             0.3830686576603459                 
22      28             0.38306865766034576                
22      36             0.38306865766034576                
18      20             0.38306865766034565                
22      39             0.38306865766034565                
20      28             0.38306865766034476                
20      36             0.3830686576603447                 
20      39             0.38306865766034454                
10      21             0.3632915684160325                 
21      23             0.3632915684160316                 
21      43             0.3442731896955385                 
4       38             0.33577502736203013                
5       7              0.3302195947280375                 
38      43             0.3007677857655082                 
9       16             0.29916134176192277                
9       15             0.29916134176192233                
9       22             0.2991613417619223                 
9       20             0.2991613417619221                 
9       18             0.29916134176192205                
9       39             0.29916134176192183                
9       28             0.2991613417619217                 
9       36             0.29916134176192166                
6       9              0.29916134176192055                
7       45             0.29453106014713537                
26      42             0.2920838761040951                 
1       38             0.2906467858104763                 
7       38             0.27565394758922657                
21      38             0.272069072425697                  
4       43             0.23423460467148638                
5       30             0.22452550755982792                
9       26             0.21725433165753566                
30      38             0.21052050767761554                
5       22             0.19708768865402332                
5       18             0.19708768865402293                
5       15             0.19708768865402287                
5       16             0.19708768865402276                
5       20             0.1970876886540227                 
5       6              0.19708768865402265                
5       36             0.19708768865402226                
5       28             0.1970876886540222                 
5       39             0.1970876886540221                 
35      43             0.16803873592242724                
10      17             0.164459288445661                  
17      23             0.16445928844566093                
3       22             0.14740327266198033                
3       15             0.14740327266198006                
3       16             0.14740327266198006                
3       18             0.1474032726619799                 
3       20             0.14740327266197983                
3       36             0.14740327266197972                
3       28             0.14740327266197967                
3       39             0.14740327266197967                
3       6              0.14740327266197872                
26      33             0.13986408175960918                
24      25             0.12966239640133004                
19      25             0.12966239640132987                
25      27             0.129662396401329                  
25      44             0.129662396401329                  
25      34             0.12966239640132896                
25      32             0.12966239640132896                
25      40             0.12966239640132896                
25      41             0.12966239640132896                
25      37             0.1296623964013289                 
25      29             0.12966239640132887                
25      31             0.12966239640132887                
19      34             0.12966239640132882                
19      29             0.1296623964013288                 
19      31             0.12966239640132873                
19      41             0.12966239640132873                
19      40             0.1296623964013287                 
19      32             0.12966239640132865                
19      37             0.12966239640132865                
19      44             0.12966239640132865                
19      27             0.1296623964013286                 
8       24             0.12966239640132848                
12      24             0.12966239640132848                
14      24             0.12966239640132837                
27      40             0.12966239640132834                
8       19             0.12966239640132832                
29      44             0.12966239640132832                
29      31             0.1296623964013283                 
27      32             0.1296623964013283                 
27      44             0.1296623964013283                 
34      41             0.1296623964013283                 
29      32             0.12966239640132826                
29      37             0.12966239640132826                
29      40             0.12966239640132826                
29      41             0.12966239640132826                
27      37             0.12966239640132823                
34      44             0.12966239640132823                
27      41             0.12966239640132823                
32      44             0.12966239640132823                
37      41             0.12966239640132823                
27      29             0.1296623964013282                 
29      34             0.1296623964013282                 
27      34             0.12966239640132818                
37      44             0.12966239640132818                
40      41             0.12966239640132818                
41      44             0.12966239640132818                
12      19             0.12966239640132815                
31      34             0.12966239640132815                
31      32             0.12966239640132815                
31      37             0.12966239640132815                
31      44             0.12966239640132815                
31      41             0.12966239640132815                
32      34             0.12966239640132812                
34      37             0.12966239640132812                
34      40             0.12966239640132812                
37      40             0.12966239640132812                
40      44             0.12966239640132812                
32      41             0.12966239640132812                
27      31             0.1296623964013281                 
31      40             0.1296623964013281                 
32      37             0.12966239640132807                
32      40             0.12966239640132807                
14      19             0.12966239640132793                
13      24             0.1296623964013279                 
11      24             0.12966239640132787                
11      19             0.1296623964013277                 
13      14             0.1296623964013276                 
13      19             0.1296623964013274                 
24      32             0.1296623964013272                 
24      41             0.12966239640132712                
8       37             0.12966239640132712                
24      44             0.1296623964013271                 
24      29             0.12966239640132707                
24      31             0.12966239640132707                
8       40             0.12966239640132707                
8       41             0.12966239640132707                
12      14             0.12966239640132707                
24      37             0.12966239640132704                
24      40             0.12966239640132704                
8       27             0.129662396401327                  
8       34             0.129662396401327                  
8       44             0.129662396401327                  
12      41             0.129662396401327                  
8       32             0.12966239640132696                
12      32             0.12966239640132696                
12      37             0.12966239640132696                
12      44             0.12966239640132696                
24      27             0.12966239640132693                
24      34             0.12966239640132693                
8       29             0.12966239640132693                
8       31             0.12966239640132693                
12      31             0.12966239640132693                
12      34             0.1296623964013269                 
12      40             0.1296623964013269                 
12      29             0.12966239640132687                
2       24             0.1296623964013267                 
12      13             0.1296623964013267                 
12      27             0.12966239640132668                
11      12             0.12966239640132657                
2       11             0.12966239640132657                
11      37             0.1296623964013265                 
11      44             0.1296623964013265                 
11      41             0.1296623964013265                 
11      34             0.12966239640132646                
11      32             0.12966239640132646                
11      40             0.12966239640132646                
11      31             0.12966239640132643                
11      29             0.12966239640132637                
2       14             0.12966239640132635                
2       19             0.12966239640132626                
13      40             0.12966239640132626                
13      44             0.12966239640132626                
11      27             0.12966239640132624                
13      32             0.1296623964013262                 
13      41             0.1296623964013262                 
2       13             0.1296623964013262                 
2       12             0.12966239640132618                
13      31             0.12966239640132618                
13      29             0.12966239640132615                
13      34             0.12966239640132615                
2       8              0.12966239640132612                
13      37             0.1296623964013261                 
13      27             0.12966239640132599                
11      14             0.12966239640132599                
11      13             0.12966239640132576                
8       11             0.12966239640132568                
8       13             0.12966239640132565                
8       14             0.12966239640132557                
8       12             0.12966239640132535                
14      44             0.1296623964013253                 
14      41             0.1296623964013253                 
14      31             0.12966239640132526                
14      34             0.12966239640132524                
14      32             0.12966239640132524                
14      37             0.12966239640132524                
14      29             0.1296623964013252                 
14      40             0.12966239640132518                
14      27             0.12966239640132513                
2       32             0.12966239640132507                
13      25             0.12966239640132507                
19      24             0.12966239640132501                
2       34             0.12966239640132501                
2       41             0.12966239640132501                
2       37             0.12966239640132496                
2       40             0.12966239640132496                
2       29             0.12966239640132493                
2       44             0.1296623964013249                 
2       27             0.12966239640132485                
2       31             0.12966239640132482                
14      25             0.12966239640132457                
12      25             0.12966239640132435                
2       25             0.12966239640132435                
8       25             0.1296623964013238                 
11      25             0.12966239640132368                
3       7              0.12910865333722416                
1       10             0.12465243965290213                
1       23             0.12465243965290124                
42      43             0.11044487163766165                
5       35             0.09243120353308931                
5       9              0.09073941872818392                
23      33             0.08927934636296503                
10      33             0.08927934636296475                
4       7              0.08134275379854294                
33      38             0.07791397512572418                
3       43             0.07388549798780675                
26      38             0.06278564579570034                
5       17             0.0620328710869793                 
16      35             0.06111030291136876                
18      35             0.06111030291136754                
15      35             0.06111030291136704                
22      35             0.06111030291136671                
20      35             0.0611103029113666                 
6       35             0.06111030291136538                
35      36             0.061110302911364656               
35      39             0.06111030291136449                
28      35             0.0611103029113631                 
1       35             0.060331503041949286               
4       23             0.0563922665943869                 
4       10             0.05639226659438612                
17      30             0.0488016156916109                 
1       2              0.04422776717374466                
1       8              0.04422776717374219                
1       13             0.04422776717374194                
1       14             0.04422776717374166                
1       24             0.044227767173741495               
1       19             0.04422776717374133                
1       12             0.04422776717374127                
1       11             0.044227767173741245               
1       27             0.04422776717374041                
1       32             0.04422776717374041                
1       40             0.04422776717374041                
1       41             0.04422776717374041                
1       25             0.044227767173740384               
1       34             0.04422776717374036                
1       37             0.04422776717374036                
1       44             0.04422776717374036                
1       29             0.044227767173740246               
1       31             0.04422776717374022                
30      43             0.04105518051954471                
28      30             0.032255579549547386               
30      36             0.032255579549545665               
30      39             0.03225557954954544                
20      30             0.032255579549544056               
22      30             0.03225557954954322                
6       30             0.032255579549543                  
18      30             0.03225557954954239                
15      30             0.03225557954954189                
16      30             0.032255579549541724               
7       17             0.03153989533355667                
5       45             0.028881009651473666               
8       21             0.02094425124460736                
2       21             0.020944251244606304               
14      21             0.020944251244606193               
11      21             0.02094425124460586                
13      21             0.02094425124460564                
21      25             0.020944251244604972               
21      24             0.02094425124460486                
12      21             0.02094425124460439                
21      44             0.020944251244604112               
21      41             0.020944251244604112               
21      37             0.020944251244604056               
21      40             0.020944251244604056               
21      31             0.02094425124460403                
21      29             0.020944251244604                  
21      32             0.020944251244604                  
21      34             0.020944251244603973               
21      27             0.020944251244603918               
19      21             0.020944251244602974               
2       4              0.013731136507073749               
4       8              0.013731136507072361               
4       19             0.013731136507072306               
4       24             0.013731136507072306               
4       14             0.01373113650707214                
4       13             0.013731136507072028               
4       11             0.013731136507071806               
4       12             0.013731136507071418               
4       41             0.013731136507071418               
4       37             0.013731136507071362               
4       40             0.013731136507071362               
4       44             0.013731136507071362               
4       34             0.013731136507071307               
4       29             0.013731136507071251               
4       27             0.013731136507071251               
4       31             0.013731136507071251               
4       32             0.013731136507071195               
4       25             0.013731136507070474               
1       21             0.012808456619885666               
3       9              0.012527473868458983               
25      42             0.006421181925126113               
42      44             0.006421181925125502               
27      42             0.0064211819251252245              
29      42             0.006421181925125141               
14      42             0.006421181925124947               
2       42             0.006421181925124891               
12      42             0.006421181925124392               
8       42             0.006421181925124336               
13      42             0.006421181925123642               
37      42             0.006421181925123337               
41      42             0.006421181925123309               
24      42             0.0064211819251232816              
34      42             0.006421181925123254               
32      42             0.006421181925123226               
31      42             0.006421181925123198               
11      42             0.0064211819251231705              
40      42             0.0064211819251231705              
19      42             0.006421181925122532               
1       17             0.006109905003123528               
30      45             0.005993241018407813               
17      43             0.004988197507968084               
9       45             0.00363578340327958                
7       30             0.0019290174214167122              
5       23             -0.0009770118893897006             
5       10             -0.0009770118893900337             
1       42             -0.012636961906962951              
1       26             -0.01629105263586289               
2       33             -0.025389219275746694              
8       33             -0.025389219275747332              
14      33             -0.025389219275748026              
13      33             -0.025389219275748054              
11      33             -0.025389219275749053              
12      33             -0.025389219275749497              
24      33             -0.02538921927574972               
19      33             -0.025389219275751357              
25      33             -0.025389219275753633              
33      41             -0.025389219275754243              
33      44             -0.02538921927575427               
33      37             -0.0253892192757543                
33      40             -0.025389219275754354              
32      33             -0.025389219275754382              
33      34             -0.02538921927575441               
31      33             -0.02538921927575441               
27      33             -0.02538921927575455               
29      33             -0.025389219275754604              
23      30             -0.028507998697173353              
10      30             -0.02850799869717363               
38      42             -0.03161558789094032               
35      42             -0.03456497796224722               
33      45             -0.04757827097933787               
1       30             -0.05301916625911762               
3       45             -0.062199021278783795              
42      45             -0.06596808799690357               
17      33             -0.06677397468018809               
2       6              -0.06840994230146391               
14      15             -0.06840994230146397               
14      16             -0.068409942301464                 
14      22             -0.068409942301464                 
13      36             -0.06840994230146416               
14      36             -0.06840994230146416               
14      39             -0.06840994230146424               
13      28             -0.06840994230146427               
13      39             -0.06840994230146427               
14      28             -0.06840994230146427               
14      20             -0.0684099423014643                
14      18             -0.0684099423014643                
6       11             -0.06840994230146433               
2       36             -0.06840994230146435               
13      15             -0.06840994230146444               
2       39             -0.0684099423014645                
13      22             -0.06840994230146452               
2       28             -0.06840994230146452               
2       22             -0.06840994230146466               
12      36             -0.06840994230146474               
13      16             -0.06840994230146474               
13      20             -0.06840994230146477               
13      18             -0.06840994230146477               
2       16             -0.06840994230146477               
12      39             -0.06840994230146485               
6       12             -0.06840994230146488               
11      36             -0.06840994230146491               
8       36             -0.06840994230146494               
12      28             -0.06840994230146494               
19      36             -0.068409942301465                 
2       18             -0.068409942301465                 
11      28             -0.06840994230146502               
11      39             -0.06840994230146502               
2       20             -0.06840994230146505               
8       28             -0.06840994230146508               
8       39             -0.06840994230146508               
12      22             -0.0684099423014651                
6       19             -0.06840994230146513               
6       24             -0.06840994230146513               
11      22             -0.06840994230146513               
19      39             -0.06840994230146516               
2       15             -0.06840994230146516               
19      28             -0.06840994230146519               
11      15             -0.06840994230146522               
12      16             -0.06840994230146527               
18      41             -0.06840994230146527               
12      15             -0.0684099423014653                
11      16             -0.0684099423014653                
12      18             -0.06840994230146533               
18      37             -0.06840994230146533               
12      20             -0.06840994230146535               
18      40             -0.06840994230146535               
18      44             -0.06840994230146535               
11      20             -0.06840994230146538               
18      32             -0.06840994230146538               
8       22             -0.06840994230146541               
18      27             -0.06840994230146541               
11      18             -0.06840994230146541               
18      31             -0.06840994230146541               
6       41             -0.06840994230146541               
18      34             -0.06840994230146544               
20      41             -0.06840994230146547               
18      29             -0.06840994230146549               
8       15             -0.06840994230146552               
20      32             -0.06840994230146552               
20      37             -0.06840994230146552               
20      40             -0.06840994230146552               
20      44             -0.06840994230146552               
6       27             -0.06840994230146552               
8       16             -0.06840994230146555               
20      34             -0.06840994230146555               
20      31             -0.06840994230146555               
6       32             -0.06840994230146555               
6       37             -0.06840994230146555               
6       40             -0.06840994230146555               
6       44             -0.06840994230146555               
8       18             -0.06840994230146558               
20      27             -0.06840994230146558               
20      29             -0.0684099423014656                
6       31             -0.0684099423014656                
6       34             -0.06840994230146563               
16      19             -0.06840994230146566               
8       20             -0.06840994230146569               
6       29             -0.06840994230146569               
15      41             -0.06840994230146569               
16      24             -0.06840994230146571               
15      40             -0.06840994230146571               
15      31             -0.06840994230146574               
15      37             -0.06840994230146574               
15      44             -0.06840994230146574               
15      19             -0.06840994230146577               
15      27             -0.06840994230146577               
15      34             -0.06840994230146577               
15      32             -0.06840994230146577               
16      41             -0.06840994230146577               
16      44             -0.0684099423014658                
22      24             -0.06840994230146583               
24      36             -0.06840994230146583               
15      29             -0.06840994230146583               
16      31             -0.06840994230146583               
15      24             -0.06840994230146585               
16      32             -0.06840994230146585               
16      37             -0.06840994230146585               
16      40             -0.06840994230146588               
24      39             -0.06840994230146591               
16      29             -0.06840994230146591               
16      27             -0.06840994230146591               
16      34             -0.06840994230146591               
24      28             -0.06840994230146594               
25      36             -0.0684099423014661                
22      41             -0.06840994230146616               
22      44             -0.06840994230146619               
22      37             -0.06840994230146621               
25      28             -0.06840994230146624               
25      39             -0.06840994230146624               
22      40             -0.06840994230146627               
36      41             -0.06840994230146627               
22      31             -0.0684099423014663                
22      32             -0.0684099423014663                
20      24             -0.06840994230146633               
22      29             -0.06840994230146633               
39      40             -0.06840994230146633               
39      41             -0.06840994230146633               
36      37             -0.06840994230146633               
36      40             -0.06840994230146633               
36      44             -0.06840994230146633               
22      27             -0.06840994230146635               
22      34             -0.06840994230146635               
6       14             -0.06840994230146635               
39      44             -0.06840994230146635               
6       8              -0.06840994230146638               
18      24             -0.06840994230146641               
28      41             -0.06840994230146641               
31      36             -0.06840994230146646               
32      36             -0.06840994230146646               
28      37             -0.06840994230146649               
28      44             -0.06840994230146649               
18      19             -0.06840994230146652               
6       13             -0.06840994230146652               
28      31             -0.06840994230146652               
28      32             -0.06840994230146652               
28      40             -0.06840994230146652               
28      34             -0.06840994230146655               
34      36             -0.06840994230146655               
32      39             -0.0684099423014666                
28      29             -0.06840994230146663               
31      39             -0.06840994230146663               
37      39             -0.06840994230146663               
20      25             -0.06840994230146663               
34      39             -0.06840994230146666               
19      22             -0.06840994230146671               
22      25             -0.06840994230146671               
18      25             -0.06840994230146677               
19      20             -0.06840994230146707               
29      36             -0.0684099423014671                
27      36             -0.0684099423014671                
29      39             -0.06840994230146719               
27      28             -0.06840994230146724               
6       25             -0.06840994230146724               
27      39             -0.06840994230146727               
16      25             -0.06840994230146782               
15      25             -0.06840994230146802               
25      38             -0.06841696433198838               
38      41             -0.06841696433198913               
38      40             -0.06841696433198921               
32      38             -0.06841696433198924               
38      44             -0.06841696433198924               
37      38             -0.06841696433198927               
34      38             -0.06841696433198932               
31      38             -0.06841696433198932               
29      38             -0.06841696433198938               
27      38             -0.0684169643319894                
11      38             -0.06841696433199054               
12      38             -0.06841696433199057               
13      38             -0.06841696433199074               
2       38             -0.06841696433199082               
8       38             -0.06841696433199143               
14      38             -0.06841696433199149               
24      38             -0.06841696433199193               
19      38             -0.06841696433199315               
5       38             -0.07096266426005232               
9       43             -0.07097490159747272               
1       5              -0.07358857762007037               
3       5              -0.08055645445298015               
9       35             -0.08580371987648983               
25      45             -0.08704628637448919               
41      45             -0.08704628637448947               
32      45             -0.08704628637448952               
37      45             -0.08704628637448958               
40      45             -0.08704628637448958               
31      45             -0.0870462863744896                
34      45             -0.08704628637448966               
13      45             -0.08704628637448986               
44      45             -0.08704628637449019               
27      45             -0.08704628637449022               
2       45             -0.08704628637449022               
8       45             -0.08704628637449027               
29      45             -0.0870462863744903                
11      45             -0.08704628637449052               
14      45             -0.08704628637449063               
12      45             -0.08704628637449088               
24      45             -0.08704628637449094               
19      45             -0.0870462863744915                
2       23             -0.0907274331524798                
2       10             -0.09072743315248047               
10      14             -0.09072743315248064               
10      24             -0.09072743315248075               
10      19             -0.0907274331524808                
10      13             -0.0907274331524808                
14      23             -0.09072743315248094               
10      41             -0.09072743315248102               
12      23             -0.09072743315248105               
10      27             -0.09072743315248105               
10      44             -0.09072743315248105               
10      32             -0.09072743315248108               
10      37             -0.09072743315248108               
11      23             -0.09072743315248111               
10      40             -0.09072743315248111               
10      34             -0.09072743315248114               
8       23             -0.09072743315248116               
10      31             -0.09072743315248116               
10      29             -0.09072743315248119               
23      24             -0.0907274331524813                
10      12             -0.0907274331524813                
10      11             -0.09072743315248133               
13      23             -0.0907274331524815                
23      41             -0.09072743315248152               
23      37             -0.09072743315248158               
23      44             -0.0907274331524816                
23      32             -0.09072743315248163               
23      40             -0.09072743315248163               
10      25             -0.09072743315248163               
23      27             -0.09072743315248166               
23      34             -0.09072743315248169               
23      31             -0.09072743315248172               
23      29             -0.09072743315248175               
23      25             -0.09072743315248175               
8       10             -0.09072743315248236               
19      23             -0.0907274331524838                
1       33             -0.09150518769581786               
21      42             -0.09649715564192776               
4       35             -0.09959542844564612               
3       21             -0.10332604230106057               
25      35             -0.10624447168983775               
11      35             -0.10624447168983811               
31      35             -0.1062444716898382                
32      35             -0.10624447168983822               
34      35             -0.10624447168983828               
35      41             -0.1062444716898383                
35      40             -0.10624447168983836               
35      44             -0.10624447168983836               
35      37             -0.10624447168983839               
8       35             -0.10624447168983855               
12      35             -0.10624447168983861               
14      35             -0.10624447168983872               
13      35             -0.10624447168983875               
29      35             -0.1062444716898388                
27      35             -0.10624447168983889               
2       35             -0.10624447168983897               
19      35             -0.10624447168983928               
24      35             -0.10624447168983953               
9       30             -0.10692935027650546               
7       23             -0.1076636987712013                
7       10             -0.10766369877120202               
33      42             -0.1084946097191386                
14      17             -0.11044584397974022               
13      17             -0.1104458439797408                
12      17             -0.11044584397974117               
17      25             -0.1104458439797413                
11      17             -0.11044584397974133               
17      19             -0.11044584397974186               
17      24             -0.11044584397974191               
8       17             -0.11044584397974194               
17      41             -0.11044584397974239               
17      32             -0.1104458439797425                
17      27             -0.11044584397974253               
17      37             -0.11044584397974253               
17      44             -0.11044584397974253               
17      31             -0.11044584397974255               
17      34             -0.11044584397974255               
17      40             -0.11044584397974255               
17      29             -0.11044584397974261               
2       17             -0.11044584397974325               
2       3              -0.11449428645510334               
3       14             -0.11449428645510382               
3       13             -0.11449428645510384               
3       8              -0.11449428645510387               
3       11             -0.11449428645510404               
3       12             -0.11449428645510432               
3       19             -0.11449428645510445               
3       25             -0.11449428645510445               
3       41             -0.11449428645510448               
3       24             -0.11449428645510457               
3       44             -0.11449428645510457               
3       32             -0.1144942864551046                
3       37             -0.1144942864551046                
3       40             -0.1144942864551046                
3       27             -0.11449428645510462               
3       34             -0.11449428645510468               
3       29             -0.1144942864551047                
3       31             -0.1144942864551047                
30      42             -0.11864178075602799               
22      45             -0.12468300047020203               
20      45             -0.12468300047020209               
15      45             -0.12468300047020242               
16      45             -0.1246830004702027                
6       45             -0.12468300047020281               
18      45             -0.12468300047020292               
36      45             -0.12468300047020375               
39      45             -0.12468300047020386               
28      45             -0.1246830004702042                
9       21             -0.12528201658979654               
22      23             -0.1280777172799972                
16      23             -0.12807771727999728               
15      23             -0.12807771727999742               
18      23             -0.12807771727999745               
10      22             -0.12807771727999784               
20      23             -0.12807771727999787               
23      36             -0.12807771727999787               
23      28             -0.12807771727999798               
10      16             -0.128077717279998                 
23      39             -0.12807771727999803               
10      18             -0.12807771727999823               
10      36             -0.12807771727999828               
10      20             -0.1280777172799983                
6       23             -0.1280777172799983                
10      28             -0.12807771727999834               
10      39             -0.12807771727999845               
10      15             -0.12807771727999856               
6       10             -0.12807771727999984               
1       4              -0.12926833856368544               
2       26             -0.13460629220269635               
25      26             -0.1346062922026967                
14      26             -0.1346062922026976                
8       26             -0.13460629220269776               
11      26             -0.13460629220269782               
13      26             -0.13460629220269835               
26      41             -0.13460629220269843               
12      26             -0.1346062922026985                
26      44             -0.1346062922026985                
26      31             -0.13460629220269854               
26      37             -0.13460629220269854               
26      40             -0.13460629220269857               
26      27             -0.1346062922026986                
26      32             -0.1346062922026986                
26      34             -0.13460629220269862               
26      29             -0.13460629220269865               
24      26             -0.13460629220269887               
19      26             -0.1346062922026996                
2       7              -0.1413065290107426                
7       8              -0.14130652901074267               
7       14             -0.14130652901074284               
7       13             -0.14130652901074311               
7       25             -0.1413065290107434                
7       11             -0.14130652901074348               
7       41             -0.1413065290107436                
7       31             -0.14130652901074361               
7       32             -0.14130652901074361               
7       44             -0.14130652901074361               
7       40             -0.14130652901074364               
7       12             -0.14130652901074367               
7       27             -0.14130652901074367               
7       37             -0.14130652901074367               
7       29             -0.1413065290107437                
7       34             -0.14130652901074373               
7       24             -0.14130652901074398               
7       19             -0.14130652901074406               
4       22             -0.14343901737201184               
4       15             -0.14343901737201192               
4       16             -0.143439017372012                 
4       28             -0.14343901737201217               
4       36             -0.14343901737201217               
4       39             -0.14343901737201228               
4       20             -0.1434390173720123                
4       18             -0.1434390173720123                
4       6              -0.14343901737201253               
4       33             -0.14345313352640335               
4       21             -0.14558613641931786               
1       3              -0.14583860224445122               
21      33             -0.1488662186559332                
3       17             -0.152988114899694                 
21      36             -0.15314331607837425               
21      28             -0.15314331607837442               
21      39             -0.15314331607837442               
15      21             -0.15314331607837497               
16      21             -0.153143316078375                 
21      22             -0.15314331607837514               
20      21             -0.1531433160783752                
6       21             -0.15314331607837534               
18      21             -0.15314331607837559               
1       6              -0.15530427578773318               
1       22             -0.1553042757877333                
1       36             -0.15530427578773334               
1       15             -0.1553042757877334                
1       28             -0.1553042757877334                
1       39             -0.1553042757877334                
1       16             -0.15530427578773343               
1       20             -0.15530427578773365               
1       18             -0.15530427578773373               
4       42             -0.15675747751373845               
10      26             -0.15797529556706696               
23      26             -0.15797529556706785               
4       26             -0.16555917195065675               
25      43             -0.16559819495697525               
37      43             -0.16559819495697636               
41      43             -0.1655981949569764                
32      43             -0.16559819495697642               
40      43             -0.16559819495697642               
31      43             -0.16559819495697645               
27      43             -0.16559819495697647               
34      43             -0.16559819495697647               
29      43             -0.1655981949569765                
43      44             -0.1655981949569766                
11      43             -0.16559819495697803               
2       43             -0.1655981949569782                
12      43             -0.16559819495697822               
13      43             -0.1655981949569783                
8       43             -0.16559819495697842               
14      43             -0.16559819495697845               
24      43             -0.16559819495697975               
19      43             -0.1655981949569803                
5       42             -0.1746258604310399                
25      30             -0.17666664859555534               
13      30             -0.1766666485955554                
14      30             -0.17666664859555561               
2       30             -0.17666664859555617               
24      30             -0.17666664859555628               
11      30             -0.1766666485955563                
12      30             -0.17666664859555645               
19      30             -0.17666664859555653               
29      30             -0.17666664859555656               
27      30             -0.17666664859555656               
8       30             -0.17666664859555684               
30      41             -0.17666664859555767               
30      31             -0.1766666485955578                
30      32             -0.1766666485955578                
30      37             -0.1766666485955578                
30      40             -0.1766666485955578                
30      44             -0.1766666485955578                
30      34             -0.17666664859555786               
3       33             -0.17947974040156014               
21      35             -0.18276089000960627               
2       9              -0.182842977907088                 
9       11             -0.18284297790708917               
9       12             -0.1828429779070893                
9       14             -0.18284297790708953               
9       13             -0.1828429779070898                
8       9              -0.1828429779070899                
9       25             -0.18284297790708992               
9       41             -0.18284297790709003               
9       24             -0.1828429779070901                
9       40             -0.1828429779070901                
9       44             -0.1828429779070901                
9       32             -0.1828429779070901                
9       37             -0.1828429779070901                
9       19             -0.18284297790709014               
9       27             -0.18284297790709017               
9       31             -0.18284297790709017               
9       34             -0.1828429779070902                
9       29             -0.18284297790709025               
1       43             -0.18350047266073585               
23      42             -0.18377888495837044               
10      42             -0.1837788849583705                
16      42             -0.18513536395287641               
15      42             -0.18513536395287652               
28      42             -0.18513536395287686               
18      42             -0.18513536395287697               
36      42             -0.18513536395287702               
6       42             -0.18513536395287705               
39      42             -0.1851353639528771                
22      42             -0.18513536395287725               
20      42             -0.18513536395287808               
26      35             -0.18705952608445842               
3       26             -0.18732432978944902               
17      21             -0.1899499630445838                
10      35             -0.19317791209641594               
23      35             -0.19317791209641727               
7       35             -0.19321887689234807               
4       9              -0.19351911528192                  
22      33             -0.20609128325017095               
16      33             -0.20609128325017168               
15      33             -0.2060912832501717                
20      33             -0.2060912832501721                
18      33             -0.20609128325017217               
6       33             -0.20609128325017229               
28      33             -0.20609128325017242               
33      36             -0.2060912832501726                
33      39             -0.20609128325017273               
17      36             -0.20831867290603323               
17      22             -0.20831867290603337               
17      28             -0.20831867290603343               
17      39             -0.20831867290603345               
17      18             -0.20831867290603379               
16      17             -0.2083186729060338                
17      20             -0.20831867290603384               
15      17             -0.20831867290603423               
6       17             -0.20831867290603429               
35      38             -0.2109513976705058                
21      45             -0.21167886781750672               
3       10             -0.21519378412212709               
3       23             -0.21519378412212722               
4       5              -0.2177538742301186                
30      33             -0.2182529124464976                
1       9              -0.21852846821667074               
3       42             -0.21860595929295576               
15      38             -0.22152826727254224               
22      38             -0.22152826727254227               
20      38             -0.22152826727254235               
16      38             -0.22152826727254235               
36      38             -0.22152826727254304               
6       38             -0.22152826727254352               
38      39             -0.22152826727254363               
28      38             -0.22152826727254368               
18      38             -0.22152826727254402               
9       33             -0.22460713256775952               
4       45             -0.23027037889701005               
4       17             -0.23030995958047606               
9       38             -0.23113203988695033               
2       5              -0.234119477674051                 
5       11             -0.23411947767405175               
5       41             -0.23411947767405183               
5       37             -0.2341194776740519                
5       40             -0.2341194776740519                
5       44             -0.2341194776740519                
5       32             -0.23411947767405192               
5       12             -0.23411947767405195               
5       31             -0.23411947767405197               
5       27             -0.234119477674052                 
5       34             -0.234119477674052                 
5       29             -0.23411947767405206               
5       14             -0.23411947767405228               
5       19             -0.2341194776740524                
5       13             -0.23411947767405242               
5       24             -0.23411947767405245               
5       25             -0.23411947767405247               
5       8              -0.23411947767405328               
1       7              -0.23641239935997208               
5       21             -0.2576446352175924                
9       23             -0.2578961866280305                
9       10             -0.25789618662803127               
3       35             -0.2579495272278991                
15      43             -0.27813985925699714               
16      43             -0.27813985925699714               
22      43             -0.27813985925699725               
20      43             -0.27813985925699747               
6       43             -0.278139859256998                 
18      43             -0.27813985925699825               
36      43             -0.27813985925699836               
39      43             -0.2781398592569985                
28      43             -0.2781398592569988                
21      30             -0.2926711821916973                
23      45             -0.3018194860349964                
10      45             -0.3018194860349977                
38      45             -0.3049314906416717                
6       26             -0.307211973563032                 
16      26             -0.307211973563033                 
15      26             -0.3072119735630333                
18      26             -0.30721197356303404               
22      26             -0.3072119735630342                
20      26             -0.30721197356303453               
26      36             -0.3072119735630351                
26      39             -0.3072119735630352                
26      28             -0.3072119735630352                
6       7              -0.30792807927859267               
7       22             -0.307928079278593                 
7       16             -0.3079280792785931                
7       36             -0.30792807927859317               
7       15             -0.3079280792785932                
7       28             -0.3079280792785933                
7       39             -0.3079280792785933                
7       18             -0.30792807927859345               
7       20             -0.3079280792785936                
