#======================================================================
# PARAMETERS USED FOR THIS COMPUTATION: 
#      Sequence type: RNA
#      Total number of sequences in alignment data: 40
#      Length of sequences in alignment data: 34
#      Effective number of sequences: 3.491842302975489
#      Value of sequence identity: 0.8
#      Value of relative pseudocount: 0.5
# The First and Second columns represent sites and the
# Third column is MFDCA Frobenius norm, average product corrected (APC) DCA score
#======================================================================
3       32             3.0030441106632324                 
17      24             2.7869239784367466                 
7       28             2.724810549380207                  
6       29             2.515704267853265                  
1       34             1.924285768348752                  
2       33             1.2724607613082626                 
4       31             1.1534099923350731                 
4       30             1.1534099923350731                 
4       5              1.1534099923350727                 
5       30             1.1534099923350725                 
5       31             1.1534099923350722                 
30      31             1.1534099923350722                 
9       34             0.7248609946585767                 
24      34             0.626198880271675                  
17      34             0.6261988802716738                 
9       10             0.5464901262719051                 
1       17             0.45982787499443156                
1       24             0.4598278749944311                 
6       17             0.43378975908762696                
24      29             0.43378975908762685                
17      29             0.43378975908762574                
6       24             0.4337897590876256                 
1       4              0.3932818316751596                 
1       5              0.3932818316751595                 
1       31             0.3932818316751592                 
1       30             0.39328183167515884                
1       20             0.3524946810248186                 
2       13             0.32788331693133976                
13      33             0.3278833169313387                 
1       10             0.2979015864769966                 
8       10             0.28311667547861064                
28      34             0.24154597359441138                
7       34             0.2415459735944096                 
9       13             0.23168413559092998                
8       13             0.22892399454522067                
10      20             0.22412121616188302                
4       20             0.18411735750882652                
5       20             0.18411735750882652                
20      30             0.18411735750882585                
20      31             0.18411735750882563                
1       13             0.17778980545977807                
10      17             0.1628861904889659                 
10      24             0.16288619048896524                
9       17             0.16113789619323915                
9       24             0.16113789619323704                
14      22             0.156914460127681                  
14      25             0.15691446012768093                
14      26             0.1569144601276809                 
14      23             0.15691446012768087                
14      27             0.15691446012768087                
12      26             0.15691446012768054                
12      23             0.1569144601276805                 
12      22             0.15691446012768048                
12      27             0.15691446012768046                
12      25             0.1569144601276804                 
15      25             0.1569144601276803                 
15      26             0.15691446012768026                
15      27             0.15691446012768018                
15      23             0.15691446012768007                
15      22             0.15691446012767998                
18      22             0.15691446012767957                
18      23             0.15691446012767954                
18      25             0.15691446012767954                
18      26             0.1569144601276795                 
18      27             0.15691446012767943                
16      25             0.15691446012767934                
16      27             0.15691446012767934                
16      22             0.15691446012767932                
16      23             0.1569144601276793                 
16      26             0.1569144601276792                 
15      19             0.1569144601276781                 
22      26             0.1569144601276778                 
22      25             0.1569144601276778                 
25      26             0.15691446012767774                
16      19             0.1569144601276777                 
22      23             0.15691446012767768                
23      26             0.15691446012767768                
19      26             0.15691446012767765                
19      23             0.15691446012767762                
19      25             0.15691446012767762                
14      19             0.15691446012767762                
18      19             0.15691446012767762                
22      27             0.15691446012767762                
26      27             0.15691446012767762                
19      22             0.1569144601276776                 
23      25             0.1569144601276776                 
16      18             0.1569144601276776                 
25      27             0.15691446012767749                
23      27             0.15691446012767743                
15      16             0.15691446012767743                
19      27             0.1569144601276774                 
15      18             0.1569144601276772                 
12      19             0.15691446012767715                
14      15             0.15691446012767696                
14      18             0.15691446012767685                
14      16             0.1569144601276768                 
12      14             0.15691446012767665                
12      18             0.15691446012767665                
12      16             0.15691446012767654                
12      15             0.15691446012767638                
11      19             0.15314249040186922                
11      12             0.1531424904018687                 
11      14             0.1531424904018679                 
11      15             0.15314249040186767                
11      18             0.15314249040186756                
11      16             0.15314249040186723                
11      25             0.15314249040186564                
11      22             0.15314249040186562                
11      27             0.15314249040186537                
11      23             0.1531424904018653                 
11      26             0.15314249040186528                
13      34             0.12747724181281306                
7       32             0.12641088637621484                
28      32             0.126410886376212                  
6       9              0.11889094717909598                
9       29             0.11889094717909515                
16      21             0.11747567939875078                
18      21             0.11747567939874975                
12      21             0.11747567939874956                
19      21             0.11747567939874903                
15      21             0.11747567939874859                
14      21             0.11747567939874798                
21      22             0.1174756793987479                 
21      23             0.11747567939874776                
21      25             0.11747567939874776                
21      26             0.11747567939874773                
21      27             0.1174756793987477                 
1       7              0.11179029623592962                
1       28             0.11179029623592873                
8       19             0.10575916228522253                
8       12             0.10575916228522236                
8       14             0.1057591622852222                 
8       16             0.1057591622852222                 
8       15             0.105759162285222                  
8       18             0.10575916228522192                
8       23             0.1057591622852212                 
8       25             0.1057591622852212                 
8       26             0.10575916228522117                
8       22             0.10575916228522106                
8       27             0.10575916228522103                
2       24             0.10294514454842663                
2       17             0.10294514454842596                
17      33             0.10294514454842563                
24      33             0.1029451445484254                 
13      21             0.09283032750529291                
3       7              0.08744528706883886                
3       28             0.08744528706883808                
13      32             0.08080182455989604                
20      34             0.07874692622242019                
6       10             0.07413719513864003                
10      29             0.0741371951386392                 
21      24             0.07267275486706765                
17      21             0.07267275486706753                
6       20             0.07163566014678785                
20      29             0.07163566014678674                
11      21             0.06293525494403149                
10      13             0.060648947307223644               
3       13             0.059321923920721886               
29      34             0.051118701664078836               
6       34             0.05111870166407795                
13      30             0.04285717399764705                
4       13             0.04285717399764688                
13      31             0.04285717399764688                
5       13             0.04285717399764677                
10      34             0.03965869204558814                
8       11             0.03644197440722877                
11      33             0.026629699599048817               
2       11             0.026629699599046153               
27      33             0.026093263110092413               
26      33             0.02609326311009219                
25      33             0.02609326311009219                
23      33             0.026093263110092135               
22      33             0.02609326311009208                
12      33             0.026093263110091858               
19      33             0.02609326311009169                
18      33             0.02609326311009169                
14      33             0.026093263110091636               
2       14             0.02609326311009158                
2       18             0.026093263110091525               
16      33             0.02609326311009147                
2       16             0.026093263110091414               
2       15             0.026093263110091247               
2       12             0.02609326311009119                
15      33             0.026093263110091025               
2       23             0.026093263110090692               
2       19             0.026093263110090636               
2       22             0.026093263110090636               
2       26             0.02609326311009058                
2       25             0.02609326311009058                
2       27             0.02609326311009058                
1       9              0.024978386702493194               
11      13             0.02458919449785757                
21      32             0.02034692757885115                
6       8              0.011289678587980412               
8       29             0.011289678587980134               
8       20             0.010326467297042341               
3       20             0.006780683118587483               
17      20             0.0013498411883389183              
20      24             0.0013498411883386963              
8       9              -2.609372206474614e-05             
3       33             -0.0005067367569366321             
2       3              -0.0005067367569367986             
20      32             -0.0008768836892873444             
8       21             -0.00604920121712324               
2       34             -0.009721959400046831              
33      34             -0.00972195940004772               
9       16             -0.011725410675486991              
9       18             -0.011725410675487102              
9       15             -0.011725410675487324              
9       14             -0.011725410675487324              
9       25             -0.011725410675487768              
9       22             -0.011725410675487935              
9       26             -0.011725410675487935              
9       23             -0.011725410675487935              
9       27             -0.011725410675487935              
9       12             -0.011725410675487935              
9       19             -0.011725410675488379              
3       21             -0.015300115697541916              
2       32             -0.015702532534939806              
32      33             -0.01570253253494014               
2       29             -0.018488768084050755              
6       33             -0.01848876808405131               
2       6              -0.018488768084051477              
29      33             -0.01848876808405331               
9       20             -0.025869886336625847              
11      32             -0.02811357889995103               
10      21             -0.037855692297995125              
27      28             -0.04182189939952624               
23      28             -0.04182189939952691               
7       12             -0.04182189939952691               
7       19             -0.04182189939952696               
25      28             -0.04182189939952696               
22      28             -0.04182189939952702               
26      28             -0.04182189939952702               
19      28             -0.04182189939952735               
7       16             -0.041821899399528184              
15      28             -0.04182189939952824               
18      28             -0.04182189939952824               
7       18             -0.04182189939952824               
7       14             -0.041821899399528406              
7       15             -0.04182189939952852               
14      28             -0.04182189939952874               
16      28             -0.04182189939952874               
12      28             -0.04182189939952885               
7       23             -0.04182189939952907               
7       25             -0.04182189939952907               
7       22             -0.04182189939952913               
7       26             -0.04182189939952913               
7       27             -0.04182189939952918               
19      20             -0.04199964951139762               
16      20             -0.04199964951139762               
15      20             -0.041999649511397896              
18      20             -0.04199964951139795               
20      22             -0.04199964951139823               
20      23             -0.041999649511398285              
20      25             -0.04199964951139834               
20      26             -0.041999649511398396              
20      27             -0.041999649511398396              
14      20             -0.041999649511398784              
12      20             -0.04199964951139906               
20      21             -0.043813695653677986              
21      28             -0.050095386231670924              
7       21             -0.050095386231670924              
3       11             -0.05132808265924382               
10      19             -0.051470044106936064              
10      12             -0.051470044106936064              
10      15             -0.05147004410693651               
10      14             -0.05147004410693662               
10      16             -0.05147004410693662               
10      18             -0.05147004410693684               
10      22             -0.051470044106937785              
10      23             -0.051470044106937785              
10      26             -0.05147004410693784               
10      25             -0.05147004410693784               
10      27             -0.05147004410693784               
9       11             -0.05678326245261814               
21      33             -0.05719073966252958               
2       21             -0.057190739662530965              
11      28             -0.05800874994539423               
7       11             -0.058008749945395593              
9       21             -0.05862629778811615               
13      19             -0.061823304445477734              
12      13             -0.061823304445477845              
13      16             -0.06182330444547823               
13      22             -0.06182330444547829               
13      23             -0.06182330444547829               
13      25             -0.06182330444547829               
13      26             -0.06182330444547829               
13      27             -0.061823304445478344              
13      14             -0.061823304445478344              
13      15             -0.0618233044454784                
13      18             -0.061823304445478455              
3       10             -0.06425854112021934               
8       32             -0.06956993239255105               
30      32             -0.07430832553390182               
31      32             -0.07430832553390193               
5       32             -0.07430832553390299               
4       32             -0.07430832553390371               
11      20             -0.07629678588907346               
3       4              -0.07729661106015978               
3       5              -0.07729661106015978               
3       30             -0.07729661106016017               
3       31             -0.07729661106016034               
7       13             -0.07820906459461469               
13      28             -0.0782090645946153                
7       8              -0.07988209142971225               
8       28             -0.07988209142971262               
7       10             -0.08214104379010018               
10      28             -0.08214104379010134               
11      30             -0.08479294056353986               
11      31             -0.08479294056353998               
4       11             -0.08479294056354159               
5       11             -0.08479294056354175               
3       8              -0.08543763834916929               
7       9              -0.09434441819832218               
9       28             -0.09434441819832262               
4       12             -0.0951871901184494                
25      30             -0.0951871901184495                
26      31             -0.09518719011844956               
26      30             -0.09518719011844956               
23      30             -0.09518719011844956               
22      30             -0.09518719011844962               
23      31             -0.09518719011844962               
22      31             -0.09518719011844967               
25      31             -0.09518719011844967               
18      30             -0.09518719011844967               
16      30             -0.09518719011844967               
4       19             -0.09518719011844973               
16      31             -0.09518719011844973               
18      31             -0.09518719011844978               
5       14             -0.09518719011844978               
5       16             -0.09518719011844978               
27      30             -0.09518719011844984               
5       15             -0.0951871901184499                
27      31             -0.09518719011844995               
4       14             -0.09518719011844995               
19      30             -0.09518719011845                  
5       18             -0.09518719011845                  
5       12             -0.09518719011845006               
4       16             -0.09518719011845006               
19      31             -0.09518719011845012               
5       19             -0.09518719011845023               
4       18             -0.09518719011845023               
4       15             -0.09518719011845028               
5       25             -0.09518719011845034               
5       27             -0.09518719011845034               
5       22             -0.0951871901184504                
5       26             -0.09518719011845045               
15      31             -0.09518719011845045               
15      30             -0.09518719011845045               
5       23             -0.0951871901184505                
4       27             -0.09518719011845056               
4       26             -0.09518719011845067               
4       23             -0.09518719011845067               
4       25             -0.09518719011845067               
4       22             -0.09518719011845073               
14      31             -0.09518719011845095               
12      30             -0.09518719011845106               
14      30             -0.09518719011845106               
12      31             -0.09518719011845111               
4       10             -0.09622726638649387               
5       10             -0.09622726638649393               
10      30             -0.09622726638649431               
10      31             -0.09622726638649448               
23      32             -0.097539165964105                 
25      32             -0.09753916596410508               
22      32             -0.09753916596410511               
26      32             -0.09753916596410511               
27      32             -0.09753916596410539               
19      32             -0.09753916596410556               
16      32             -0.09753916596410775               
18      32             -0.097539165964108                 
12      32             -0.09753916596410811               
15      32             -0.09753916596410825               
14      32             -0.09753916596410828               
3       16             -0.09917132967622813               
3       18             -0.09917132967622819               
3       15             -0.09917132967622827               
3       12             -0.09917132967622849               
3       14             -0.09917132967622852               
3       19             -0.0991713296762286                
3       25             -0.09917132967622896               
3       23             -0.09917132967622899               
3       26             -0.09917132967622902               
3       27             -0.09917132967622902               
3       22             -0.09917132967622908               
10      11             -0.10163446320000624               
3       17             -0.10335074407780048               
3       24             -0.10335074407780115               
8       33             -0.10599005727224184               
2       8              -0.10599005727224198               
10      32             -0.10889355926898209               
11      29             -0.11022722159859602               
6       11             -0.11022722159859677               
1       6              -0.11092520433611985               
1       29             -0.11092520433612096               
27      29             -0.11363128952943674               
23      29             -0.11363128952943677               
26      29             -0.1136312895294368                
25      29             -0.1136312895294368                
22      29             -0.11363128952943682               
19      29             -0.11363128952943718               
6       16             -0.11363128952943868               
6       18             -0.11363128952943877               
6       15             -0.11363128952943882               
6       14             -0.11363128952943882               
6       19             -0.1136312895294391                
6       12             -0.11363128952943913               
6       23             -0.11363128952943957               
6       25             -0.1136312895294396                
6       22             -0.11363128952943963               
6       26             -0.11363128952943968               
18      29             -0.11363128952943968               
6       27             -0.11363128952943968               
16      29             -0.11363128952943971               
15      29             -0.1136312895294398                
14      29             -0.11363128952944018               
12      29             -0.11363128952944035               
24      32             -0.11844927086020268               
17      32             -0.11844927086020329               
24      28             -0.12018338603105327               
7       24             -0.12018338603105333               
7       17             -0.12018338603105344               
17      28             -0.12018338603105433               
4       8              -0.1229347280443207                
8       30             -0.12293472804432073               
8       31             -0.12293472804432079               
5       8              -0.1229347280443209                
5       21             -0.12986823591483468               
4       21             -0.1298682359148348                
21      30             -0.12986823591483496               
21      31             -0.12986823591483498               
2       20             -0.1343029075440847                
20      33             -0.13430290754408514               
13      17             -0.13452612296194422               
13      24             -0.1345261229619445                
6       21             -0.13826480292917087               
21      29             -0.13826480292917195               
3       9              -0.14523034510727573               
2       7              -0.14714245205770599               
2       28             -0.1471424520577061                
7       33             -0.1471424520577066                
28      33             -0.14714245205770693               
5       29             -0.15981211789667016               
6       30             -0.15981211789667038               
6       31             -0.1598121178966705                
4       29             -0.15981211789667088               
4       6              -0.15981211789667127               
5       6              -0.1598121178966715                
29      30             -0.15981211789667243               
29      31             -0.1598121178966726                
9       32             -0.1682586271347814                
1       33             -0.16968791583131432               
1       2              -0.16968791583131448               
8       34             -0.17641247362639736               
8       17             -0.18153796231940786               
8       24             -0.1815379623194083                
2       30             -0.1942987943532118                
2       31             -0.1942987943532119                
4       33             -0.19429879435321212               
5       33             -0.19429879435321212               
2       5              -0.19429879435321218               
2       4              -0.19429879435321246               
30      33             -0.19429879435321268               
31      33             -0.19429879435321268               
13      20             -0.19861785706174223               
2       9              -0.20712269923262294               
9       33             -0.2071226992326241                
11      17             -0.20739966175263522               
11      24             -0.20739966175263552               
31      34             -0.21644329664660394               
30      34             -0.216443296646604                 
5       34             -0.2164432966466051                
4       34             -0.21644329664660578               
16      34             -0.21845071870245744               
18      34             -0.2184507187024576                
15      34             -0.21845071870245772               
27      34             -0.21845071870245786               
14      34             -0.21845071870245797               
12      34             -0.2184507187024581                
23      34             -0.21845071870245822               
25      34             -0.21845071870245825               
22      34             -0.21845071870245827               
26      34             -0.21845071870245833               
19      34             -0.21845071870245872               
7       20             -0.22026265360132755               
20      28             -0.220262653601328                 
4       9              -0.2296909559011146                
5       9              -0.22969095590111474               
9       30             -0.22969095590111485               
9       31             -0.229690955901115                 
11      34             -0.23346187929929307               
1       21             -0.24955174423588503               
2       10             -0.25150322880377546               
10      33             -0.25150322880377624               
21      34             -0.252641956037427                 
17      19             -0.25479839275541605               
22      24             -0.25479839275541605               
23      24             -0.25479839275541605               
18      24             -0.2547983927554162                
16      24             -0.25479839275541627               
16      17             -0.2547983927554164                
15      24             -0.2547983927554165                
14      24             -0.2547983927554165                
19      24             -0.2547983927554166                
12      24             -0.25479839275541677               
15      17             -0.2547983927554168                
17      23             -0.25479839275541694               
17      25             -0.25479839275541694               
14      17             -0.25479839275541694               
17      26             -0.254798392755417                 
17      27             -0.254798392755417                 
17      22             -0.25479839275541705               
12      17             -0.25479839275541716               
24      25             -0.2547983927554174                
24      26             -0.2547983927554174                
24      27             -0.2547983927554174                
17      18             -0.2547983927554174                
1       8              -0.2548542808554481                
3       29             -0.2576822674183499                
3       6              -0.25768226741834993               
6       28             -0.2610178518692813                
6       7              -0.2610178518692814                
7       29             -0.26101785186928206               
28      29             -0.2610178518692826                
1       16             -0.27679851435293557               
1       15             -0.2767985143529357                
1       12             -0.2767985143529358                
1       14             -0.2767985143529358                
1       18             -0.2767985143529358                
1       19             -0.27679851435293645               
1       26             -0.27679851435293656               
1       25             -0.27679851435293656               
1       27             -0.27679851435293656               
1       23             -0.27679851435293656               
1       22             -0.2767985143529366                
28      30             -0.2775869523253367                
28      31             -0.2775869523253367                
4       28             -0.27758695232533703               
7       30             -0.27758695232533726               
4       7              -0.2775869523253373                
7       31             -0.2775869523253374                
5       28             -0.2775869523253375                
5       7              -0.2775869523253376                
1       11             -0.29094731248459027               
13      29             -0.2946457062835336                
6       13             -0.2946457062835336                
6       32             -0.29472322126153017               
29      32             -0.2947232212615304                
3       34             -0.30803161217598285               
32      34             -0.3333832242279168                
5       17             -0.3366225486683684                
24      30             -0.33662254866836844               
24      31             -0.3366225486683686                
4       17             -0.3366225486683686                
17      31             -0.3366225486683689                
17      30             -0.3366225486683689                
5       24             -0.3366225486683692                
4       24             -0.33662254866836927               
1       32             -0.382552018720583                 
1       3              -0.4228451378456231                
