#======================================================================
# PARAMETERS USED FOR THIS COMPUTATION: 
#      Sequence type: RNA
#      Total number of sequences in alignment data: 12
#      Length of sequences in alignment data: 32
#      Effective number of sequences: 6.233333333333333
#      Value of sequence identity: 0.8
#      Value of relative pseudocount: 0.5
# The First and Second columns represent sites and the
# Third column is MFDCA Frobenius norm, average product corrected (APC) DCA score
#======================================================================
9       24             1.622361131939214                  
3       30             1.4917548075095075                 
5       28             1.4596177661386531                 
7       26             1.4391866723278608                 
8       25             1.4040576188100995                 
4       29             1.3384570099334558                 
1       32             1.305421692803229                  
12      21             1.224817679799713                  
10      23             1.082714309054809                  
18      19             0.8908805292776807                 
2       31             0.8842946068261466                 
13      20             0.881521522025152                  
14      19             0.8601750603703484                 
17      21             0.7477140050774129                 
12      17             0.7477140050774098                 
10      18             0.7315850694091854                 
18      23             0.7315850694091852                 
14      18             0.7227366429172183                 
10      19             0.7028956927233901                 
19      23             0.7028956927233891                 
20      31             0.6265044788674007                 
2       20             0.6265044788674003                 
2       13             0.5566919718113941                 
13      31             0.5566919718113933                 
14      23             0.5291853483514716                 
10      14             0.5291853483514701                 
2       8              0.4840050907395623                 
2       25             0.4840050907395619                 
8       31             0.48400509073956133                
25      31             0.48400509073956044                
10      15             0.46822657428332237                
15      23             0.46822657428332204                
14      17             0.43911219916972477                
23      30             0.4302054703303718                 
3       23             0.4302054703303707                 
3       10             0.4302054703303704                 
10      30             0.4302054703303686                 
15      28             0.4180391236900277                 
5       15             0.41803912369002694                
20      25             0.4078993652482594                 
8       20             0.4078993652482591                 
15      17             0.40608212007571265                
3       15             0.4048878738108179                 
15      30             0.40488787381081603                
4       9              0.40274822623926576                
9       29             0.40274822623926476                
4       24             0.40274822623926454                
24      29             0.40274822623926276                
4       32             0.3816181479245849                 
1       29             0.3816181479245836                 
1       4              0.38161814792458315                
29      32             0.3816181479245824                 
12      25             0.3712208052102228                 
8       12             0.3712208052102226                 
8       21             0.3712208052102226                 
21      25             0.3712208052102218                 
20      32             0.34137405675810895                
1       20             0.34137405675810806                
13      17             0.326134216212301                  
5       30             0.3104333227820628                 
28      30             0.3104333227820625                 
3       5              0.31043332278206237                
3       28             0.3104333227820618                 
20      29             0.3083279853303822                 
4       20             0.3083279853303813                 
11      16             0.2846551881484481                 
6       22             0.28465518814844715                
11      22             0.2846551881484471                 
6       16             0.28465518814844704                
11      27             0.28465518814844704                
6       27             0.2846551881484469                 
6       11             0.28465518814844687                
22      27             0.2846551881484457                 
16      27             0.28465518814844515                
16      22             0.28465518814844504                
12      15             0.2722987228719057                 
15      21             0.27229872287190526                
25      32             0.26862196311659237                
8       32             0.26862196311659137                
1       8              0.26862196311659126                
1       25             0.2686219631165909                 
13      25             0.20018536984898871                
8       13             0.2001853698489885                 
14      28             0.19455087062221277                
5       14             0.19455087062221177                
1       7              0.1715381689201143                 
1       26             0.17153816892011375                
7       32             0.17153816892011342                
26      32             0.1715381689201121                 
13      15             0.15713255045108443                
7       17             0.1563931994830851                 
17      26             0.15639319948308344                
9       13             0.15229117131475                   
13      24             0.15229117131474978                
15      26             0.1472883020502055                 
7       15             0.14728830205020482                
9       20             0.13203905519155013                
20      24             0.13203905519155013                
5       26             0.11752852239416467                
7       28             0.11752852239416389                
5       7              0.11752852239416367                
26      28             0.11752852239416134                
14      30             0.11110457579138422                
3       14             0.11110457579138411                
8       17             0.10370382553826474                
17      25             0.1037038255382643                 
9       31             0.10281716449687528                
2       9              0.10281716449687472                
2       24             0.1028171644968745                 
24      31             0.10281716449687262                
20      26             0.10073436277719094                
7       20             0.10073436277719094                
25      30             0.09603159547520923                
8       30             0.0960315954752079                 
3       8              0.09603159547520779                
3       25             0.09603159547520657                
11      29             0.08800988064431109                
4       11             0.08800988064431009                
16      29             0.08800988064430987                
4       22             0.08800988064430976                
4       16             0.0880098806443097                 
4       6              0.08800988064430953                
4       27             0.08800988064430953                
22      29             0.08800988064430942                
6       29             0.08800988064430931                
27      29             0.08800988064430892                
15      18             0.08596402481451071                
19      24             0.0825471503902131                 
9       19             0.08254715039021254                
7       24             0.07515440051708655                
24      26             0.0751544005170861                 
9       26             0.07515440051708566                
7       9              0.07515440051708544                
14      15             0.07266896621887808                
11      31             0.06106215030589213                
2       6              0.06106215030589207                
27      31             0.061062150305892016               
6       31             0.061062150305891794               
16      31             0.06106215030589168                
22      31             0.06106215030589107                
2       11             0.06106215030589035                
2       16             0.061062150305890295               
2       27             0.061062150305890295               
2       22             0.06106215030589007                
19      27             0.060901095757852186               
19      22             0.060901095757852186               
6       19             0.060901095757851964               
11      19             0.06090109575785135                
16      19             0.06090109575785119                
23      26             0.05997080630314011                
7       23             0.05997080630313989                
7       10             0.05997080630313978                
10      26             0.059970806303139446               
4       13             0.059872370417415555               
13      29             0.05987237041741522                
17      22             0.05871411930507109                
17      27             0.05871411930507103                
16      17             0.05871411930507042                
6       17             0.05871411930506881                
11      17             0.05871411930506765                
12      26             0.054483266054797586               
7       12             0.05448326605479681                
7       21             0.054483266054796364               
21      26             0.054483266054795365               
14      24             0.03990702620742448                
9       14             0.039907026207424035               
22      28             0.03856661408928552                
5       11             0.038566614089284634               
16      28             0.03856661408928458                
5       16             0.03856661408928447                
5       27             0.03856661408928441                
27      28             0.03856661408928436                
5       22             0.0385666140892843                 
6       28             0.0385666140892843                 
11      28             0.03856661408928419                
5       6              0.03856661408928358                
5       12             0.03855695286660765                
5       21             0.03855695286660743                
21      28             0.03855695286660743                
12      28             0.038556952866606875               
18      24             0.03440819874795076                
9       18             0.03440819874795065                
21      32             0.02933447325521865                
1       12             0.02933447325521854                
1       21             0.02933447325521854                
12      32             0.029334473255217763               
6       12             0.028915337675393282               
11      12             0.028915337675393227               
6       21             0.028915337675393116               
12      16             0.028915337675392838               
21      27             0.028915337675392616               
21      22             0.02891533767539256                
12      22             0.02891533767539234                
11      21             0.028915337675392283               
12      27             0.028915337675392228               
16      21             0.028915337675392006               
3       18             0.02488242528208462                
18      30             0.024882425282083953               
1       6              0.012598998780606496               
27      32             0.012598998780605941               
22      32             0.012598998780605719               
1       16             0.012598998780605553               
1       27             0.012598998780605497               
1       22             0.012598998780605442               
6       32             0.012598998780605386               
1       11             0.01259899878060522                
16      32             0.012598998780604331               
11      32             0.012598998780603943               
15      19             0.012069365829337375               
7       18             0.007958709182207313               
18      26             0.007958709182206092               
23      24             -0.00034438087841492937            
9       10             -0.00034438087841537346            
9       23             -0.0003443808784155955             
10      24             -0.0003443808784165947             
13      30             -0.019052485798279672              
3       13             -0.019052485798280117              
6       18             -0.021702372382933766              
11      18             -0.02170237238293382               
16      18             -0.021702372382934043              
18      22             -0.021702372382934376              
18      27             -0.02170237238293443               
16      26             -0.030574926973093663              
26      27             -0.030574926973093663              
7       11             -0.030574926973094052              
7       16             -0.030574926973094052              
7       27             -0.030574926973094052              
7       22             -0.030574926973094108              
22      26             -0.030574926973094163              
6       7              -0.030574926973094385              
11      26             -0.03057492697309455               
6       26             -0.030574926973094996              
3       31             -0.035910136605083576              
2       30             -0.03591013660508369               
30      31             -0.0359101366050838                
2       3              -0.0359101366050838                
13      14             -0.051064319224194854              
13      21             -0.05349564609138646               
12      13             -0.05349564609138657               
19      26             -0.06116834527329573               
7       19             -0.061168345273296176              
14      22             -0.06546894186725638               
14      27             -0.06546894186725644               
6       14             -0.0654689418672571                
14      16             -0.06546894186725744               
11      14             -0.06546894186725821               
17      32             -0.06841235704480364               
1       17             -0.0684123570448043                
5       32             -0.072203480551284                 
1       5              -0.07220348055128412               
1       28             -0.07220348055128456               
28      32             -0.07220348055128578               
31      32             -0.07330148220723942               
1       2              -0.07330148220723953               
1       31             -0.07330148220723964               
2       32             -0.07330148220723987               
16      20             -0.0773149049093535                
6       20             -0.07731490490935389               
20      27             -0.077314904909354                 
20      22             -0.07731490490935405               
11      20             -0.07731490490935439               
18      28             -0.08397545087289165               
5       18             -0.0839754508728926                
24      27             -0.08732928725971889               
22      24             -0.08732928725971967               
6       9              -0.08732928725971989               
9       22             -0.08732928725971989               
9       27             -0.08732928725971995               
16      24             -0.08732928725972                  
11      24             -0.08732928725972033               
9       16             -0.08732928725972039               
9       11             -0.08732928725972056               
6       24             -0.08732928725972083               
19      30             -0.09633840787952752               
3       19             -0.09633840787952819               
13      27             -0.09673693610932405               
13      22             -0.0967369361093241                
6       13             -0.09673693610932438               
11      13             -0.09673693610932477               
13      16             -0.09673693610932538               
28      29             -0.10166063002965803               
4       28             -0.10166063002965942               
5       29             -0.10166063002965964               
4       5              -0.10166063002965986               
7       14             -0.10544652469386984               
14      26             -0.10544652469386995               
16      23             -0.1064299437971239                
11      23             -0.1064299437971245                
6       23             -0.10642994379712556               
10      27             -0.10642994379712595               
10      22             -0.10642994379712595               
6       10             -0.10642994379712606               
10      16             -0.10642994379712706               
10      11             -0.10642994379712717               
23      27             -0.1064299437971285                
22      23             -0.10642994379713017               
23      25             -0.10793251931449233               
8       23             -0.10793251931449244               
8       10             -0.10793251931449344               
10      25             -0.10793251931449388               
17      24             -0.1086790345078229                
9       17             -0.10867903450782396               
19      28             -0.11030567762608728               
5       19             -0.11030567762608773               
24      30             -0.11425872999225228               
3       9              -0.1142587299922534                
9       30             -0.11425872999225362               
3       24             -0.11425872999225362               
1       13             -0.12044677340735355               
13      32             -0.12044677340735388               
3       12             -0.12998254321061742               
3       21             -0.12998254321061753               
12      30             -0.12998254321061853               
21      30             -0.12998254321061875               
9       15             -0.1355431154144352                
15      24             -0.13554311541443598               
13      18             -0.13661807996021164               
4       17             -0.14013952888851616               
17      29             -0.14013952888851616               
1       3              -0.14630875828291945               
3       32             -0.14630875828291956               
1       30             -0.14630875828291978               
30      32             -0.14630875828292078               
19      29             -0.14751897544223275               
4       19             -0.14751897544223286               
17      31             -0.16474499958835054               
2       17             -0.1647449995883541                
29      31             -0.17139222956755185               
2       29             -0.171392229567552                 
2       4              -0.1713922295675524                
4       31             -0.17139222956755296               
17      19             -0.172111370220916                 
25      28             -0.1730697961276162                
5       8              -0.17306979612761741               
5       25             -0.17306979612761786               
8       28             -0.17306979612761797               
23      28             -0.17446793341513545               
5       23             -0.17446793341513583               
10      28             -0.17446793341513622               
5       10             -0.17446793341513667               
29      30             -0.1783061803965263                
3       4              -0.17830618039652635               
4       30             -0.1783061803965264                
3       29             -0.17830618039652651               
4       14             -0.18279245601705585               
14      29             -0.18279245601705663               
13      23             -0.1847028190586545                
10      13             -0.18470281905865538               
19      21             -0.1849044629685207                
12      19             -0.18490446296852203               
21      29             -0.1853834517859551                
4       21             -0.1853834517859561                
4       12             -0.18538345178595622               
12      29             -0.1853834517859565                
2       12             -0.18595919389519966               
12      31             -0.18595919389519977               
2       21             -0.18595919389520005               
21      31             -0.18595919389520205               
8       9              -0.19430951323037682               
24      25             -0.19430951323037737               
9       25             -0.1943095132303776                
8       24             -0.1943095132303776                
17      28             -0.20262749151022902               
5       17             -0.20262749151022935               
13      19             -0.20778792770108706               
15      29             -0.20806660612145006               
4       15             -0.2080666061214505                
22      30             -0.21309124124180642               
3       6              -0.21309124124180648               
16      30             -0.21309124124180676               
6       30             -0.2130912412418069                
11      30             -0.21309124124180692               
3       16             -0.2130912412418073                
3       22             -0.2130912412418073                
3       27             -0.21309124124180734               
27      30             -0.2130912412418074                
3       11             -0.21309124124180764               
2       19             -0.22068636512190448               
19      31             -0.22068636512190554               
17      18             -0.2237192408878317                
26      30             -0.22676793660776673               
3       7              -0.2267679366077674                
3       26             -0.22676793660776795               
7       30             -0.22676793660776817               
2       5              -0.22953211765973652               
28      31             -0.22953211765973658               
5       31             -0.22953211765973702               
2       28             -0.22953211765973713               
18      31             -0.2310729647622265                
2       18             -0.2310729647622266                
8       16             -0.23171001726460808               
8       27             -0.2317100172646081                
8       22             -0.23171001726460816               
16      25             -0.2317100172646084                
8       11             -0.23171001726460846               
22      25             -0.23171001726460846               
6       25             -0.23171001726460852               
6       8              -0.23171001726460858               
11      25             -0.23171001726460871               
25      27             -0.23171001726460955               
12      18             -0.2319271123592394                
18      21             -0.23192711235924088               
2       10             -0.23431775837956192               
2       23             -0.23431775837956192               
10      31             -0.23431775837956215               
23      31             -0.23431775837956237               
18      29             -0.23486368330002474               
4       18             -0.23486368330002608               
4       23             -0.24188896086165107               
23      29             -0.2418889608616519                
4       10             -0.24188896086165196               
10      29             -0.2418889608616524                
8       18             -0.243834972351321                 
18      25             -0.2438349723513214                
11      15             -0.24661877326002757               
15      16             -0.24661877326002785               
15      22             -0.24661877326002835               
15      27             -0.24661877326002843               
6       15             -0.2466187732600286                
7       8              -0.2538251345073332                
25      26             -0.2538251345073335                
8       26             -0.2538251345073339                
7       25             -0.25382513450733424               
15      25             -0.2565028740518096                
8       15             -0.25650287405180994               
25      29             -0.25718093159187144               
4       8              -0.2571809315918722                
8       29             -0.2571809315918722                
4       25             -0.25718093159187244               
20      30             -0.2630196289374471                
3       20             -0.26301962893744735               
9       12             -0.2648547484111352                
21      24             -0.2648547484111353                
12      24             -0.26485474841113554               
9       21             -0.26485474841113554               
15      32             -0.26641233687421456               
1       15             -0.26641233687421545               
15      31             -0.2664997189268548                
2       15             -0.26649971892685487               
24      28             -0.27230532223322057               
9       28             -0.2723053222332208                
5       24             -0.2723053222332212                
5       9              -0.2723053222332219                
19      32             -0.2729801581645994                
1       19             -0.2729801581646015                
18      20             -0.27656705091455325               
18      32             -0.2775140535412476                
1       18             -0.27751405354124803               
26      31             -0.27875715745954405               
2       7              -0.2787571574595449                
7       31             -0.27875715745954494               
2       26             -0.27875715745954516               
2       14             -0.2823285981308663                
14      31             -0.2823285981308665                
12      14             -0.2839990655103304                
14      21             -0.2839990655103305                
26      29             -0.2857841613330086                
4       26             -0.285784161333009                 
4       7              -0.28578416133300905               
7       29             -0.28578416133300943               
14      20             -0.2970978303060867                
17      20             -0.31665295036557195               
1       23             -0.3324035428170064                
23      32             -0.33240354281700674               
10      32             -0.33240354281700696               
1       10             -0.332403542817007                 
19      20             -0.3338804017148206                
20      21             -0.33704203899097185               
12      20             -0.3370420389909728                
20      28             -0.34480006479156383               
5       20             -0.3448000647915652                
14      32             -0.34602820337712104               
1       14             -0.34602820337712137               
20      23             -0.34859124680449183               
10      20             -0.3485912468044926                
17      23             -0.35228220920760406               
10      17             -0.35228220920760456               
13      26             -0.3567798818730254                
7       13             -0.35677988187302573               
19      25             -0.37807944415779815               
8       19             -0.37807944415779887               
12      23             -0.3843668403914278                
10      12             -0.3843668403914288                
10      21             -0.38436684039142904               
21      23             -0.3843668403914307                
8       14             -0.38636328858770996               
14      25             -0.386363288587711                 
17      30             -0.3866861454359674                
3       17             -0.38668614543596824               
9       32             -0.4004773302996601                
1       9              -0.4004773302996605                
24      32             -0.40047733029966076               
1       24             -0.40047733029966104               
15      20             -0.4024516523283216                
5       13             -0.4036645450545633                
13      28             -0.4036645450545633                
