#======================================================================
# PARAMETERS USED FOR THIS COMPUTATION: 
#      Sequence type: RNA
#      Total number of sequences in alignment data: 2
#      Length of sequences in alignment data: 36
#      Effective number of sequences: 1.0
#      Value of sequence identity: 0.8
#      Value of relative pseudocount: 0.5
# The First and Second columns represent sites and the
# Third column is MFDCA Frobenius norm, average product corrected (APC) DCA score
#======================================================================
10      20             0.000158470555972956               
10      19             0.000158470555972956               
9       20             0.0001584705559729005              
9       19             0.0001584705559729005              
8       20             0.00015847055597273396             
8       19             0.00015847055597273396             
7       20             0.00015847055597217885             
7       19             0.00015847055597206783             
6       19             0.00015847055597162374             
6       20             0.00015847055597156823             
10      12             0.00015847055597129067             
8       12             0.00015847055597112414             
9       12             0.00015847055597106863             
10      11             0.0001584705559709576              
2       3              0.0001584705559709576              
9       11             0.00015847055597079107             
13      19             0.00015847055597068005             
13      20             0.00015847055597062454             
8       11             0.00015847055597062454             
3       20             0.0001584705559704025              
3       19             0.0001584705559704025              
7       12             0.00015847055597034698             
3       4              0.00015847055596984738             
12      20             0.00015847055596962534             
7       8              0.00015847055596956983             
12      19             0.0001584705559694588              
7       11             0.0001584705559694033              
1       2              0.0001584705559694033              
17      21             0.0001584705559694033              
6       12             0.00015847055596934778             
17      23             0.00015847055596934778             
17      26             0.00015847055596934778             
17      30             0.00015847055596934778             
17      29             0.00015847055596934778             
17      24             0.00015847055596929227             
17      27             0.00015847055596929227             
17      28             0.00015847055596929227             
17      34             0.00015847055596929227             
17      22             0.00015847055596929227             
17      32             0.00015847055596929227             
17      35             0.00015847055596929227             
6       8              0.00015847055596929227             
17      31             0.00015847055596923676             
17      33             0.00015847055596923676             
17      25             0.00015847055596923676             
18      26             0.00015847055596912574             
18      28             0.00015847055596912574             
18      34             0.00015847055596912574             
18      22             0.00015847055596912574             
18      29             0.00015847055596912574             
18      32             0.00015847055596912574             
18      35             0.00015847055596912574             
1       3              0.00015847055596907023             
18      21             0.00015847055596907023             
18      23             0.00015847055596907023             
18      27             0.00015847055596907023             
18      30             0.00015847055596907023             
18      31             0.00015847055596907023             
18      33             0.00015847055596907023             
18      24             0.00015847055596901471             
18      25             0.00015847055596901471             
3       5              0.0001584705559689592              
3       6              0.0001584705559689592              
6       11             0.0001584705559689037              
1       4              0.0001584705559689037              
6       7              0.0001584705559689037              
16      23             0.00015847055596884818             
16      21             0.00015847055596879267             
16      24             0.00015847055596879267             
16      31             0.00015847055596879267             
16      34             0.00015847055596879267             
16      29             0.00015847055596879267             
15      19             0.00015847055596873716             
14      19             0.00015847055596873716             
2       4              0.00015847055596873716             
3       12             0.00015847055596873716             
16      26             0.00015847055596873716             
16      27             0.00015847055596873716             
16      28             0.00015847055596873716             
16      30             0.00015847055596873716             
16      33             0.00015847055596873716             
16      25             0.00015847055596873716             
16      32             0.00015847055596873716             
16      35             0.00015847055596873716             
5       19             0.00015847055596868165             
15      20             0.00015847055596868165             
15      33             0.00015847055596868165             
15      35             0.00015847055596868165             
16      22             0.00015847055596868165             
5       20             0.00015847055596862614             
14      20             0.00015847055596862614             
15      26             0.00015847055596862614             
15      34             0.00015847055596862614             
15      25             0.00015847055596862614             
15      29             0.00015847055596862614             
15      32             0.00015847055596862614             
15      30             0.00015847055596857063             
15      22             0.00015847055596857063             
15      23             0.00015847055596851511             
15      24             0.00015847055596851511             
15      27             0.00015847055596851511             
15      28             0.00015847055596851511             
15      31             0.00015847055596851511             
14      24             0.00015847055596851511             
15      21             0.0001584705559684596              
14      28             0.0001584705559684596              
14      23             0.0001584705559684041              
14      26             0.0001584705559684041              
14      27             0.0001584705559684041              
14      34             0.0001584705559684041              
14      29             0.0001584705559684041              
14      32             0.0001584705559684041              
14      35             0.0001584705559684041              
1       27             0.00015847055596834858             
1       28             0.00015847055596834858             
1       31             0.00015847055596834858             
1       25             0.00015847055596834858             
14      30             0.00015847055596834858             
14      33             0.00015847055596834858             
14      22             0.00015847055596834858             
14      25             0.00015847055596834858             
1       10             0.00015847055596829307             
1       23             0.00015847055596829307             
1       34             0.00015847055596829307             
1       32             0.00015847055596829307             
14      21             0.00015847055596829307             
14      31             0.00015847055596829307             
5       10             0.00015847055596823756             
1       21             0.00015847055596823756             
1       24             0.00015847055596823756             
1       26             0.00015847055596823756             
1       30             0.00015847055596823756             
1       33             0.00015847055596823756             
1       22             0.00015847055596823756             
1       29             0.00015847055596823756             
1       35             0.00015847055596823756             
2       22             0.00015847055596823756             
1       9              0.00015847055596818205             
5       24             0.00015847055596818205             
4       20             0.00015847055596812654             
5       9              0.00015847055596812654             
2       10             0.00015847055596812654             
5       21             0.00015847055596812654             
5       23             0.00015847055596812654             
5       34             0.00015847055596812654             
2       28             0.00015847055596812654             
5       35             0.00015847055596812654             
2       25             0.00015847055596812654             
2       29             0.00015847055596812654             
2       32             0.00015847055596812654             
4       25             0.00015847055596807103             
2       24             0.00015847055596807103             
2       27             0.00015847055596807103             
2       30             0.00015847055596807103             
2       31             0.00015847055596807103             
2       33             0.00015847055596807103             
2       34             0.00015847055596807103             
5       25             0.00015847055596807103             
5       29             0.00015847055596807103             
5       32             0.00015847055596807103             
11      19             0.00015847055596801551             
4       23             0.00015847055596801551             
4       26             0.00015847055596801551             
4       30             0.00015847055596801551             
4       33             0.00015847055596801551             
4       34             0.00015847055596801551             
4       22             0.00015847055596801551             
4       32             0.00015847055596801551             
4       35             0.00015847055596801551             
5       26             0.00015847055596801551             
5       28             0.00015847055596801551             
5       30             0.00015847055596801551             
7       9              0.00015847055596801551             
2       26             0.00015847055596801551             
5       22             0.00015847055596801551             
2       35             0.00015847055596801551             
11      20             0.00015847055596796                
4       19             0.00015847055596796                
3       11             0.00015847055596796                
4       9              0.00015847055596796                
11      22             0.00015847055596796                
4       21             0.00015847055596796                
4       24             0.00015847055596796                
4       28             0.00015847055596796                
4       29             0.00015847055596796                
5       27             0.00015847055596796                
5       31             0.00015847055596796                
5       33             0.00015847055596796                
2       21             0.00015847055596796                
2       23             0.00015847055596796                
13      26             0.00015847055596796                
13      25             0.00015847055596796                
11      21             0.0001584705559679045              
11      34             0.0001584705559679045              
11      35             0.0001584705559679045              
4       27             0.0001584705559679045              
4       31             0.0001584705559679045              
13      27             0.0001584705559679045              
13      28             0.0001584705559679045              
13      30             0.0001584705559679045              
13      29             0.0001584705559679045              
13      32             0.0001584705559679045              
4       10             0.00015847055596784898             
11      24             0.00015847055596784898             
11      27             0.00015847055596784898             
11      28             0.00015847055596784898             
11      30             0.00015847055596784898             
11      31             0.00015847055596784898             
11      25             0.00015847055596784898             
11      29             0.00015847055596784898             
11      32             0.00015847055596784898             
14      16             0.00015847055596784898             
13      23             0.00015847055596784898             
13      24             0.00015847055596784898             
13      33             0.00015847055596784898             
13      34             0.00015847055596784898             
11      23             0.00015847055596779347             
11      26             0.00015847055596779347             
11      33             0.00015847055596779347             
2       9              0.00015847055596779347             
12      13             0.00015847055596779347             
13      35             0.00015847055596779347             
2       20             0.00015847055596773796             
2       19             0.00015847055596773796             
13      21             0.00015847055596773796             
13      31             0.00015847055596773796             
13      22             0.00015847055596773796             
8       28             0.00015847055596768245             
8       33             0.00015847055596768245             
8       22             0.00015847055596768245             
8       32             0.00015847055596768245             
5       6              0.00015847055596762694             
7       10             0.00015847055596762694             
3       22             0.00015847055596762694             
7       28             0.00015847055596762694             
8       27             0.00015847055596762694             
8       31             0.00015847055596762694             
8       34             0.00015847055596762694             
8       25             0.00015847055596762694             
8       29             0.00015847055596762694             
1       13             0.00015847055596762694             
3       29             0.00015847055596757142             
7       30             0.00015847055596757142             
7       22             0.00015847055596757142             
8       23             0.00015847055596757142             
8       24             0.00015847055596757142             
8       26             0.00015847055596757142             
8       30             0.00015847055596757142             
3       27             0.00015847055596751591             
3       30             0.00015847055596751591             
3       31             0.00015847055596751591             
3       33             0.00015847055596751591             
3       34             0.00015847055596751591             
3       25             0.00015847055596751591             
3       32             0.00015847055596751591             
7       24             0.00015847055596751591             
7       31             0.00015847055596751591             
7       33             0.00015847055596751591             
7       34             0.00015847055596751591             
7       29             0.00015847055596751591             
7       32             0.00015847055596751591             
7       35             0.00015847055596751591             
14      18             0.00015847055596751591             
8       21             0.00015847055596751591             
6       9              0.0001584705559674604              
1       16             0.0001584705559674604              
3       21             0.0001584705559674604              
3       24             0.0001584705559674604              
6       22             0.0001584705559674604              
7       26             0.0001584705559674604              
7       27             0.0001584705559674604              
7       25             0.0001584705559674604              
5       13             0.0001584705559674604              
13      18             0.0001584705559674604              
3       23             0.0001584705559674049              
3       26             0.0001584705559674049              
3       28             0.0001584705559674049              
14      15             0.0001584705559674049              
6       21             0.0001584705559674049              
6       25             0.0001584705559674049              
6       29             0.0001584705559674049              
6       32             0.0001584705559674049              
6       35             0.0001584705559674049              
7       21             0.0001584705559674049              
7       23             0.0001584705559674049              
8       35             0.0001584705559674049              
3       10             0.00015847055596734938             
12      16             0.00015847055596734938             
14      17             0.00015847055596734938             
6       23             0.00015847055596734938             
6       24             0.00015847055596734938             
6       26             0.00015847055596734938             
6       27             0.00015847055596734938             
6       28             0.00015847055596734938             
6       30             0.00015847055596734938             
6       31             0.00015847055596734938             
6       33             0.00015847055596734938             
6       34             0.00015847055596734938             
8       9              0.00015847055596734938             
8       10             0.00015847055596734938             
16      18             0.00015847055596734938             
1       20             0.00015847055596729387             
1       19             0.00015847055596729387             
4       16             0.00015847055596729387             
12      14             0.00015847055596729387             
3       35             0.00015847055596729387             
2       13             0.00015847055596729387             
3       9              0.00015847055596723836             
1       14             0.00015847055596723836             
1       18             0.00015847055596718285             
4       13             0.00015847055596718285             
9       22             0.00015847055596712734             
5       16             0.00015847055596712734             
21      24             0.00015847055596712734             
22      33             0.00015847055596712734             
25      33             0.00015847055596712734             
1       15             0.00015847055596707182             
12      15             0.00015847055596707182             
1       6              0.00015847055596707182             
9       33             0.00015847055596707182             
10      28             0.00015847055596707182             
5       14             0.00015847055596707182             
9       25             0.00015847055596707182             
9       29             0.00015847055596707182             
10      29             0.00015847055596707182             
2       14             0.00015847055596707182             
5       18             0.00015847055596707182             
15      16             0.00015847055596707182             
12      18             0.00015847055596707182             
21      34             0.00015847055596707182             
24      28             0.00015847055596707182             
24      31             0.00015847055596707182             
24      33             0.00015847055596707182             
24      34             0.00015847055596707182             
26      28             0.00015847055596707182             
26      30             0.00015847055596707182             
26      34             0.00015847055596707182             
21      32             0.00015847055596707182             
21      35             0.00015847055596707182             
22      24             0.00015847055596707182             
23      32             0.00015847055596707182             
26      32             0.00015847055596707182             
26      35             0.00015847055596707182             
34      35             0.00015847055596707182             
22      29             0.00015847055596707182             
25      29             0.00015847055596707182             
13      17             0.00015847055596707182             
13      14             0.00015847055596707182             
13      16             0.00015847055596707182             
8       13             0.00015847055596707182             
9       10             0.0001584705559670163              
1       17             0.0001584705559670163              
4       14             0.0001584705559670163              
9       21             0.0001584705559670163              
9       23             0.0001584705559670163              
9       30             0.0001584705559670163              
9       31             0.0001584705559670163              
10      24             0.0001584705559670163              
10      26             0.0001584705559670163              
10      33             0.0001584705559670163              
9       32             0.0001584705559670163              
10      25             0.0001584705559670163              
10      32             0.0001584705559670163              
10      35             0.0001584705559670163              
2       16             0.0001584705559670163              
21      27             0.0001584705559670163              
21      28             0.0001584705559670163              
21      30             0.0001584705559670163              
21      33             0.0001584705559670163              
23      24             0.0001584705559670163              
23      33             0.0001584705559670163              
24      26             0.0001584705559670163              
24      27             0.0001584705559670163              
26      27             0.0001584705559670163              
26      31             0.0001584705559670163              
26      33             0.0001584705559670163              
27      28             0.0001584705559670163              
27      31             0.0001584705559670163              
27      33             0.0001584705559670163              
31      33             0.0001584705559670163              
23      35             0.0001584705559670163              
24      25             0.0001584705559670163              
24      29             0.0001584705559670163              
24      32             0.0001584705559670163              
24      35             0.0001584705559670163              
26      29             0.0001584705559670163              
27      29             0.0001584705559670163              
27      32             0.0001584705559670163              
27      35             0.0001584705559670163              
29      30             0.0001584705559670163              
29      33             0.0001584705559670163              
22      32             0.0001584705559670163              
22      35             0.0001584705559670163              
25      32             0.0001584705559670163              
29      32             0.0001584705559670163              
29      35             0.0001584705559670163              
32      35             0.0001584705559670163              
6       10             0.0001584705559669608              
9       27             0.0001584705559669608              
9       28             0.0001584705559669608              
9       34             0.0001584705559669608              
10      21             0.0001584705559669608              
10      23             0.0001584705559669608              
10      27             0.0001584705559669608              
10      30             0.0001584705559669608              
10      34             0.0001584705559669608              
12      17             0.0001584705559669608              
15      18             0.0001584705559669608              
16      17             0.0001584705559669608              
21      31             0.0001584705559669608              
23      26             0.0001584705559669608              
23      28             0.0001584705559669608              
23      30             0.0001584705559669608              
23      34             0.0001584705559669608              
24      30             0.0001584705559669608              
27      30             0.0001584705559669608              
27      34             0.0001584705559669608              
28      30             0.0001584705559669608              
28      33             0.0001584705559669608              
28      34             0.0001584705559669608              
21      25             0.0001584705559669608              
21      29             0.0001584705559669608              
22      23             0.0001584705559669608              
22      28             0.0001584705559669608              
22      30             0.0001584705559669608              
22      34             0.0001584705559669608              
25      28             0.0001584705559669608              
25      34             0.0001584705559669608              
28      29             0.0001584705559669608              
28      35             0.0001584705559669608              
29      31             0.0001584705559669608              
29      34             0.0001584705559669608              
32      33             0.0001584705559669608              
32      34             0.0001584705559669608              
22      25             0.0001584705559669608              
25      35             0.0001584705559669608              
4       15             0.0001584705559669053              
9       24             0.0001584705559669053              
10      22             0.0001584705559669053              
2       18             0.0001584705559669053              
21      26             0.0001584705559669053              
23      27             0.0001584705559669053              
23      31             0.0001584705559669053              
28      31             0.0001584705559669053              
33      34             0.0001584705559669053              
21      22             0.0001584705559669053              
22      26             0.0001584705559669053              
22      27             0.0001584705559669053              
22      31             0.0001584705559669053              
23      29             0.0001584705559669053              
25      26             0.0001584705559669053              
25      27             0.0001584705559669053              
25      30             0.0001584705559669053              
25      31             0.0001584705559669053              
28      32             0.0001584705559669053              
30      32             0.0001584705559669053              
30      35             0.0001584705559669053              
31      35             0.0001584705559669053              
33      35             0.0001584705559669053              
13      15             0.0001584705559669053              
4       17             0.00015847055596684978             
5       12             0.00015847055596684978             
2       15             0.00015847055596684978             
9       26             0.00015847055596684978             
10      31             0.00015847055596684978             
15      17             0.00015847055596684978             
4       18             0.00015847055596684978             
9       35             0.00015847055596684978             
21      23             0.00015847055596684978             
30      31             0.00015847055596684978             
30      33             0.00015847055596684978             
30      34             0.00015847055596684978             
31      34             0.00015847055596684978             
23      25             0.00015847055596684978             
31      32             0.00015847055596684978             
6       13             0.00015847055596684978             
5       17             0.00015847055596679427             
3       8              0.00015847055596679427             
5       15             0.00015847055596673876             
12      24             0.00015847055596673876             
12      29             0.00015847055596673876             
12      35             0.00015847055596673876             
17      18             0.00015847055596673876             
7       13             0.00015847055596673876             
4       6              0.00015847055596668325             
2       17             0.00015847055596668325             
12      27             0.00015847055596668325             
12      30             0.00015847055596668325             
12      31             0.00015847055596668325             
11      13             0.00015847055596668325             
10      13             0.00015847055596668325             
12      21             0.00015847055596662774             
12      23             0.00015847055596662774             
12      28             0.00015847055596662774             
12      33             0.00015847055596662774             
12      34             0.00015847055596662774             
12      25             0.00015847055596662774             
12      32             0.00015847055596662774             
9       13             0.00015847055596662774             
12      26             0.00015847055596657222             
12      22             0.00015847055596657222             
11      18             0.0001584705559665167              
3       7              0.0001584705559665167              
4       5              0.0001584705559664612              
7       16             0.0001584705559664612              
5       11             0.0001584705559664057              
11      16             0.0001584705559664057              
2       6              0.0001584705559664057              
3       18             0.0001584705559664057              
6       14             0.0001584705559664057              
6       16             0.0001584705559664057              
7       18             0.0001584705559664057              
16      19             0.00015847055596629467             
6       18             0.00015847055596629467             
7       14             0.00015847055596629467             
3       13             0.00015847055596629467             
11      17             0.00015847055596623916             
11      14             0.00015847055596623916             
11      15             0.00015847055596618365             
10      16             0.00015847055596618365             
7       15             0.00015847055596618365             
7       17             0.00015847055596618365             
8       18             0.00015847055596618365             
19      33             0.00015847055596612813             
20      32             0.00015847055596612813             
4       12             0.00015847055596612813             
3       17             0.00015847055596612813             
6       15             0.00015847055596612813             
10      18             0.00015847055596612813             
8       16             0.00015847055596612813             
20      24             0.00015847055596607262             
16      20             0.00015847055596607262             
19      28             0.00015847055596607262             
19      30             0.00015847055596607262             
19      29             0.00015847055596607262             
19      32             0.00015847055596607262             
19      35             0.00015847055596607262             
1       5              0.00015847055596607262             
6       17             0.00015847055596607262             
3       16             0.00015847055596607262             
20      23             0.0001584705559660171              
20      28             0.0001584705559660171              
20      33             0.0001584705559660171              
20      34             0.0001584705559660171              
19      24             0.0001584705559660171              
19      31             0.0001584705559660171              
19      34             0.0001584705559660171              
20      22             0.0001584705559660171              
20      29             0.0001584705559660171              
20      35             0.0001584705559660171              
19      22             0.0001584705559660171              
10      17             0.0001584705559660171              
20      27             0.0001584705559659616              
20      31             0.0001584705559659616              
19      23             0.0001584705559659616              
19      25             0.0001584705559659616              
10      14             0.0001584705559659616              
20      21             0.0001584705559659061              
20      26             0.0001584705559659061              
20      30             0.0001584705559659061              
19      21             0.0001584705559659061              
19      26             0.0001584705559659061              
19      27             0.0001584705559659061              
20      25             0.0001584705559659061              
8       14             0.0001584705559659061              
5       7              0.00015847055596585058             
5       8              0.00015847055596585058             
8       17             0.00015847055596585058             
11      12             0.00015847055596579507             
4       11             0.00015847055596573956             
10      15             0.00015847055596573956             
9       18             0.00015847055596573956             
3       15             0.00015847055596568405             
2       8              0.00015847055596568405             
2       5              0.00015847055596562853             
3       14             0.00015847055596562853             
8       15             0.00015847055596562853             
2       12             0.000158470555965462               
9       16             0.0001584705559654065              
9       17             0.00015847055596529547             
9       14             0.00015847055596529547             
4       8              0.00015847055596529547             
9       15             0.00015847055596518445             
1       12             0.00015847055596512893             
2       7              0.00015847055596507342             
4       7              0.0001584705559649069              
1       11             0.00015847055596485138             
2       11             0.00015847055596462933             
1       8              0.0001584705559645183              
1       7              0.0001584705559644628              
19      20             0.00015847055596424076             
17      19             0.00015847055596329707             
17      20             0.00015847055596324156             
18      19             0.00015847055596213133             
18      20             0.0001584705559619648              
3       36             -0.0018132688615504766             
8       36             -0.0018132688615506987             
14      36             -0.001813268861550782              
15      36             -0.0018132688615508097             
6       36             -0.0018132688615508374             
4       36             -0.001813268861550893              
1       36             -0.001813268861550893              
7       36             -0.001813268861550893              
9       36             -0.0018132688615509485             
5       36             -0.001813268861551004              
13      36             -0.0018132688615510317             
10      36             -0.0018132688615511705             
18      36             -0.0018132688615512538             
2       36             -0.0018132688615514203             
17      36             -0.0018132688615514203             
11      36             -0.0018132688615514758             
12      36             -0.0018132688615515313             
16      36             -0.0018132688615515313             
35      36             -0.0018132688615520864             
27      36             -0.0018132688615521142             
34      36             -0.0018132688615521142             
29      36             -0.0018132688615521142             
21      36             -0.001813268861552142              
24      36             -0.001813268861552142              
26      36             -0.001813268861552142              
28      36             -0.001813268861552142              
30      36             -0.001813268861552142              
22      36             -0.001813268861552142              
25      36             -0.001813268861552142              
32      36             -0.001813268861552142              
23      36             -0.0018132688615521697             
31      36             -0.0018132688615521697             
33      36             -0.0018132688615521697             
20      36             -0.0018132688615526416             
19      36             -0.0018132688615527248             
