#======================================================================
# PARAMETERS USED FOR THIS COMPUTATION: 
#      Sequence type: RNA
#      Total number of sequences in alignment data: 3
#      Length of sequences in alignment data: 42
#      Effective number of sequences: 3.0
#      Value of sequence identity: 0.8
#      Value of relative pseudocount: 0.5
# The First and Second columns represent sites and the
# Third column is MFDCA Frobenius norm, average product corrected (APC) DCA score
#======================================================================
10      23             0.43538559402087956                
10      24             0.43538559402087956                
11      23             0.43538559402087934                
11      24             0.43538559402087923                
10      13             0.43538559402087823                
13      23             0.43538559402087806                
13      24             0.43538559402087806                
11      13             0.435385594020878                  
3       23             0.43538559402087795                
3       24             0.43538559402087784                
39      42             0.4353855940208774                 
32      42             0.4353855940208772                 
32      39             0.4353855940208771                 
4       23             0.43538559402087706                
24      39             0.4353855940208769                 
23      32             0.4353855940208769                 
23      42             0.4353855940208769                 
4       22             0.4353855940208769                 
4       32             0.4353855940208769                 
3       4              0.43538559402087684                
4       24             0.43538559402087684                
23      39             0.4353855940208768                 
24      32             0.4353855940208768                 
24      42             0.4353855940208768                 
4       39             0.4353855940208768                 
4       42             0.4353855940208768                 
4       10             0.4353855940208766                 
4       11             0.43538559402087645                
22      42             0.4353855940208763                 
22      32             0.4353855940208762                 
22      39             0.43538559402087607                
10      22             0.43538559402087584                
3       13             0.43538559402087573                
3       10             0.4353855940208756                 
11      22             0.43538559402087545                
10      32             0.4353855940208754                 
10      42             0.4353855940208754                 
10      39             0.43538559402087534                
4       13             0.4353855940208752                 
10      11             0.43538559402087507                
22      23             0.435385594020875                  
22      24             0.435385594020875                  
3       11             0.435385594020875                  
11      32             0.435385594020875                  
11      42             0.435385594020875                  
3       22             0.4353855940208749                 
11      39             0.43538559402087484                
3       32             0.4353855940208747                 
3       42             0.4353855940208747                 
3       39             0.43538559402087446                
23      24             0.4353855940208733                 
13      42             0.4353855940208732                 
13      39             0.4353855940208731                 
13      22             0.43538559402087307                
13      32             0.43538559402087307                
1       8              0.32969482726445226                
2       8              0.3296948272644522                 
1       7              0.3296948272644518                 
2       7              0.32969482726445176                
2       5              0.32969482726445093                
17      41             0.3296948272644505                 
17      40             0.32969482726445043                
17      37             0.3296948272644503                 
17      28             0.3296948272644502                 
17      30             0.3296948272644502                 
1       5              0.3296948272644502                 
17      31             0.3296948272644501                 
5       17             0.32969482726444965                
5       21             0.3296948272644496                 
8       21             0.32969482726444954                
1       2              0.32969482726444954                
5       37             0.3296948272644495                 
5       41             0.3296948272644495                 
8       17             0.3296948272644495                 
21      30             0.32969482726444943                
5       30             0.3296948272644494                 
5       31             0.3296948272644494                 
1       21             0.3296948272644494                 
21      37             0.3296948272644493                 
8       41             0.3296948272644493                 
21      41             0.32969482726444926                
5       28             0.32969482726444926                
5       40             0.32969482726444926                
1       41             0.32969482726444926                
1       17             0.32969482726444926                
21      28             0.3296948272644492                 
21      31             0.3296948272644492                 
21      40             0.3296948272644492                 
8       28             0.3296948272644492                 
8       30             0.3296948272644492                 
8       37             0.3296948272644492                 
2       21             0.3296948272644492                 
7       21             0.32969482726444915                
7       17             0.32969482726444915                
8       31             0.3296948272644491                 
8       40             0.3296948272644491                 
1       28             0.3296948272644491                 
1       40             0.3296948272644491                 
2       17             0.3296948272644491                 
2       31             0.32969482726444904                
2       40             0.32969482726444904                
7       30             0.329694827264449                  
7       37             0.329694827264449                  
1       30             0.329694827264449                  
1       37             0.329694827264449                  
2       41             0.329694827264449                  
7       41             0.32969482726444893                
17      21             0.32969482726444893                
2       30             0.32969482726444893                
2       37             0.32969482726444893                
7       28             0.3296948272644489                 
7       31             0.3296948272644489                 
7       40             0.3296948272644489                 
1       31             0.3296948272644489                 
5       7              0.3296948272644488                 
2       28             0.3296948272644488                 
7       8              0.3296948272644487                 
5       8              0.32969482726444843                
30      37             0.32969482726444815                
30      40             0.32969482726444815                
31      37             0.32969482726444815                
37      40             0.32969482726444815                
28      30             0.32969482726444804                
28      37             0.32969482726444804                
28      40             0.32969482726444804                
31      40             0.32969482726444804                
28      41             0.32969482726444804                
30      41             0.32969482726444804                
31      41             0.32969482726444804                
37      41             0.32969482726444804                
40      41             0.32969482726444804                
30      31             0.32969482726444793                
28      31             0.3296948272644477                 
4       16             0.23513371573270725                
10      16             0.23513371573270658                
11      16             0.23513371573270614                
3       16             0.2351337157327058                 
13      16             0.23513371573270547                
16      32             0.23513371573270536                
16      42             0.23513371573270536                
16      39             0.23513371573270525                
16      23             0.23513371573270436                
16      24             0.23513371573270425                
16      22             0.23513371573270414                
9       15             0.13259595357795995                
15      18             0.1325959535779599                 
15      19             0.13259595357795984                
6       18             0.13259595357795978                
15      20             0.13259595357795972                
6       19             0.13259595357795956                
6       15             0.13259595357795953                
9       19             0.13259595357795947                
6       20             0.1325959535779594                 
9       20             0.1325959535779593                 
14      15             0.13259595357795922                
9       18             0.1325959535779592                 
12      15             0.1325959535779591                 
14      19             0.13259595357795875                
12      19             0.1325959535779587                 
14      18             0.13259595357795864                
12      18             0.13259595357795864                
14      20             0.13259595357795853                
12      20             0.13259595357795848                
12      14             0.13259595357795823                
9       14             0.13259595357795823                
20      27             0.13259595357795798                
20      36             0.1325959535779579                 
20      38             0.13259595357795786                
18      27             0.13259595357795786                
18      33             0.13259595357795786                
20      26             0.13259595357795786                
20      34             0.13259595357795786                
20      35             0.13259595357795784                
20      29             0.1325959535779578                 
20      33             0.1325959535779578                 
18      35             0.13259595357795778                
18      26             0.13259595357795775                
20      25             0.1325959535779577                 
18      38             0.13259595357795764                
18      25             0.13259595357795764                
18      29             0.13259595357795764                
18      34             0.13259595357795764                
18      36             0.13259595357795756                
19      25             0.13259595357795748                
19      38             0.13259595357795742                
19      34             0.13259595357795742                
19      35             0.1325959535779574                 
19      36             0.1325959535779574                 
19      26             0.13259595357795737                
19      29             0.13259595357795737                
14      25             0.13259595357795734                
14      26             0.13259595357795728                
19      33             0.13259595357795725                
14      27             0.13259595357795723                
14      29             0.13259595357795723                
14      34             0.13259595357795723                
19      27             0.1325959535779572                 
14      35             0.1325959535779572                 
14      33             0.13259595357795717                
14      36             0.13259595357795714                
14      38             0.13259595357795712                
6       34             0.1325959535779571                 
6       35             0.13259595357795706                
6       38             0.13259595357795703                
6       36             0.132595953577957                  
6       14             0.13259595357795698                
6       29             0.13259595357795698                
6       26             0.13259595357795692                
6       27             0.13259595357795692                
6       33             0.13259595357795692                
9       29             0.1325959535779569                 
9       33             0.1325959535779569                 
9       27             0.13259595357795684                
9       34             0.13259595357795684                
9       38             0.13259595357795678                
9       35             0.13259595357795675                
9       36             0.13259595357795675                
6       25             0.13259595357795675                
9       25             0.13259595357795673                
9       26             0.13259595357795673                
12      27             0.13259595357795617                
12      38             0.13259595357795612                
12      25             0.13259595357795612                
12      33             0.13259595357795606                
12      34             0.13259595357795606                
12      36             0.13259595357795603                
12      26             0.132595953577956                  
12      29             0.132595953577956                  
12      35             0.13259595357795598                
6       12             0.13259595357795598                
33      38             0.13259595357795587                
33      36             0.13259595357795578                
35      36             0.13259595357795578                
34      38             0.13259595357795576                
26      27             0.13259595357795576                
27      29             0.13259595357795576                
33      34             0.13259595357795576                
36      38             0.13259595357795576                
34      36             0.13259595357795573                
29      38             0.1325959535779557                 
25      27             0.1325959535779557                 
25      29             0.1325959535779557                 
26      33             0.1325959535779557                 
35      38             0.1325959535779557                 
25      36             0.13259595357795567                
29      35             0.13259595357795567                
29      36             0.13259595357795567                
33      35             0.13259595357795567                
15      27             0.13259595357795564                
25      26             0.13259595357795564                
26      29             0.13259595357795564                
27      33             0.13259595357795564                
29      33             0.13259595357795564                
29      34             0.13259595357795564                
26      36             0.13259595357795562                
27      35             0.13259595357795562                
27      36             0.13259595357795562                
34      35             0.13259595357795562                
25      38             0.1325959535779556                 
26      38             0.1325959535779556                 
25      34             0.1325959535779556                 
27      34             0.1325959535779556                 
26      35             0.13259595357795556                
15      26             0.13259595357795553                
15      29             0.13259595357795553                
15      33             0.13259595357795553                
27      38             0.13259595357795553                
26      34             0.13259595357795553                
15      36             0.1325959535779555                 
25      35             0.1325959535779555                 
15      38             0.13259595357795548                
15      34             0.13259595357795548                
25      33             0.13259595357795548                
15      35             0.13259595357795545                
15      25             0.13259595357795537                
6       9              0.13259595357795492                
9       12             0.132595953577954                  
18      19             0.13259595357795012                
19      20             0.13259595357795                   
18      20             0.13259595357794984                
5       16             0.12979177202251557                
16      30             0.12979177202251535                
16      31             0.12979177202251535                
16      37             0.12979177202251535                
16      41             0.12979177202251524                
8       16             0.12979177202251524                
16      40             0.12979177202251513                
1       16             0.12979177202251513                
16      28             0.12979177202251502                
2       16             0.12979177202251502                
7       16             0.1297917720225149                 
16      21             0.1297917720225138                 
16      17             0.12979177202251357                
1       14             -0.08011309919897736               
8       15             -0.08011309919897769               
38      41             -0.08011309919897777               
30      36             -0.08011309919897777               
31      36             -0.08011309919897777               
28      35             -0.0801130991989778                
28      36             -0.0801130991989778                
30      35             -0.0801130991989778                
2       15             -0.0801130991989778                
28      33             -0.08011309919897783               
30      33             -0.08011309919897783               
30      34             -0.08011309919897783               
31      33             -0.08011309919897783               
30      38             -0.08011309919897786               
31      38             -0.08011309919897786               
38      40             -0.08011309919897786               
28      29             -0.08011309919897786               
28      34             -0.08011309919897786               
31      34             -0.08011309919897786               
28      38             -0.08011309919897788               
31      35             -0.08011309919897788               
1       15             -0.08011309919897788               
25      31             -0.08011309919897797               
25      30             -0.080113099198978                 
27      31             -0.080113099198978                 
27      40             -0.080113099198978                 
27      30             -0.08011309919897802               
27      37             -0.08011309919897802               
25      41             -0.08011309919897802               
27      41             -0.08011309919897802               
36      41             -0.08011309919897802               
17      19             -0.08011309919897805               
37      38             -0.08011309919897805               
25      37             -0.08011309919897805               
25      40             -0.08011309919897805               
26      31             -0.08011309919897805               
26      40             -0.08011309919897805               
29      40             -0.08011309919897805               
26      41             -0.08011309919897805               
29      41             -0.08011309919897805               
34      41             -0.08011309919897805               
35      40             -0.08011309919897805               
2       14             -0.08011309919897805               
25      28             -0.08011309919897808               
26      30             -0.08011309919897808               
27      28             -0.08011309919897808               
29      31             -0.08011309919897808               
33      40             -0.08011309919897808               
33      41             -0.08011309919897808               
35      37             -0.08011309919897808               
36      37             -0.08011309919897808               
36      40             -0.08011309919897808               
35      41             -0.08011309919897808               
26      28             -0.0801130991989781                
26      37             -0.0801130991989781                
29      30             -0.0801130991989781                
29      37             -0.0801130991989781                
33      37             -0.0801130991989781                
34      37             -0.0801130991989781                
34      40             -0.0801130991989781                
5       15             -0.0801130991989781                
17      18             -0.08011309919897816               
17      20             -0.08011309919897816               
7       15             -0.08011309919897819               
21      33             -0.08011309919897824               
21      34             -0.08011309919897824               
21      26             -0.08011309919897827               
21      27             -0.08011309919897827               
21      29             -0.08011309919897827               
21      35             -0.08011309919897827               
21      25             -0.08011309919897833               
21      36             -0.08011309919897833               
12      17             -0.08011309919897833               
21      38             -0.08011309919897835               
12      21             -0.08011309919897835               
1       18             -0.08011309919897844               
8       18             -0.08011309919897847               
1       20             -0.08011309919897847               
8       19             -0.0801130991989785                
1       19             -0.0801130991989785                
15      21             -0.0801130991989785                
5       18             -0.08011309919897852               
8       20             -0.08011309919897855               
2       18             -0.08011309919897855               
15      17             -0.08011309919897858               
9       21             -0.08011309919897858               
7       20             -0.08011309919897863               
5       19             -0.08011309919897863               
2       19             -0.08011309919897863               
2       20             -0.08011309919897863               
5       14             -0.08011309919897863               
7       18             -0.08011309919897866               
5       20             -0.08011309919897866               
7       19             -0.08011309919897869               
6       21             -0.08011309919897869               
6       17             -0.08011309919897869               
9       17             -0.08011309919897872               
1       6              -0.08011309919897883               
7       14             -0.08011309919897902               
14      21             -0.08011309919897908               
14      17             -0.0801130991989791                
8       14             -0.0801130991989793                
1       25             -0.0801130991989793                
1       33             -0.0801130991989793                
1       26             -0.08011309919897935               
1       27             -0.08011309919897935               
1       29             -0.08011309919897935               
1       36             -0.08011309919897935               
1       34             -0.08011309919897938               
1       35             -0.08011309919897938               
1       38             -0.08011309919897946               
2       25             -0.08011309919897946               
2       33             -0.08011309919897946               
19      41             -0.08011309919897949               
8       25             -0.08011309919897949               
8       27             -0.08011309919897949               
8       29             -0.08011309919897949               
5       25             -0.08011309919897949               
5       27             -0.08011309919897949               
2       26             -0.08011309919897949               
2       27             -0.08011309919897949               
2       36             -0.08011309919897949               
2       6              -0.08011309919897949               
2       29             -0.08011309919897952               
2       34             -0.08011309919897952               
2       35             -0.08011309919897952               
19      40             -0.08011309919897955               
8       26             -0.08011309919897955               
8       33             -0.08011309919897955               
8       34             -0.08011309919897955               
8       36             -0.08011309919897955               
5       26             -0.08011309919897955               
5       35             -0.08011309919897955               
2       38             -0.08011309919897955               
18      31             -0.08011309919897958               
19      28             -0.08011309919897958               
19      30             -0.08011309919897958               
19      37             -0.08011309919897958               
12      41             -0.08011309919897958               
5       29             -0.08011309919897958               
5       34             -0.08011309919897958               
5       36             -0.08011309919897958               
18      30             -0.0801130991989796                
19      31             -0.0801130991989796                
18      41             -0.0801130991989796                
8       38             -0.0801130991989796                
8       35             -0.0801130991989796                
18      28             -0.08011309919897963               
18      37             -0.08011309919897963               
7       29             -0.08011309919897963               
7       33             -0.08011309919897963               
5       33             -0.08011309919897963               
18      40             -0.08011309919897966               
12      28             -0.08011309919897966               
12      30             -0.08011309919897966               
12      31             -0.08011309919897966               
12      37             -0.08011309919897966               
12      40             -0.08011309919897966               
5       38             -0.08011309919897966               
7       25             -0.08011309919897969               
7       26             -0.08011309919897969               
7       27             -0.08011309919897969               
7       34             -0.08011309919897969               
7       35             -0.08011309919897969               
7       36             -0.08011309919897971               
5       6              -0.08011309919897971               
1       9              -0.08011309919897974               
7       38             -0.08011309919897977               
20      41             -0.08011309919897988               
20      37             -0.08011309919897991               
20      40             -0.08011309919897994               
17      36             -0.08011309919897994               
20      28             -0.08011309919897996               
17      35             -0.08011309919897996               
20      30             -0.08011309919897999               
9       37             -0.08011309919897999               
9       40             -0.08011309919897999               
17      25             -0.08011309919897999               
17      27             -0.08011309919897999               
17      29             -0.08011309919897999               
17      33             -0.08011309919897999               
17      34             -0.08011309919897999               
20      31             -0.08011309919898002               
17      26             -0.08011309919898002               
9       41             -0.08011309919898002               
17      38             -0.08011309919898005               
9       28             -0.08011309919898005               
9       30             -0.08011309919898005               
9       31             -0.08011309919898005               
6       28             -0.08011309919898016               
6       30             -0.08011309919898019               
6       37             -0.08011309919898019               
6       40             -0.08011309919898019               
8       12             -0.08011309919898019               
6       31             -0.08011309919898021               
6       41             -0.08011309919898021               
2       12             -0.08011309919898024               
7       9              -0.08011309919898027               
5       12             -0.08011309919898033               
2       9              -0.08011309919898033               
15      28             -0.08011309919898041               
15      30             -0.08011309919898041               
15      37             -0.08011309919898041               
15      40             -0.08011309919898041               
15      41             -0.08011309919898041               
5       9              -0.08011309919898041               
1       12             -0.08011309919898041               
15      31             -0.08011309919898044               
6       8              -0.08011309919898052               
8       9              -0.0801130991989806                
7       12             -0.08011309919898069               
14      40             -0.08011309919898105               
14      41             -0.08011309919898105               
14      30             -0.08011309919898107               
14      28             -0.0801130991989811                
14      37             -0.0801130991989811                
14      31             -0.08011309919898113               
6       7              -0.08011309919898124               
18      21             -0.08011309919898227               
19      21             -0.08011309919898232               
20      21             -0.08011309919898238               
38      42             -0.08081015083536547               
38      39             -0.08081015083536552               
12      22             -0.08081015083536561               
3       15             -0.08081015083536569               
4       15             -0.08081015083536588               
11      15             -0.08081015083536594               
9       22             -0.08081015083536597               
10      15             -0.080810150835366                 
13      15             -0.08081015083536602               
3       14             -0.08081015083536605               
27      32             -0.0808101508353661                
27      42             -0.08081015083536613               
34      42             -0.08081015083536613               
4       14             -0.08081015083536613               
33      42             -0.08081015083536616               
35      42             -0.08081015083536616               
36      42             -0.08081015083536616               
26      39             -0.08081015083536619               
34      39             -0.08081015083536619               
25      32             -0.08081015083536619               
26      32             -0.08081015083536619               
29      32             -0.08081015083536619               
29      42             -0.08081015083536619               
3       18             -0.08081015083536622               
10      18             -0.08081015083536622               
10      19             -0.08081015083536622               
27      39             -0.08081015083536622               
29      39             -0.08081015083536622               
25      42             -0.08081015083536622               
26      42             -0.08081015083536622               
35      39             -0.08081015083536622               
36      39             -0.08081015083536622               
12      32             -0.08081015083536622               
25      39             -0.08081015083536625               
33      39             -0.08081015083536625               
3       19             -0.08081015083536627               
3       20             -0.08081015083536627               
12      42             -0.08081015083536627               
11      20             -0.08081015083536633               
10      20             -0.08081015083536633               
12      39             -0.08081015083536633               
11      19             -0.08081015083536638               
11      18             -0.08081015083536641               
13      19             -0.08081015083536647               
13      18             -0.0808101508353665                
4       18             -0.0808101508353665                
13      20             -0.08081015083536652               
4       19             -0.08081015083536658               
4       20             -0.08081015083536658               
9       23             -0.08081015083536669               
6       23             -0.08081015083536669               
6       13             -0.08081015083536672               
6       24             -0.08081015083536675               
9       24             -0.08081015083536683               
9       32             -0.08081015083536683               
9       42             -0.08081015083536686               
15      22             -0.08081015083536688               
6       22             -0.08081015083536688               
9       13             -0.08081015083536691               
9       39             -0.08081015083536694               
32      35             -0.08081015083536705               
32      36             -0.08081015083536705               
10      27             -0.08081015083536705               
10      33             -0.08081015083536705               
32      33             -0.08081015083536708               
32      34             -0.08081015083536708               
10      25             -0.08081015083536708               
10      26             -0.08081015083536708               
10      29             -0.08081015083536708               
10      34             -0.08081015083536708               
32      38             -0.0808101508353671                
10      36             -0.0808101508353671                
23      29             -0.08081015083536713               
11      27             -0.08081015083536713               
10      35             -0.08081015083536713               
3       25             -0.08081015083536716               
10      38             -0.08081015083536716               
3       26             -0.08081015083536719               
3       27             -0.08081015083536719               
23      25             -0.08081015083536719               
23      26             -0.08081015083536719               
23      27             -0.08081015083536719               
23      34             -0.08081015083536719               
23      36             -0.08081015083536719               
24      26             -0.08081015083536719               
24      29             -0.08081015083536719               
24      33             -0.08081015083536719               
24      34             -0.08081015083536719               
22      27             -0.08081015083536722               
22      29             -0.08081015083536722               
3       29             -0.08081015083536722               
3       34             -0.08081015083536722               
3       35             -0.08081015083536722               
23      35             -0.08081015083536722               
24      36             -0.08081015083536722               
11      25             -0.08081015083536722               
11      33             -0.08081015083536722               
23      38             -0.08081015083536724               
22      33             -0.08081015083536724               
3       36             -0.08081015083536724               
23      33             -0.08081015083536724               
24      25             -0.08081015083536724               
24      27             -0.08081015083536724               
24      35             -0.08081015083536724               
11      26             -0.08081015083536724               
11      34             -0.08081015083536724               
11      35             -0.08081015083536724               
11      36             -0.08081015083536724               
3       6              -0.08081015083536724               
24      38             -0.08081015083536727               
22      25             -0.08081015083536727               
22      26             -0.08081015083536727               
22      36             -0.08081015083536727               
3       33             -0.08081015083536727               
11      29             -0.08081015083536727               
3       38             -0.0808101508353673                
22      34             -0.0808101508353673                
4       25             -0.0808101508353673                
4       35             -0.0808101508353673                
22      35             -0.08081015083536733               
11      38             -0.08081015083536733               
4       36             -0.08081015083536733               
4       26             -0.08081015083536736               
4       33             -0.08081015083536736               
22      38             -0.08081015083536738               
4       27             -0.08081015083536738               
4       34             -0.08081015083536738               
13      33             -0.08081015083536741               
13      36             -0.08081015083536741               
4       38             -0.08081015083536741               
13      35             -0.08081015083536744               
14      22             -0.08081015083536744               
12      23             -0.08081015083536744               
12      24             -0.08081015083536744               
4       29             -0.08081015083536744               
13      27             -0.08081015083536747               
13      29             -0.08081015083536747               
13      34             -0.08081015083536747               
18      32             -0.0808101508353675                
13      38             -0.0808101508353675                
13      26             -0.0808101508353675                
18      42             -0.08081015083536752               
12      13             -0.08081015083536752               
13      25             -0.08081015083536755               
6       32             -0.08081015083536755               
6       42             -0.08081015083536758               
10      14             -0.0808101508353676                
18      39             -0.08081015083536763               
6       39             -0.08081015083536763               
9       10             -0.08081015083536774               
20      32             -0.0808101508353678                
20      42             -0.0808101508353678                
9       11             -0.08081015083536783               
20      39             -0.08081015083536786               
4       6              -0.08081015083536788               
19      32             -0.08081015083536797               
19      42             -0.08081015083536797               
19      39             -0.08081015083536802               
15      42             -0.08081015083536805               
15      32             -0.08081015083536808               
15      39             -0.08081015083536813               
3       9              -0.08081015083536813               
10      12             -0.08081015083536813               
6       11             -0.08081015083536822               
11      14             -0.08081015083536824               
3       12             -0.08081015083536827               
4       9              -0.08081015083536827               
4       12             -0.08081015083536844               
13      14             -0.08081015083536855               
14      32             -0.08081015083536863               
14      42             -0.08081015083536863               
14      39             -0.08081015083536866               
6       10             -0.08081015083536869               
18      22             -0.08081015083536902               
19      22             -0.0808101508353691                
11      12             -0.08081015083536919               
20      22             -0.08081015083536924               
19      23             -0.08081015083536994               
19      24             -0.08081015083536999               
20      23             -0.08081015083536999               
18      23             -0.08081015083537008               
18      24             -0.08081015083537008               
20      24             -0.08081015083537008               
15      23             -0.0808101508353701                
15      24             -0.08081015083537019               
14      23             -0.08081015083537058               
14      24             -0.08081015083537069               
12      16             -0.23391368326653753               
9       16             -0.23391368326653775               
6       16             -0.23391368326653803               
16      25             -0.2339136832665382                
16      26             -0.23391368326653825               
16      29             -0.23391368326653825               
16      33             -0.23391368326653825               
16      36             -0.23391368326653825               
16      20             -0.23391368326653827               
16      27             -0.23391368326653827               
16      34             -0.23391368326653827               
16      18             -0.2339136832665383                
16      35             -0.2339136832665383                
16      19             -0.23391368326653833               
16      38             -0.23391368326653839               
15      16             -0.23391368326653872               
14      16             -0.23391368326653914               
5       23             -0.24487138620431065               
5       24             -0.2448713862043107                
10      17             -0.24487138620431073               
10      21             -0.24487138620431076               
1       23             -0.24487138620431084               
5       13             -0.24487138620431087               
1       24             -0.24487138620431087               
2       23             -0.24487138620431087               
2       24             -0.24487138620431087               
1       13             -0.244871386204311                 
2       13             -0.244871386204311                 
13      17             -0.24487138620431112               
5       22             -0.24487138620431112               
13      21             -0.24487138620431115               
22      41             -0.24487138620431115               
21      32             -0.24487138620431115               
21      42             -0.24487138620431115               
8       24             -0.24487138620431115               
21      39             -0.2448713862043112                
5       32             -0.2448713862043112                
22      31             -0.24487138620431123               
8       23             -0.24487138620431123               
22      30             -0.24487138620431126               
22      37             -0.24487138620431126               
22      40             -0.24487138620431126               
22      28             -0.24487138620431126               
8       22             -0.24487138620431126               
5       42             -0.24487138620431126               
5       39             -0.24487138620431131               
2       22             -0.24487138620431131               
2       42             -0.24487138620431134               
7       24             -0.24487138620431137               
4       17             -0.24487138620431137               
2       32             -0.24487138620431137               
4       21             -0.2448713862043114                
7       23             -0.24487138620431143               
4       7              -0.24487138620431145               
7       22             -0.24487138620431148               
8       13             -0.24487138620431148               
11      17             -0.24487138620431148               
8       42             -0.24487138620431148               
8       32             -0.24487138620431148               
4       5              -0.24487138620431148               
2       39             -0.24487138620431148               
10      41             -0.2448713862043115                
11      21             -0.24487138620431154               
10      28             -0.24487138620431154               
10      40             -0.24487138620431154               
10      30             -0.24487138620431156               
10      31             -0.24487138620431156               
10      37             -0.24487138620431156               
17      22             -0.2448713862043116                
8       39             -0.2448713862043116                
4       8              -0.2448713862043116                
1       22             -0.24487138620431165               
7       32             -0.24487138620431168               
7       42             -0.24487138620431168               
17      32             -0.24487138620431168               
2       10             -0.24487138620431168               
7       13             -0.2448713862043117                
7       39             -0.2448713862043117                
17      42             -0.2448713862043117                
1       32             -0.2448713862043117                
8       10             -0.24487138620431173               
17      39             -0.24487138620431176               
1       42             -0.24487138620431176               
1       39             -0.24487138620431181               
13      41             -0.24487138620431187               
39      41             -0.24487138620431187               
17      23             -0.24487138620431187               
13      31             -0.2448713862043119                
39      40             -0.2448713862043119                
17      24             -0.2448713862043119                
13      30             -0.24487138620431192               
13      28             -0.24487138620431192               
13      37             -0.24487138620431192               
13      40             -0.24487138620431192               
3       21             -0.24487138620431195               
3       17             -0.24487138620431195               
8       11             -0.24487138620431198               
1       4              -0.24487138620431198               
32      41             -0.24487138620431204               
5       11             -0.24487138620431204               
5       10             -0.24487138620431206               
32      40             -0.2448713862043121                
32      37             -0.2448713862043121                
4       41             -0.2448713862043121                
1       3              -0.2448713862043121                
2       4              -0.2448713862043121                
7       10             -0.24487138620431215               
23      41             -0.2448713862043122                
24      41             -0.2448713862043122                
4       31             -0.2448713862043122                
4       40             -0.2448713862043122                
4       28             -0.2448713862043122                
4       37             -0.2448713862043122                
4       30             -0.24487138620431223               
23      30             -0.24487138620431226               
11      41             -0.24487138620431226               
2       3              -0.24487138620431226               
2       11             -0.24487138620431226               
1       10             -0.24487138620431226               
23      28             -0.24487138620431229               
23      31             -0.24487138620431229               
23      37             -0.2448713862043123                
23      40             -0.2448713862043123                
24      28             -0.2448713862043123                
24      30             -0.2448713862043123                
24      31             -0.2448713862043123                
24      40             -0.2448713862043123                
31      32             -0.2448713862043123                
3       7              -0.2448713862043123                
11      37             -0.2448713862043123                
11      40             -0.2448713862043123                
24      37             -0.24487138620431234               
30      32             -0.24487138620431234               
31      42             -0.24487138620431234               
11      28             -0.24487138620431234               
11      31             -0.24487138620431234               
7       11             -0.24487138620431234               
30      42             -0.24487138620431237               
28      32             -0.24487138620431237               
11      30             -0.24487138620431237               
21      23             -0.2448713862043124                
3       8              -0.2448713862043124                
30      39             -0.24487138620431242               
31      39             -0.24487138620431242               
28      42             -0.24487138620431242               
28      39             -0.24487138620431248               
21      24             -0.24487138620431248               
3       5              -0.24487138620431248               
1       11             -0.24487138620431248               
40      42             -0.24487138620431265               
41      42             -0.24487138620431265               
37      42             -0.2448713862043127                
3       41             -0.24487138620431273               
37      39             -0.24487138620431276               
3       31             -0.2448713862043128                
3       28             -0.24487138620431284               
3       30             -0.24487138620431284               
3       37             -0.24487138620431284               
3       40             -0.24487138620431284               
21      22             -0.24487138620431304               
