#======================================================================
# PARAMETERS USED FOR THIS COMPUTATION: 
#      Sequence type: RNA
#      Total number of sequences in alignment data: 2
#      Length of sequences in alignment data: 35
#      Effective number of sequences: 1.0
#      Value of sequence identity: 0.8
#      Value of relative pseudocount: 0.5
# The First and Second columns represent sites and the
# Third column is MFDCA Frobenius norm, average product corrected (APC) DCA score
#======================================================================
3       4              0.00017269576655698504             
8       9              0.00017269576655665198             
9       10             0.00017269576655637442             
12      17             0.00017269576655609686             
12      15             0.00017269576655609686             
12      16             0.00017269576655604135             
1       2              0.00017269576655598584             
2       4              0.00017269576655593033             
14      16             0.00017269576655593033             
12      18             0.00017269576655593033             
14      15             0.00017269576655593033             
12      14             0.00017269576655593033             
8       10             0.00017269576655587482             
12      13             0.00017269576655570829             
14      17             0.00017269576655565277             
3       5              0.00017269576655559726             
15      16             0.00017269576655548624             
14      18             0.00017269576655548624             
13      14             0.00017269576655543073             
13      15             0.00017269576655543073             
15      17             0.00017269576655543073             
13      16             0.00017269576655537522             
13      17             0.00017269576655537522             
13      18             0.0001726957665553197              
15      18             0.00017269576655520869             
7       12             0.00017269576655520869             
16      17             0.00017269576655515317             
15      20             0.00017269576655509766             
7       11             0.00017269576655504215             
15      19             0.00017269576655498664             
16      18             0.00017269576655498664             
1       4              0.00017269576655487562             
14      19             0.00017269576655487562             
2       9              0.0001726957665548201              
17      18             0.0001726957665548201              
14      20             0.0001726957665547646              
7       20             0.0001726957665547646              
7       19             0.00017269576655465357             
7       8              0.00017269576655454255             
5       9              0.00017269576655448704             
6       20             0.00017269576655448704             
12      20             0.00017269576655448704             
6       8              0.00017269576655448704             
3       6              0.00017269576655443153             
6       19             0.00017269576655437602             
12      19             0.00017269576655437602             
6       7              0.00017269576655437602             
13      19             0.0001726957665543205              
13      20             0.00017269576655420948             
1       3              0.00017269576655420948             
5       10             0.00017269576655415397             
29      30             0.00017269576655415397             
29      32             0.00017269576655415397             
32      33             0.00017269576655415397             
4       9              0.00017269576655409846             
4       6              0.00017269576655409846             
29      34             0.00017269576655409846             
32      34             0.00017269576655409846             
29      31             0.00017269576655409846             
29      33             0.00017269576655409846             
31      32             0.00017269576655409846             
6       12             0.00017269576655409846             
31      34             0.00017269576655404295             
30      32             0.00017269576655404295             
30      33             0.00017269576655404295             
6       11             0.00017269576655404295             
1       10             0.00017269576655398744             
2       10             0.00017269576655398744             
1       5              0.00017269576655398744             
30      34             0.00017269576655398744             
33      34             0.00017269576655398744             
27      33             0.00017269576655398744             
31      33             0.00017269576655398744             
3       10             0.00017269576655393193             
27      31             0.00017269576655393193             
28      33             0.00017269576655393193             
30      31             0.00017269576655393193             
7       10             0.00017269576655393193             
3       9              0.00017269576655393193             
22      24             0.00017269576655387642             
21      24             0.00017269576655387642             
21      29             0.00017269576655387642             
24      28             0.00017269576655387642             
28      31             0.00017269576655387642             
28      32             0.00017269576655387642             
25      29             0.00017269576655387642             
26      31             0.00017269576655387642             
26      33             0.00017269576655387642             
28      34             0.0001726957665538209              
28      30             0.0001726957665538209              
2       24             0.0001726957665538209              
2       29             0.0001726957665538209              
21      26             0.0001726957665538209              
21      31             0.0001726957665538209              
21      32             0.0001726957665538209              
23      24             0.0001726957665538209              
23      32             0.0001726957665538209              
23      33             0.0001726957665538209              
25      30             0.0001726957665538209              
28      29             0.0001726957665538209              
24      25             0.0001726957665538209              
24      26             0.0001726957665538209              
24      29             0.0001726957665538209              
24      31             0.0001726957665538209              
24      32             0.0001726957665538209              
24      33             0.0001726957665538209              
25      26             0.0001726957665538209              
25      31             0.0001726957665538209              
25      32             0.0001726957665538209              
25      33             0.0001726957665538209              
26      29             0.0001726957665538209              
7       9              0.0001726957665538209              
20      21             0.0001726957665537654              
21      22             0.0001726957665537654              
27      34             0.0001726957665537654              
21      23             0.0001726957665537654              
21      27             0.0001726957665537654              
21      28             0.0001726957665537654              
22      26             0.0001726957665537654              
22      31             0.0001726957665537654              
27      30             0.0001726957665537654              
2       25             0.0001726957665537654              
2       26             0.0001726957665537654              
2       31             0.0001726957665537654              
21      25             0.0001726957665537654              
21      33             0.0001726957665537654              
23      26             0.0001726957665537654              
23      29             0.0001726957665537654              
23      31             0.0001726957665537654              
24      27             0.0001726957665537654              
24      30             0.0001726957665537654              
25      27             0.0001726957665537654              
25      28             0.0001726957665537654              
26      27             0.0001726957665537654              
26      28             0.0001726957665537654              
26      30             0.0001726957665537654              
27      29             0.0001726957665537654              
27      32             0.0001726957665537654              
26      32             0.0001726957665537654              
3       8              0.0001726957665537654              
11      15             0.0001726957665537654              
5       21             0.00017269576655370988             
5       27             0.00017269576655370988             
19      21             0.00017269576655370988             
5       33             0.00017269576655370988             
22      23             0.00017269576655370988             
22      27             0.00017269576655370988             
1       9              0.00017269576655370988             
2       21             0.00017269576655370988             
2       23             0.00017269576655370988             
2       27             0.00017269576655370988             
2       28             0.00017269576655370988             
2       30             0.00017269576655370988             
22      25             0.00017269576655370988             
22      29             0.00017269576655370988             
22      32             0.00017269576655370988             
22      33             0.00017269576655370988             
23      27             0.00017269576655370988             
23      28             0.00017269576655370988             
23      30             0.00017269576655370988             
24      34             0.00017269576655370988             
25      34             0.00017269576655370988             
26      34             0.00017269576655370988             
27      28             0.00017269576655370988             
2       32             0.00017269576655370988             
2       33             0.00017269576655370988             
11      14             0.00017269576655370988             
4       10             0.00017269576655365437             
19      22             0.00017269576655365437             
20      28             0.00017269576655365437             
1       21             0.00017269576655365437             
5       24             0.00017269576655365437             
5       25             0.00017269576655365437             
5       26             0.00017269576655365437             
5       29             0.00017269576655365437             
5       31             0.00017269576655365437             
19      24             0.00017269576655365437             
19      25             0.00017269576655365437             
19      26             0.00017269576655365437             
19      29             0.00017269576655365437             
19      31             0.00017269576655365437             
19      33             0.00017269576655365437             
20      24             0.00017269576655365437             
20      25             0.00017269576655365437             
20      26             0.00017269576655365437             
20      29             0.00017269576655365437             
20      31             0.00017269576655365437             
20      33             0.00017269576655365437             
22      28             0.00017269576655365437             
22      30             0.00017269576655365437             
1       29             0.00017269576655365437             
21      30             0.00017269576655365437             
23      25             0.00017269576655365437             
2       3              0.00017269576655365437             
2       18             0.00017269576655365437             
6       9              0.00017269576655365437             
5       22             0.00017269576655359886             
5       34             0.00017269576655359886             
20      22             0.00017269576655359886             
2       22             0.00017269576655359886             
5       23             0.00017269576655359886             
5       28             0.00017269576655359886             
5       30             0.00017269576655359886             
19      23             0.00017269576655359886             
19      27             0.00017269576655359886             
19      30             0.00017269576655359886             
20      23             0.00017269576655359886             
20      27             0.00017269576655359886             
20      30             0.00017269576655359886             
21      34             0.00017269576655359886             
23      34             0.00017269576655359886             
5       32             0.00017269576655359886             
19      32             0.00017269576655359886             
20      32             0.00017269576655359886             
1       24             0.00017269576655359886             
1       25             0.00017269576655359886             
2       6              0.00017269576655359886             
11      18             0.00017269576655359886             
4       21             0.00017269576655354335             
4       29             0.00017269576655354335             
10      11             0.00017269576655354335             
22      34             0.00017269576655354335             
2       34             0.00017269576655354335             
6       10             0.00017269576655354335             
1       27             0.00017269576655354335             
1       30             0.00017269576655354335             
1       31             0.00017269576655354335             
1       32             0.00017269576655354335             
11      16             0.00017269576655354335             
19      34             0.00017269576655348784             
20      34             0.00017269576655348784             
1       22             0.00017269576655348784             
4       26             0.00017269576655348784             
19      28             0.00017269576655348784             
1       23             0.00017269576655348784             
1       28             0.00017269576655348784             
1       26             0.00017269576655348784             
1       33             0.00017269576655348784             
5       18             0.00017269576655348784             
2       17             0.00017269576655348784             
11      13             0.00017269576655348784             
11      17             0.00017269576655348784             
8       15             0.00017269576655348784             
4       22             0.00017269576655343233             
4       27             0.00017269576655343233             
4       32             0.00017269576655343233             
4       33             0.00017269576655343233             
5       15             0.00017269576655343233             
11      21             0.00017269576655343233             
11      23             0.00017269576655343233             
8       23             0.00017269576655343233             
8       27             0.00017269576655343233             
8       25             0.00017269576655343233             
7       21             0.00017269576655343233             
11      12             0.00017269576655343233             
4       34             0.00017269576655337682             
4       23             0.00017269576655337682             
4       28             0.00017269576655337682             
4       30             0.00017269576655337682             
4       24             0.00017269576655337682             
4       25             0.00017269576655337682             
4       31             0.00017269576655337682             
5       17             0.00017269576655337682             
8       22             0.00017269576655337682             
11      24             0.00017269576655337682             
2       14             0.00017269576655337682             
2       15             0.00017269576655337682             
8       21             0.00017269576655337682             
7       25             0.00017269576655337682             
7       26             0.00017269576655337682             
7       29             0.00017269576655337682             
7       31             0.00017269576655337682             
7       32             0.00017269576655337682             
7       33             0.00017269576655337682             
4       5              0.0001726957665533213              
1       34             0.0001726957665533213              
1       17             0.0001726957665533213              
4       15             0.0001726957665533213              
11      22             0.0001726957665533213              
3       23             0.0001726957665533213              
5       14             0.0001726957665533213              
11      27             0.0001726957665533213              
3       31             0.0001726957665533213              
11      26             0.0001726957665533213              
11      29             0.0001726957665533213              
11      32             0.0001726957665533213              
11      33             0.0001726957665533213              
8       24             0.0001726957665533213              
8       26             0.0001726957665533213              
8       29             0.0001726957665533213              
7       34             0.0001726957665533213              
7       23             0.0001726957665533213              
7       27             0.0001726957665533213              
7       30             0.0001726957665533213              
5       16             0.0001726957665532658              
11      19             0.0001726957665532658              
11      20             0.0001726957665532658              
1       18             0.0001726957665532658              
11      34             0.0001726957665532658              
11      28             0.0001726957665532658              
11      30             0.0001726957665532658              
3       24             0.0001726957665532658              
3       29             0.0001726957665532658              
11      31             0.0001726957665532658              
8       28             0.0001726957665532658              
8       30             0.0001726957665532658              
8       17             0.0001726957665532658              
8       31             0.0001726957665532658              
8       32             0.0001726957665532658              
8       33             0.0001726957665532658              
8       18             0.0001726957665532658              
7       22             0.0001726957665532658              
7       28             0.0001726957665532658              
7       24             0.0001726957665532658              
17      34             0.00017269576655321028             
3       22             0.00017269576655321028             
17      28             0.00017269576655321028             
17      30             0.00017269576655321028             
3       28             0.00017269576655321028             
17      25             0.00017269576655321028             
17      26             0.00017269576655321028             
17      32             0.00017269576655321028             
3       25             0.00017269576655321028             
3       26             0.00017269576655321028             
8       34             0.00017269576655321028             
11      25             0.00017269576655321028             
6       21             0.00017269576655321028             
6       29             0.00017269576655321028             
6       31             0.00017269576655321028             
8       16             0.00017269576655321028             
4       17             0.00017269576655315477             
3       19             0.00017269576655315477             
3       20             0.00017269576655315477             
1       16             0.00017269576655315477             
4       14             0.00017269576655315477             
17      22             0.00017269576655315477             
2       16             0.00017269576655315477             
17      27             0.00017269576655315477             
3       21             0.00017269576655315477             
3       30             0.00017269576655315477             
9       24             0.00017269576655315477             
9       29             0.00017269576655315477             
17      24             0.00017269576655315477             
17      31             0.00017269576655315477             
17      33             0.00017269576655315477             
3       32             0.00017269576655315477             
3       33             0.00017269576655315477             
6       23             0.00017269576655315477             
6       24             0.00017269576655315477             
6       33             0.00017269576655315477             
8       14             0.00017269576655315477             
3       7              0.00017269576655315477             
10      19             0.00017269576655309926             
10      24             0.00017269576655309926             
10      31             0.00017269576655309926             
4       18             0.00017269576655309926             
2       13             0.00017269576655309926             
9       27             0.00017269576655309926             
9       28             0.00017269576655309926             
17      21             0.00017269576655309926             
17      23             0.00017269576655309926             
3       27             0.00017269576655309926             
9       17             0.00017269576655309926             
9       25             0.00017269576655309926             
9       31             0.00017269576655309926             
9       32             0.00017269576655309926             
9       33             0.00017269576655309926             
17      29             0.00017269576655309926             
1       14             0.00017269576655309926             
9       18             0.00017269576655309926             
3       18             0.00017269576655309926             
6       25             0.00017269576655309926             
6       26             0.00017269576655309926             
9       15             0.00017269576655309926             
10      29             0.00017269576655304375             
10      33             0.00017269576655304375             
5       13             0.00017269576655304375             
9       34             0.00017269576655304375             
3       34             0.00017269576655304375             
9       21             0.00017269576655304375             
9       23             0.00017269576655304375             
9       30             0.00017269576655304375             
5       6              0.00017269576655304375             
9       26             0.00017269576655304375             
1       6              0.00017269576655304375             
1       15             0.00017269576655304375             
6       22             0.00017269576655304375             
6       27             0.00017269576655304375             
6       32             0.00017269576655304375             
6       18             0.00017269576655304375             
6       15             0.00017269576655304375             
10      22             0.00017269576655298824             
10      21             0.00017269576655298824             
10      23             0.00017269576655298824             
10      27             0.00017269576655298824             
10      25             0.00017269576655298824             
10      26             0.00017269576655298824             
10      32             0.00017269576655298824             
9       22             0.00017269576655298824             
3       17             0.00017269576655298824             
6       28             0.00017269576655298824             
6       30             0.00017269576655298824             
6       17             0.00017269576655298824             
3       15             0.00017269576655298824             
3       12             0.00017269576655298824             
7       17             0.00017269576655298824             
10      20             0.00017269576655293273             
10      34             0.00017269576655293273             
10      28             0.00017269576655293273             
1       13             0.00017269576655293273             
9       16             0.00017269576655293273             
3       16             0.00017269576655293273             
6       34             0.00017269576655293273             
9       14             0.00017269576655293273             
7       18             0.00017269576655293273             
7       14             0.00017269576655293273             
10      30             0.00017269576655287722             
10      12             0.00017269576655287722             
6       14             0.00017269576655287722             
7       15             0.00017269576655287722             
4       16             0.0001726957665528217              
3       11             0.0001726957665528217              
8       13             0.0001726957665528217              
3       14             0.0001726957665528217              
4       13             0.0001726957665527662              
2       5              0.0001726957665527662              
8       19             0.0001726957665527662              
6       16             0.0001726957665527662              
7       16             0.0001726957665527662              
19      20             0.00017269576655271068             
17      20             0.00017269576655271068             
10      14             0.00017269576655271068             
16      23             0.00017269576655271068             
3       13             0.00017269576655271068             
16      25             0.00017269576655271068             
16      26             0.00017269576655271068             
16      32             0.00017269576655271068             
10      15             0.00017269576655265517             
16      21             0.00017269576655265517             
16      27             0.00017269576655265517             
16      28             0.00017269576655265517             
16      30             0.00017269576655265517             
16      24             0.00017269576655265517             
16      33             0.00017269576655265517             
18      24             0.00017269576655265517             
18      32             0.00017269576655265517             
8       12             0.00017269576655265517             
16      34             0.00017269576655259966             
8       20             0.00017269576655259966             
18      33             0.00017269576655259966             
17      19             0.00017269576655254415             
16      22             0.00017269576655254415             
9       13             0.00017269576655254415             
18      34             0.00017269576655254415             
16      29             0.00017269576655254415             
16      31             0.00017269576655254415             
18      23             0.00017269576655254415             
18      27             0.00017269576655254415             
18      28             0.00017269576655254415             
18      29             0.00017269576655254415             
18      31             0.00017269576655254415             
6       13             0.00017269576655254415             
15      23             0.00017269576655254415             
15      26             0.00017269576655254415             
7       13             0.00017269576655254415             
9       19             0.00017269576655248864             
9       20             0.00017269576655248864             
18      21             0.00017269576655248864             
18      30             0.00017269576655248864             
18      25             0.00017269576655248864             
18      26             0.00017269576655248864             
15      24             0.00017269576655248864             
15      25             0.00017269576655248864             
10      18             0.00017269576655243313             
13      21             0.00017269576655243313             
13      23             0.00017269576655243313             
13      24             0.00017269576655243313             
13      25             0.00017269576655243313             
13      26             0.00017269576655243313             
15      21             0.00017269576655243313             
15      32             0.00017269576655243313             
10      16             0.00017269576655237762             
10      17             0.00017269576655237762             
13      27             0.00017269576655237762             
13      30             0.00017269576655237762             
13      31             0.00017269576655237762             
13      32             0.00017269576655237762             
13      33             0.00017269576655237762             
18      22             0.00017269576655237762             
15      22             0.00017269576655237762             
15      34             0.00017269576655237762             
15      27             0.00017269576655237762             
15      28             0.00017269576655237762             
15      30             0.00017269576655237762             
15      33             0.00017269576655237762             
8       11             0.00017269576655237762             
13      28             0.0001726957665523221              
13      29             0.0001726957665523221              
15      29             0.0001726957665523221              
15      31             0.0001726957665523221              
10      13             0.0001726957665522666              
13      22             0.0001726957665522666              
13      34             0.0001726957665522666              
14      24             0.0001726957665522666              
14      25             0.0001726957665522666              
9       12             0.0001726957665522666              
14      21             0.00017269576655221108             
14      28             0.00017269576655221108             
14      32             0.00017269576655221108             
16      19             0.00017269576655215557             
4       12             0.00017269576655215557             
5       8              0.00017269576655215557             
14      34             0.00017269576655215557             
14      23             0.00017269576655215557             
14      30             0.00017269576655215557             
14      26             0.00017269576655215557             
14      29             0.00017269576655215557             
14      31             0.00017269576655215557             
14      33             0.00017269576655215557             
12      21             0.00017269576655215557             
12      28             0.00017269576655215557             
1       7              0.00017269576655215557             
12      25             0.00017269576655215557             
12      26             0.00017269576655215557             
12      29             0.00017269576655215557             
12      31             0.00017269576655215557             
12      32             0.00017269576655215557             
16      20             0.00017269576655210006             
14      22             0.00017269576655210006             
14      27             0.00017269576655210006             
1       12             0.00017269576655210006             
12      23             0.00017269576655210006             
12      27             0.00017269576655210006             
12      30             0.00017269576655210006             
12      24             0.00017269576655210006             
12      34             0.00017269576655204455             
12      33             0.00017269576655204455             
5       19             0.00017269576655198904             
1       11             0.00017269576655198904             
4       7              0.00017269576655198904             
9       11             0.00017269576655193353             
12      22             0.00017269576655193353             
4       11             0.00017269576655187802             
5       11             0.00017269576655187802             
5       20             0.0001726957665518225              
1       8              0.000172695766551767               
1       20             0.00017269576655171148             
5       12             0.00017269576655171148             
4       20             0.00017269576655165597             
1       19             0.00017269576655165597             
18      19             0.00017269576655165597             
18      20             0.00017269576655165597             
4       19             0.00017269576655154495             
5       7              0.00017269576655154495             
2       8              0.00017269576655148944             
2       12             0.00017269576655148944             
4       8              0.00017269576655143393             
2       11             0.0001726957665513229              
2       7              0.00017269576655121188             
2       20             0.00017269576655110086             
2       19             0.00017269576655098984             
11      35             -0.0019184618819052535             
13      35             -0.0019184618819059196             
32      35             -0.0019184618819061139             
31      35             -0.0019184618819061416             
33      35             -0.0019184618819061416             
34      35             -0.0019184618819061694             
30      35             -0.0019184618819061694             
29      35             -0.0019184618819061694             
3       35             -0.0019184618819061694             
5       35             -0.001918461881906225              
8       35             -0.001918461881906225              
6       35             -0.0019184618819063082             
1       35             -0.0019184618819063637             
28      35             -0.0019184618819063637             
17      35             -0.0019184618819063637             
4       35             -0.001918461881906447              
9       35             -0.0019184618819064747             
7       35             -0.0019184618819064747             
10      35             -0.0019184618819066412             
16      35             -0.0019184618819067245             
15      35             -0.0019184618819067245             
26      35             -0.0019184618819067523             
12      35             -0.0019184618819067523             
21      35             -0.00191846188190678               
23      35             -0.00191846188190678               
27      35             -0.00191846188190678               
24      35             -0.0019184618819068078             
18      35             -0.0019184618819068078             
22      35             -0.0019184618819068355             
25      35             -0.0019184618819068355             
19      35             -0.0019184618819068633             
20      35             -0.001918461881906891              
2       35             -0.0019184618819069188             
14      35             -0.0019184618819069188             
