#======================================================================
# PARAMETERS USED FOR THIS COMPUTATION: 
#      Sequence type: RNA
#      Total number of sequences in alignment data: 10
#      Length of sequences in alignment data: 32
#      Effective number of sequences: 2.6333333333333333
#      Value of sequence identity: 0.8
#      Value of relative pseudocount: 0.5
# The First and Second columns represent sites and the
# Third column is MFDCA Frobenius norm, average product corrected (APC) DCA score
#======================================================================
1       32             1.8805358259606637                 
2       31             1.4908111539522162                 
10      18             1.2214844205920108                 
10      24             0.9188899303291024                 
1       2              0.867537817422123                  
2       32             0.8675378174221217                 
2       18             0.8263081136674868                 
2       7              0.8018983193904646                 
20      21             0.7339622654801685                 
18      24             0.6845025972522858                 
2       10             0.6743399194819348                 
2       12             0.6708026090590341                 
31      32             0.6345707771995425                 
1       31             0.634570777199542                  
18      31             0.5665001843334105                 
12      31             0.5199205023851631                 
13      19             0.5152938862231933                 
12      13             0.48397779259643675                
12      19             0.48397779259643553                
15      16             0.47671346330778036                
16      17             0.47671346330777975                
15      17             0.47671346330777953                
14      16             0.4767134633077789                 
14      15             0.47671346330777836                
14      17             0.47671346330777764                
10      31             0.46202236119670137                
7       31             0.44691555101091696                
7       19             0.4087714125720781                 
7       13             0.4087714125720768                 
2       24             0.27637223078389517                
13      21             0.19795470222220862                
19      21             0.19795470222220846                
19      20             0.19795470222220796                
13      20             0.19795470222220768                
1       12             0.16435608262508428                
12      32             0.16435608262508428                
15      18             0.15803061004006985                
14      18             0.15803061004006952                
16      18             0.15803061004006907                
17      18             0.1580306100400689                 
24      31             0.15059348276867374                
9       22             0.1208984763302452                 
8       23             0.1208984763302452                 
8       22             0.12089847633024514                
9       30             0.12089847633024509                
9       29             0.12089847633024503                
8       26             0.12089847633024503                
9       26             0.12089847633024497                
9       28             0.12089847633024497                
9       23             0.12089847633024497                
8       27             0.12089847633024497                
8       29             0.12089847633024497                
8       25             0.12089847633024497                
9       27             0.12089847633024492                
8       30             0.12089847633024492                
9       25             0.12089847633024486                
8       28             0.12089847633024486                
5       23             0.1208984763302447                 
5       25             0.1208984763302447                 
5       29             0.12089847633024464                
5       26             0.12089847633024459                
5       28             0.12089847633024459                
5       30             0.12089847633024459                
5       22             0.12089847633024453                
5       27             0.12089847633024442                
11      25             0.12089847633024442                
11      22             0.12089847633024436                
11      27             0.12089847633024431                
11      23             0.12089847633024431                
4       25             0.12089847633024425                
4       22             0.12089847633024425                
11      26             0.12089847633024425                
11      29             0.12089847633024425                
11      30             0.12089847633024425                
4       27             0.1208984763302442                 
11      28             0.1208984763302442                 
4       30             0.12089847633024414                
4       26             0.12089847633024409                
4       29             0.12089847633024409                
4       23             0.12089847633024409                
4       28             0.12089847633024403                
6       23             0.12089847633024403                
3       23             0.12089847633024398                
6       29             0.12089847633024392                
6       30             0.12089847633024392                
6       22             0.12089847633024392                
6       26             0.12089847633024381                
6       28             0.12089847633024381                
3       26             0.12089847633024381                
3       30             0.12089847633024381                
3       22             0.12089847633024381                
8       9              0.12089847633024375                
3       28             0.12089847633024375                
6       25             0.12089847633024375                
3       25             0.1208984763302437                 
6       27             0.12089847633024364                
3       27             0.12089847633024364                
3       29             0.12089847633024359                
4       9              0.1208984763302432                 
4       5              0.1208984763302432                 
3       4              0.12089847633024309                
4       6              0.12089847633024309                
3       6              0.12089847633024275                
3       9              0.12089847633024231                
3       5              0.12089847633024225                
8       11             0.1208984763302422                 
6       9              0.12089847633024192                
5       11             0.12089847633024181                
5       6              0.1208984763302417                 
4       11             0.1208984763302417                 
4       8              0.12089847633024164                
3       11             0.12089847633024164                
26      27             0.12089847633024153                
6       11             0.12089847633024148                
23      27             0.12089847633024148                
5       9              0.12089847633024142                
3       8              0.12089847633024142                
26      30             0.12089847633024142                
23      25             0.12089847633024142                
26      28             0.12089847633024137                
25      27             0.12089847633024137                
25      30             0.12089847633024137                
22      23             0.12089847633024137                
26      29             0.12089847633024131                
27      29             0.12089847633024131                
27      30             0.12089847633024131                
25      26             0.12089847633024131                
29      30             0.12089847633024131                
22      30             0.12089847633024131                
22      25             0.12089847633024131                
28      29             0.12089847633024126                
28      30             0.12089847633024126                
23      28             0.12089847633024126                
25      28             0.12089847633024126                
22      27             0.12089847633024126                
22      29             0.12089847633024126                
27      28             0.1208984763302412                 
22      26             0.1208984763302412                 
22      28             0.1208984763302412                 
23      29             0.1208984763302412                 
23      30             0.1208984763302412                 
23      26             0.12089847633024114                
25      29             0.12089847633024114                
9       11             0.12089847633024098                
5       8              0.12089847633024059                
6       8              0.12089847633024037                
2       20             0.08107603637926408                
2       21             0.08107603637926386                
12      17             0.06676280945035895                
12      15             0.06676280945035823                
12      16             0.06676280945035795                
12      14             0.0667628094503579                 
7       21             0.05152213822618701                
7       20             0.05152213822618662                
21      31             0.045483449781343055               
20      31             0.04548344978134289                
2       19             0.03962361259389313                
2       13             0.039623612593892854               
7       32             0.028632268001638317               
1       7              0.028632268001637762               
11      24             0.021070134726235035               
9       24             0.021070134726234424               
6       24             0.02107013472623437                
4       24             0.021070134726234258               
3       24             0.021070134726234202               
5       24             0.021070134726233702               
8       24             0.021070134726233092               
22      24             0.021070134726232592               
24      29             0.021070134726232537               
23      24             0.021070134726232537               
24      30             0.02107013472623248                
24      25             0.02107013472623248                
24      26             0.021070134726232426               
24      28             0.021070134726232426               
24      27             0.02107013472623237                
21      25             0.010403923530084014               
21      29             0.010403923530083847               
21      30             0.010403923530083847               
21      28             0.010403923530083792               
20      25             0.010403923530083792               
21      23             0.010403923530083792               
21      26             0.010403923530083736               
21      27             0.010403923530083736               
21      22             0.010403923530083736               
20      29             0.01040392353008368                
20      23             0.01040392353008368                
20      30             0.010403923530083625               
20      26             0.01040392353008357                
20      28             0.01040392353008357                
20      22             0.01040392353008357                
20      27             0.010403923530083459               
11      20             0.010403923530083237               
3       20             0.010403923530083181               
3       21             0.010403923530083126               
11      21             0.010403923530083126               
6       20             0.010403923530082682               
6       21             0.010403923530082626               
9       21             0.010403923530082237               
9       20             0.010403923530082182               
4       20             0.010403923530082126               
4       21             0.010403923530081849               
5       20             0.010403923530081738               
8       21             0.010403923530081627               
5       21             0.010403923530081516               
8       20             0.010403923530081405               
1       13             -0.014980031618978373              
13      32             -0.014980031618978373              
1       19             -0.014980031618978651              
19      32             -0.014980031618979206              
17      32             -0.025837174503541727              
16      32             -0.025837174503541782              
1       16             -0.02583717450354228               
14      32             -0.025837174503542393              
15      32             -0.02583717450354245               
1       14             -0.02583717450354256               
1       15             -0.02583717450354256               
1       17             -0.02583717450354278               
18      32             -0.02732971938617934               
1       18             -0.027329719386179396              
15      19             -0.02903864695709979               
16      19             -0.02903864695710029               
14      19             -0.029038646957100733              
13      14             -0.02903864695710187               
13      15             -0.029038646957102426              
13      16             -0.029038646957102676              
17      19             -0.029038646957103342              
13      17             -0.029038646957103925              
7       17             -0.03034600553397032               
7       16             -0.0303460055339711                
7       15             -0.030346005533971487              
7       14             -0.030346005533971654              
7       18             -0.03767236499580001               
8       17             -0.047522137765251826              
5       17             -0.04752213776525202               
6       17             -0.04752213776525205               
3       17             -0.04752213776525238               
4       17             -0.04752213776525244               
14      22             -0.04752213776525244               
14      29             -0.04752213776525252               
14      25             -0.04752213776525252               
14      30             -0.04752213776525255               
14      23             -0.047522137765252576              
14      26             -0.0475221377652526                
14      28             -0.04752213776525266               
14      27             -0.04752213776525277               
6       15             -0.047522137765253075              
6       16             -0.047522137765253075              
16      22             -0.04752213776525313               
15      23             -0.04752213776525316               
15      29             -0.047522137765253186              
15      26             -0.047522137765253214              
15      28             -0.047522137765253214              
15      25             -0.047522137765253214              
15      30             -0.047522137765253214              
16      23             -0.047522137765253214              
16      29             -0.047522137765253214              
15      22             -0.047522137765253214              
16      30             -0.04752213776525324               
16      26             -0.04752213776525327               
16      27             -0.04752213776525327               
15      27             -0.0475221377652533                
16      25             -0.0475221377652533                
6       14             -0.047522137765253325              
5       15             -0.047522137765253325              
16      28             -0.047522137765253325              
5       16             -0.04752213776525335               
8       16             -0.04752213776525335               
5       14             -0.04752213776525338               
8       15             -0.04752213776525341               
3       15             -0.047522137765253436              
4       15             -0.047522137765253464              
8       14             -0.04752213776525349               
3       16             -0.04752213776525352               
4       16             -0.04752213776525352               
3       14             -0.047522137765253575              
4       14             -0.047522137765253714              
11      17             -0.047522137765253714              
9       17             -0.04752213776525385               
17      22             -0.04752213776525413               
17      25             -0.04752213776525421               
17      29             -0.04752213776525424               
17      30             -0.04752213776525424               
17      23             -0.04752213776525424               
17      26             -0.047522137765254296              
17      28             -0.047522137765254296              
17      27             -0.04752213776525435               
11      15             -0.04752213776525446               
11      16             -0.04752213776525452               
11      14             -0.0475221377652546                
9       15             -0.04752213776525535               
9       16             -0.04752213776525541               
9       14             -0.04752213776525549               
7       24             -0.06641979835773276               
17      21             -0.06647562816873664               
17      20             -0.06647562816873678               
16      20             -0.06647562816873795               
14      20             -0.066475628168738                 
16      21             -0.066475628168738                 
15      21             -0.06647562816873806               
14      21             -0.06647562816873809               
15      20             -0.06647562816873812               
12      21             -0.06675931455889811               
12      20             -0.06675931455889844               
9       19             -0.0733487454633214                
11      19             -0.07334874546332223               
5       19             -0.07334874546332229               
6       19             -0.07334874546332235               
3       19             -0.0733487454633224                
8       19             -0.07334874546332254               
4       19             -0.07334874546332282               
13      25             -0.07334874546332396               
13      29             -0.07334874546332398               
13      30             -0.07334874546332404               
13      23             -0.07334874546332404               
13      22             -0.07334874546332404               
13      26             -0.07334874546332407               
13      27             -0.0733487454633241                
13      28             -0.0733487454633241                
5       13             -0.07334874546332432               
6       13             -0.07334874546332446               
8       13             -0.07334874546332468               
3       13             -0.0733487454633247                
4       13             -0.07334874546332512               
11      13             -0.07334874546332529               
9       13             -0.07334874546332612               
19      25             -0.07334874546332709               
19      29             -0.07334874546332712               
19      30             -0.07334874546332712               
19      22             -0.07334874546332715               
19      26             -0.07334874546332718               
19      23             -0.07334874546332718               
19      27             -0.07334874546332726               
19      28             -0.07334874546332726               
10      14             -0.07840750361537296               
10      15             -0.07840750361537374               
10      16             -0.07840750361537374               
10      17             -0.07840750361537446               
7       22             -0.09126068075668964               
7       23             -0.0912606807566897                
7       26             -0.09126068075668986               
7       27             -0.09126068075668986               
7       28             -0.09126068075668986               
7       25             -0.09126068075668986               
7       29             -0.09126068075668997               
7       30             -0.09126068075668997               
6       7              -0.0912606807566933                
3       7              -0.0912606807566933                
7       11             -0.0912606807566933                
7       9              -0.09126068075669369               
4       7              -0.09126068075669375               
5       7              -0.09126068075669408               
7       8              -0.09126068075669497               
10      25             -0.09200137741934539               
10      30             -0.09200137741934544               
10      23             -0.09200137741934544               
10      22             -0.0920013774193455                
10      29             -0.09200137741934555               
10      27             -0.09200137741934561               
10      28             -0.09200137741934561               
10      26             -0.09200137741934566               
8       10             -0.09200137741934716               
6       10             -0.09200137741934739               
5       10             -0.09200137741934755               
9       10             -0.09200137741934772               
4       10             -0.09200137741934777               
10      11             -0.09200137741934822               
3       10             -0.09200137741934866               
12      23             -0.09802323961283144               
12      22             -0.09802323961283149               
12      29             -0.09802323961283155               
12      25             -0.09802323961283155               
12      28             -0.0980232396128316                
12      30             -0.0980232396128316                
12      26             -0.09802323961283171               
12      27             -0.09802323961283171               
11      12             -0.09802323961283266               
6       12             -0.09802323961283355               
9       12             -0.09802323961283382               
8       12             -0.09802323961283427               
5       12             -0.09802323961283471               
3       12             -0.09802323961283493               
4       12             -0.09802323961283493               
1       10             -0.11817789078456736               
10      32             -0.11817789078456747               
18      19             -0.13049428886698908               
13      18             -0.13049428886698944               
13      31             -0.14315715038397916               
19      31             -0.14315715038397972               
21      24             -0.14910992904918577               
20      24             -0.1491099290491858                
12      18             -0.15094584167236996               
11      32             -0.1585524729982456                
9       32             -0.15855247299824604               
8       32             -0.1585524729982461                
6       32             -0.15855247299824632               
1       22             -0.15855247299824646               
3       32             -0.15855247299824649               
1       23             -0.15855247299824654               
1       25             -0.15855247299824654               
1       30             -0.15855247299824654               
5       32             -0.1585524729982466                
1       29             -0.1585524729982466                
1       28             -0.15855247299824662               
1       26             -0.15855247299824665               
1       27             -0.15855247299824668               
4       32             -0.15855247299824676               
1       9              -0.15855247299824748               
1       3              -0.1585524729982476                
1       6              -0.1585524729982478                
1       5              -0.15855247299824798               
1       8              -0.15855247299824804               
1       4              -0.1585524729982483                
1       11             -0.15855247299824848               
29      32             -0.15855247299824862               
30      32             -0.15855247299824862               
26      32             -0.15855247299824865               
28      32             -0.15855247299824868               
27      32             -0.1585524729982487                
22      32             -0.158552472998249                 
23      32             -0.15855247299824907               
25      32             -0.1585524729982492                
19      24             -0.16065332701307802               
13      24             -0.16065332701307866               
2       15             -0.16906108273500708               
2       16             -0.16906108273500708               
2       14             -0.16906108273500725               
2       17             -0.16906108273500803               
7       10             -0.17792013925808614               
18      21             -0.18346346380383172               
18      20             -0.18346346380383183               
8       18             -0.20357586929156024               
3       18             -0.20357586929156027               
5       18             -0.20357586929156052               
6       18             -0.20357586929156057               
4       18             -0.20357586929156057               
11      18             -0.20357586929156107               
18      22             -0.20357586929156107               
18      29             -0.2035758692915612                
18      23             -0.20357586929156124               
18      25             -0.20357586929156124               
18      30             -0.20357586929156127               
18      27             -0.2035758692915613                
9       18             -0.2035758692915614                
18      26             -0.2035758692915614                
18      28             -0.2035758692915614                
10      19             -0.2064826789458118                
10      13             -0.20648267894581235               
14      24             -0.21950500554595354               
15      24             -0.21950500554595376               
16      24             -0.21950500554595379               
17      24             -0.21950500554595392               
10      20             -0.22041896802253902               
10      21             -0.22041896802253907               
10      12             -0.22290783307416984               
11      31             -0.23619871304628967               
3       31             -0.23619871304628995               
26      31             -0.23619871304628995               
27      31             -0.23619871304628998               
29      31             -0.23619871304628998               
30      31             -0.23619871304629                  
28      31             -0.23619871304629003               
22      31             -0.2361987130462901                
25      31             -0.23619871304629014               
23      31             -0.2361987130462902                
4       31             -0.23619871304629023               
6       31             -0.23619871304629034               
9       31             -0.2361987130462905                
8       31             -0.2361987130462907                
5       31             -0.23619871304629073               
1       24             -0.2485560675729949                
24      32             -0.24855606757299523               
17      31             -0.2555974910743931                
16      31             -0.25559749107439367               
15      31             -0.2555974910743942                
14      31             -0.2555974910743943                
21      32             -0.29400781816094396               
20      32             -0.294007818160944                 
1       20             -0.2940078181609455                
1       21             -0.29400781816094557               
7       12             -0.3094442735197845                
12      24             -0.30972626680792                  
2       23             -0.38095132804500187               
2       25             -0.38095132804500187               
2       22             -0.38095132804500187               
2       29             -0.380951328045002                 
2       30             -0.380951328045002                 
2       26             -0.3809513280450021                
2       27             -0.3809513280450021                
2       28             -0.38095132804500215               
2       3              -0.38095132804500287               
2       4              -0.380951328045003                 
2       5              -0.38095132804500326               
2       8              -0.3809513280450033                
2       6              -0.3809513280450035                
2       11             -0.3809513280450035                
2       9              -0.3809513280450036                
