#======================================================================
# PARAMETERS USED FOR THIS COMPUTATION: 
#      Sequence type: RNA
#      Total number of sequences in alignment data: 111
#      Length of sequences in alignment data: 51
#      Effective number of sequences: 8.266492333402958
#      Value of sequence identity: 0.8
#      Value of relative pseudocount: 0.5
# The First and Second columns represent sites and the
# Third column is MFDCA Frobenius norm, average product corrected (APC) DCA score
#======================================================================
6       38             2.0675068462853146                 
5       39             2.0218294580860747                 
11      34             1.998044533229191                  
12      33             1.9116098057983053                 
13      31             1.8551618553460303                 
4       40             1.728913160259799                  
21      49             1.5534536491872695                 
20      50             1.5005219350648282                 
44      45             1.1947208379532375                 
3       41             1.1765725037394192                 
45      49             1.0468883993464635                 
49      50             0.9898488059803368                 
19      51             0.9468546869570968                 
42      43             0.8576700928109996                 
41      43             0.7349937702619368                 
50      51             0.7348688544090454                 
32      33             0.7331615387173848                 
44      49             0.7255801553146932                 
31      33             0.6977663241827781                 
13      33             0.6977663241827752                 
2       16             0.6916834921684428                 
12      32             0.6709117582554407                 
22      37             0.6658163631758596                 
44      51             0.6513125047974122                 
21      50             0.6347402905224101                 
2       24             0.624891711564698                  
44      50             0.6079269402833101                 
12      31             0.5975653149364691                 
12      13             0.5975653149364675                 
22      32             0.5844721264655686                 
2       28             0.5654730750440257                 
19      46             0.551981147615197                  
4       13             0.5438421747266269                 
4       31             0.5438421747266249                 
1       40             0.5437650603417759                 
12      28             0.5327817039540246                 
2       43             0.5254051685145852                 
28      33             0.5253593029351314                 
5       6              0.520487016459216                  
1       4              0.5184068033185423                 
3       16             0.5175127171484273                 
31      40             0.5124611403360748                 
13      40             0.5124611403360718                 
1       38             0.4634684843727209                 
32      40             0.4466188805324208                 
45      51             0.44559012297374884                
26      48             0.4420726728481788                 
37      44             0.43808547725891145                
38      39             0.4329880052244715                 
20      51             0.43033347692351254                
20      49             0.4253172049335341                 
12      43             0.4234873940214743                 
19      24             0.42269127054681055                
20      21             0.4219664492167604                 
40      51             0.4147848107761422                 
25      26             0.4075411562934569                 
22      47             0.39939986635169505                
3       19             0.39626863320481476                
45      50             0.3939897009683742                 
1       6              0.3896317022385972                 
1       51             0.38681979559534363                
7       9              0.38641303756843626                
4       28             0.38609252998146637                
20      32             0.3814800092920078                 
2       42             0.37064133916357933                
14      30             0.36705570604793125                
14      23             0.36413697470013484                
23      30             0.36413697470012846                
37      45             0.35589229828684776                
33      43             0.35286374255220976                
2       51             0.35084844334530474                
26      30             0.3407186730277585                 
14      26             0.34071867302775455                
23      26             0.3392371810923818                 
6       39             0.33496359267867626                
5       38             0.3342932966259809                 
37      47             0.33323088312086097                
14      48             0.3310094559129236                 
30      48             0.3310094559129217                 
1       46             0.32693084219209195                
21      32             0.32274590635557165                
23      48             0.3226320488311705                 
16      43             0.3220125106475893                 
2       49             0.31866018626477977                
6       46             0.3087612822645391                 
3       20             0.30544637908468425                
16      42             0.3037232795513093                 
8       30             0.30213831046480255                
8       14             0.30213831046480166                
5       8              0.3016703070534983                 
8       23             0.2932787413299144                 
8       26             0.29006833528654874                
4       34             0.28915222816566094                
16      19             0.2819333560342076                 
2       21             0.2786913752915293                 
44      47             0.27847845454936715                
8       9              0.2772727443765297                 
20      34             0.27191836840638367                
1       42             0.2704574705347025                 
9       10             0.2691866203778298                 
16      45             0.2677476130817755                 
38      46             0.2664702887872                    
8       48             0.2651486691520307                 
16      49             0.26366274757950536                
4       11             0.2630742578937334                 
24      38             0.26094392877305594                
16      47             0.25801841045096763                
24      26             0.25750968417733183                
24      39             0.2555095398633042                 
16      41             0.25515002832341444                
23      47             0.2529592752153055                 
43      46             0.250950707700395                  
30      47             0.25089187676562225                
14      47             0.2508918767656206                 
46      51             0.24923826606166138                
19      33             0.2441932578876066                 
18      27             0.24267113832351647                
18      36             0.242671138323516                  
18      35             0.24267113832351164                
27      29             0.2424180972649916                 
29      36             0.24241809726499108                
29      35             0.24241809726499083                
15      29             0.24236770264045746                
15      35             0.24139379104430014                
15      36             0.24139379104429506                
15      27             0.241393791044295                  
16      46             0.24109814996445422                
35      36             0.2408421735303096                 
27      36             0.24084217353030948                
27      35             0.24084217353030896                
11      20             0.2400614766600605                 
49      51             0.23961081056594735                
15      18             0.23949660996294633                
18      29             0.23675029997075805                
17      29             0.23187277399485803                
8       47             0.23027830411921496                
17      35             0.2299188623647372                 
17      36             0.22991886236473072                
17      27             0.22991886236473053                
26      47             0.22834117936010045                
15      17             0.2281812654802321                 
7       8              0.22801766396583087                
17      18             0.2278256100902994                 
47      48             0.22717387497288688                
4       51             0.22452156481026303                
6       24             0.21838808675340937                
32      46             0.21835935141597757                
14      22             0.21203118584351832                
22      30             0.21203118584351632                
38      51             0.20978493656067498                
19      42             0.2089389295166043                 
46      47             0.20811681579507085                
22      23             0.20779595233187775                
47      51             0.20736878138049636                
15      25             0.2073426037453353                 
25      27             0.2052006041259055                 
25      36             0.20520060412590457                
25      35             0.205200604125903                  
3       21             0.2039173787689904                 
25      29             0.2010073936159057                 
12      42             0.2002438057908673                 
18      25             0.19988162173867197                
7       10             0.19823838912571448                
37      51             0.19716515286853098                
17      25             0.19552132679030024                
10      15             0.19102143775945174                
10      35             0.18927280430017365                
10      27             0.18927280430017146                
10      36             0.18927280430017135                
46      50             0.18872467174990748                
10      29             0.18761577324863746                
21      38             0.18727094892852758                
41      48             0.18645072091691678                
6       37             0.18171639965634684                
47      50             0.18166446573314143                
24      48             0.18135577354171145                
20      24             0.18120090600429917                
42      49             0.18117498138288135                
12      19             0.18064792329630402                
10      18             0.1804666845575607                 
23      41             0.1801196355995412                 
8       41             0.17911844066715038                
2       6              0.17885181674731276                
43      49             0.17870795691155883                
28      39             0.17501818170318384                
14      39             0.1722303299988442                 
30      39             0.17223032999884236                
23      39             0.17186379893472203                
6       51             0.1693838098211209                 
21      34             0.16894857751699877                
25      48             0.16714465266403372                
37      50             0.16678567785658782                
10      17             0.16494689714449                   
44      46             0.16465790647286183                
4       7              0.16362052649666                   
17      28             0.16359310442947145                
5       24             0.16238277976718285                
24      33             0.15870886443927779                
3       42             0.15838312213782024                
30      41             0.1580189319686372                 
14      41             0.15801893196863614                
14      24             0.15750614453644518                
24      30             0.15750614453644435                
22      26             0.15675733071088999                
23      24             0.15599087907009573                
10      25             0.1557226472770418                 
28      35             0.15510181108609522                
28      36             0.15510181108609486                
27      28             0.15510181108609195                
2       40             0.1545796821784684                 
11      42             0.15452878611192666                
1       8              0.15417958107752688                
11      40             0.1538961621598684                 
34      47             0.15314712462114                   
37      38             0.15290700525485645                
8       22             0.15246429365000003                
26      39             0.15111730150607222                
28      29             0.14974859239343696                
15      28             0.149741182080823                  
39      48             0.14685769020897516                
7       27             0.1463905358080222                 
7       36             0.14639053580802205                
7       35             0.14639053580801986                
7       29             0.14615433426482877                
30      34             0.14450700613197465                
14      34             0.14450700613197465                
11      47             0.1442961765271794                 
9       27             0.14289725667432507                
9       36             0.14289725667432485                
9       35             0.14289725667432354                
9       29             0.14280171077317894                
1       11             0.14132718510697173                
23      34             0.14074938152397232                
34      40             0.14019103544657702                
6       50             0.13939247036853109                
11      21             0.13832343501484956                
22      48             0.13815067144799098                
7       15             0.1378473738672645                 
18      28             0.13763747305959945                
25      28             0.13745204198661667                
2       4              0.13697909011286108                
1       34             0.13617579735458618                
8       39             0.13570981237499208                
9       15             0.13524616299856657                
21      41             0.13502154514746412                
3       48             0.13381954868080992                
32      49             0.13353565917197652                
7       18             0.13246524747530963                
9       18             0.13046693835481912                
6       21             0.13037433449450964                
7       25             0.12888288205747678                
11      30             0.12764201269336728                
11      14             0.12764201269336506                
26      41             0.12746335509184298                
5       30             0.12652950493952636                
5       14             0.12652950493952536                
28      43             0.12585590223095272                
9       17             0.12487375845438337                
32      42             0.124547351793243                  
11      23             0.12376098709595912                
5       28             0.12368979402164865                
9       25             0.12356090749773505                
8       11             0.12327663396145577                
5       23             0.12257096602444617                
7       17             0.12197406098193536                
5       26             0.12157519167986353                
12      24             0.12013086289564934                
6       7              0.11913461030680267                
10      11             0.11893874261248194                
4       9              0.11889008880398749                
34      42             0.11691237471605465                
22      44             0.11620793268330581                
24      25             0.11480673588516194                
26      34             0.11437288715881372                
22      45             0.11420757312638447                
10      43             0.1138391671221155                 
8       24             0.11313824696360475                
13      16             0.11204653637379902                
16      31             0.11204653637379841                
3       13             0.10918145893096476                
3       31             0.10918145893096293                
1       43             0.10849420294894152                
19      20             0.10835657637433316                
5       48             0.10678502433283255                
34      48             0.10651025473073311                
10      28             0.10558997413847779                
27      37             0.10484807542751026                
36      37             0.10484807542751001                
35      37             0.1048480754275099                 
11      26             0.1030439433532746                 
15      37             0.10192111858003636                
16      50             0.10108663123795542                
11      48             0.09941508023602047                
24      43             0.09936410427144804                
29      37             0.0988091380902367                 
8       34             0.09837667879972983                
16      44             0.09807899094644212                
26      42             0.09720323054999747                
2       38             0.09369130310776053                
3       7              0.09337701106979512                
28      37             0.09260034917302395                
18      37             0.09186818764428423                
20      42             0.09182933525476161                
16      51             0.08987103882575159                
2       3              0.08827996559488205                
41      47             0.08727664980818683                
42      48             0.08660148920432498                
6       40             0.08642195140347053                
19      41             0.08395396891241363                
45      47             0.08375653465326682                
17      37             0.08194994600384306                
5       34             0.08179188100809737                
34      51             0.07995873949903204                
19      21             0.07930983140220393                
34      39             0.07794391295170089                
13      43             0.07787572575928037                
31      43             0.07787572575928037                
9       41             0.07697780664846868                
7       28             0.07686315483555284                
9       28             0.07501568732770472                
13      32             0.07378733890040112                
31      32             0.07378733890040057                
22      34             0.07364400898355483                
1       45             0.07236504170950597                
20      33             0.07069720689818154                
39      47             0.07061781122522703                
41      42             0.0697939250003261                 
11      39             0.06835207590351167                
6       9              0.06796621078317339                
3       23             0.06677684072609241                
11      51             0.0663561763439795                 
1       21             0.06363402165024035                
5       11             0.061769379397111634               
5       41             0.06062126815431851                
14      42             0.060460230494893574               
30      42             0.060460230494892575               
38      40             0.06030032669527596                
3       9              0.059513796038230565               
23      29             0.05791756659249028                
3       50             0.05755586313722244                
14      29             0.05694932115914736                
29      30             0.056949321159147165               
23      35             0.05672464249175552                
23      36             0.05672464249175438                
23      27             0.056724642491754074               
7       16             0.05614521600721156                
15      30             0.0556739257361715                 
14      15             0.05567392573617047                
14      35             0.05524864778322275                
30      35             0.05524864778322133                
14      27             0.05524864778322103                
14      36             0.05524864778322083                
30      36             0.055248647783220695               
27      30             0.05524864778322042                
5       47             0.055164296409006774               
19      28             0.05477197514508053                
17      24             0.05474468032697166                
19      43             0.05431639097651886                
15      23             0.05407527199090292                
23      42             0.05259151655891686                
18      30             0.05057534630692492                
14      18             0.05057534630692426                
19      37             0.050496195304636615               
10      37             0.04986715599257788                
2       5              0.04912865399703714                
18      23             0.04905755970541195                
3       14             0.04770603417627667                
3       30             0.047706034176276335               
34      44             0.046369287106404145               
24      49             0.046046836934147684               
32      45             0.04470980176575701                
11      22             0.04366422104552575                
24      41             0.04308371239496517                
38      50             0.04212404759296706                
6       43             0.04128851717155957                
17      30             0.03857938010560147                
14      17             0.03857938010560075                
7       37             0.03807806466304389                
43      45             0.03770112293505534                
32      36             0.03750326182677635                
32      35             0.03750326182677452                
27      32             0.03750326182677441                
38      43             0.036726997207977896               
7       41             0.03642720893959639                
17      23             0.036393987026683644               
11      41             0.036266418755525276               
9       37             0.03594201178736467                
12      20             0.03490519939054576                
25      37             0.0339528405083559                 
40      45             0.0338280395685408                 
11      44             0.03281033431129321                
33      50             0.0323102827160926                 
32      47             0.031851242216814624               
41      46             0.03140635889833815                
8       42             0.031220795613964847               
39      41             0.02987685113742411                
1       12             0.02951534681173895                
29      32             0.029386203075061235               
15      32             0.02885780105984148                
21      42             0.028531930477606937               
27      48             0.027757801219096823               
36      48             0.02775780121909674                
35      48             0.02775780121909663                
8       10             0.026979399620682187               
29      48             0.02593203852886236                
18      19             0.025347747552710187               
15      26             0.025052299326956573               
3       37             0.02391375013685404                
32      38             0.023522708653168856               
23      25             0.02320537152582433                
42      51             0.02314317765510676                
26      35             0.02298522079465612                
26      36             0.022985220794648542               
26      27             0.022985220794647626               
34      41             0.022885225216388916               
24      47             0.022827624729064244               
15      48             0.022780028548477632               
9       16             0.02258939913838201                
3       8              0.021619818772194987               
25      30             0.019369312313972875               
14      25             0.019369312313965742               
4       45             0.019015391770870416               
10      41             0.01892974210810336                
19      25             0.018861202824854817               
26      29             0.018673668283245654               
33      42             0.01772421897084142                
4       32             0.01725613542843929                
18      48             0.016591440559197784               
1       33             0.01654219238688237                
1       7              0.016448670586339476               
17      32             0.01592950376485308                
19      49             0.01576500015201221                
15      46             0.01572294056534909                
22      27             0.0157228955905786                 
22      36             0.015722895590578295               
22      35             0.01572289559057516                
15      22             0.014850562566211561               
18      46             0.014736284914495135               
21      23             0.014600733835316348               
14      21             0.013974560719950124               
21      30             0.013974560719947071               
19      29             0.01373971974646393                
22      29             0.013709448499597349               
3       47             0.013533271734167795               
27      46             0.011366888901766237               
36      46             0.011366888901765931               
35      46             0.01136688890176582                
18      26             0.011342661446914343               
29      46             0.01072431596918294                
8       21             0.009439442706038137               
1       49             0.00879428247216174                
18      32             0.008497830481332291               
5       7              0.008362458783323923               
17      46             0.008258517209637495               
17      26             0.008095283200741737               
21      24             0.007684175939717819               
17      48             0.0071102006430095455              
22      39             0.0058337640629620435              
10      30             0.005519157897951654               
10      14             0.0055191578979501                 
18      22             0.004318200216723883               
1       19             0.0036433740477893606              
19      32             0.0035264239749895343              
10      23             0.003234688504685168               
21      39             0.002667407318237669               
13      39             0.0020164424051756225              
31      39             0.0020164424051715146              
21      26             0.0016703915265837144              
17      40             0.0016150185646786608              
16      37             -0.00015050455153181597            
22      24             -0.0008265338352224649             
7       46             -0.00131965083882582               
17      22             -0.0021043254473850637             
9       46             -0.002163439991902355              
3       26             -0.0035621389827631966             
2       41             -0.003598246758080903              
27      44             -0.00429613570842613               
36      44             -0.004296135708426269              
35      44             -0.004296135708426324              
37      49             -0.0043843313662806915             
15      40             -0.004705942776030536              
4       6              -0.004730560663777583              
15      44             -0.0049925387958295875             
1       14             -0.005696034131776939              
1       30             -0.005696034131777161              
27      40             -0.005904167328281806              
36      40             -0.005904167328282084              
35      40             -0.005904167328282139              
20      47             -0.006426023380222912              
18      40             -0.0067022415800390145             
25      46             -0.007490727306488865              
29      40             -0.007747886712952207              
29      44             -0.00793011497031798               
19      27             -0.00874065967324647               
19      36             -0.008740659673246887              
19      35             -0.008740659673247247              
2       50             -0.009741370690206419              
21      48             -0.00989514432580657               
26      46             -0.010063109972996642              
1       23             -0.010285973386563507              
33      38             -0.010574935467169477              
45      46             -0.011670858512609128              
15      19             -0.012984743760549977              
17      44             -0.013077485211521328              
2       20             -0.014126843552768331              
1       13             -0.014318948206792081              
1       31             -0.014318948206792526              
12      40             -0.014397529148028887              
10      48             -0.014628267631784014              
15      31             -0.014715952419282419              
13      15             -0.014715952419282557              
13      29             -0.015054692663510477              
29      31             -0.015054692663511587              
10      46             -0.015240695701702556              
9       14             -0.015591473476835593              
9       30             -0.015591473476835732              
13      18             -0.015973477728061403              
18      31             -0.015973477728062846              
7       30             -0.01607539629319088               
7       14             -0.016075396293191296              
27      31             -0.016185123655679534              
13      35             -0.016185123655679673              
31      35             -0.0161851236556797                
31      36             -0.0161851236556797                
13      27             -0.016185123655681782              
13      36             -0.016185123655681866              
18      44             -0.016265943262821908              
12      50             -0.0168222731190813                
20      35             -0.01818917068387832               
20      27             -0.01818917068387857               
20      36             -0.018189170683878653              
22      41             -0.01832310997090797               
32      44             -0.01969577598836425               
20      29             -0.02004806853555366               
15      45             -0.02079293344041705               
27      45             -0.02125916815058293               
36      45             -0.02125916815058318               
35      45             -0.021259168150583235              
10      26             -0.021884994642741906              
15      20             -0.022369966297262484              
5       22             -0.022525082788055206              
9       23             -0.02257144990738863               
29      45             -0.022650817040442306              
8       29             -0.022697612253173072              
22      25             -0.0233720314506006                
8       35             -0.023541917136235962              
8       27             -0.023541917136236462              
8       36             -0.023541917136236518              
18      20             -0.024458417218781642              
8       43             -0.024923941031369468              
13      17             -0.02516218798631495               
17      31             -0.02516218798631667               
32      43             -0.02519923467350338               
7       23             -0.02552305281113451               
25      32             -0.025594138654638304              
1       9              -0.0258188895239016                
28      46             -0.025851002327041517              
4       10             -0.026967223062756035              
33      40             -0.027340263758957817              
10      22             -0.027609475832797936              
2       25             -0.027930853573909953              
17      19             -0.0281772898528872                
18      45             -0.028196377357445096              
8       15             -0.02826376473849629               
23      43             -0.02848566185520529               
17      41             -0.02887914626158214               
7       26             -0.02904242335896573               
4       39             -0.029098049246854052              
9       26             -0.030276111400163508              
17      45             -0.03131913564462474               
12      38             -0.0314366368162623                
34      50             -0.032203588563714414              
8       18             -0.03280365943515259               
11      50             -0.033203553141557984              
25      42             -0.03344672839670798               
2       47             -0.03377814700919851               
5       9              -0.03420516619274824               
4       8              -0.03427834344330427               
13      38             -0.034614079997911607              
31      38             -0.03461407999791216               
2       26             -0.03470198694811655               
1       5              -0.035388639541054645              
39      40             -0.03539900546006958               
10      32             -0.03549688392546335               
40      44             -0.0357687113530083                
7       13             -0.03600560720851892               
7       31             -0.036005607208519086              
3       4              -0.036919795978270886              
31      46             -0.03850298760934728               
13      46             -0.03850298760934745               
17      20             -0.03872886997893091               
9       48             -0.03880603423023188               
21      22             -0.03969537182122124               
8       25             -0.04012752081769666               
10      13             -0.040550189488197774              
10      31             -0.04055018948819805               
10      20             -0.04086781473000642               
38      49             -0.040875899991282605              
8       17             -0.04199797048250639               
25      31             -0.042608837204256955              
13      25             -0.04260883720425715               
3       10             -0.04264870384520261               
1       26             -0.04280972058923599               
9       13             -0.043076849833844716              
9       31             -0.043076849833844744              
7       48             -0.043511285182180975              
15      38             -0.04356934268170232               
10      44             -0.04369888948622089               
2       8              -0.044021520854689966              
16      38             -0.044543758273466294              
10      34             -0.04467960000063362               
14      28             -0.044823772779115145              
28      30             -0.04482377277911892               
10      19             -0.04488473424335346               
4       49             -0.045962820885875055              
30      46             -0.045982159519774746              
14      46             -0.04598215951977577               
33      35             -0.04601958461621633               
33      36             -0.04601958461621769               
27      33             -0.046019584616217996              
9       22             -0.04613083955923353               
7       22             -0.04662228725011178               
23      46             -0.04670264710613736               
15      41             -0.047117733680506646              
30      43             -0.04776197283111888               
14      43             -0.047761972831120936              
25      40             -0.048183198534961225              
5       21             -0.048859788629606715              
24      46             -0.04896881499715827               
15      33             -0.04932478347282254               
12      41             -0.04954242755860783               
39      49             -0.04973571057087045               
23      28             -0.05018091237242328               
27      38             -0.05027225368831442               
36      38             -0.05027225368831467               
35      38             -0.050272253688314755              
43      48             -0.050982467034442314              
12      27             -0.05102904719872378               
12      36             -0.051029047198724226              
12      35             -0.05102904719872581               
25      44             -0.051050808496877015              
2       39             -0.0516291823967015                
10      40             -0.05191529586305871               
9       42             -0.05199125899666951               
29      33             -0.052386912185750506              
9       12             -0.05253673356384575               
29      38             -0.05314442832788058               
16      32             -0.05334262534871198               
10      45             -0.05441321441804403               
20      25             -0.055012078442490425              
9       32             -0.055235728321172906              
12      29             -0.05606442639348291               
2       11             -0.056100686357206886              
28      31             -0.05613367543100112               
13      28             -0.056133675431002616              
3       32             -0.056247973705092214              
24      45             -0.05625837987605403               
17      33             -0.05636968880475682               
12      17             -0.05649245171530723               
12      15             -0.05693022739043771               
25      50             -0.057256466433573405              
3       15             -0.05738219720265822               
26      28             -0.057457192911833155              
25      45             -0.0576781663485095                
39      45             -0.05815965300419146               
16      40             -0.05922828478631087               
18      41             -0.0593262714390663                
7       44             -0.059679509565534555              
21      37             -0.059718008411071444              
3       17             -0.06006664426142408               
17      34             -0.06061079198839614               
42      47             -0.06070578229150281               
9       44             -0.0608036803850992                
4       35             -0.06144636766142755               
4       27             -0.06144636766142886               
4       36             -0.06144636766142891               
12      37             -0.06176197429246205               
4       21             -0.06239218831477744               
7       32             -0.06255015409800035               
4       29             -0.06292574333668702               
16      17             -0.06295729481298018               
24      34             -0.0636875493930869                
1       48             -0.06393126797026716               
31      37             -0.06393432383948394               
13      37             -0.06393432383948539               
2       19             -0.06393543942373475               
1       44             -0.0643202920905187                
18      42             -0.0646948917202391                
7       40             -0.06486034721584893               
46      48             -0.06501794189126572               
17      38             -0.06607525341509213               
5       31             -0.06665586499524806               
5       13             -0.06665586499524884               
9       20             -0.06667883125783525               
4       15             -0.06670232351476771               
26      43             -0.0668191309311672                
42      50             -0.06684292435260702               
15      16             -0.06721465796148762               
22      49             -0.06736697992584728               
1       16             -0.06765229249700905               
2       34             -0.06773922410681776               
3       27             -0.06824564975473588               
3       36             -0.06824564975473602               
3       35             -0.06824564975473632               
3       6              -0.06880087636927962               
6       22             -0.06881307250755037               
33      37             -0.06910839197758417               
9       40             -0.06928926314294703               
18      33             -0.06934814370347081               
18      38             -0.06947005858709618               
7       20             -0.06949194686423713               
6       31             -0.07010332149389781               
6       13             -0.07010332149389847               
7       19             -0.07010588090602443               
9       19             -0.07038515649980068               
11      24             -0.07046406983971759               
3       18             -0.0706858300150682                
4       18             -0.07079176059911063               
21      51             -0.07204145119988492               
9       45             -0.07236550486269216               
12      18             -0.07251131813707384               
6       12             -0.07255952349389161               
7       45             -0.07261741163327165               
43      44             -0.07312147138007846               
2       7              -0.0734632462699715                
28      32             -0.07373591871488211               
28      48             -0.07447458565924042               
4       17             -0.07488902070463649               
39      42             -0.07515143411177455               
20      41             -0.07584938010876013               
12      25             -0.07587407232561727               
1       39             -0.0762879213288985                
3       29             -0.0763193627437716                
10      12             -0.07714120114139181               
25      33             -0.07762957082801719               
16      20             -0.07784471573787516               
6       16             -0.0779663936092781                
37      46             -0.07870320671998424               
2       44             -0.07872259913068003               
2       10             -0.07912345216983196               
15      47             -0.07929496873198419               
4       25             -0.07979527552344712               
3       39             -0.08046884537760718               
2       12             -0.08049158143544427               
16      21             -0.08067001284405839               
20      44             -0.08077089388088798               
16      27             -0.08146728349090743               
16      36             -0.08146728349090765               
16      35             -0.08146728349090832               
6       18             -0.08159010977860487               
22      42             -0.08191645006045173               
10      33             -0.08286090159519705               
5       45             -0.08368266570946337               
3       25             -0.08382740227053259               
15      24             -0.08492009677452872               
22      28             -0.08497417534525009               
27      47             -0.08521135582714681               
36      47             -0.0852113558271472                
35      47             -0.08521135582714731               
4       44             -0.08538569982338967               
29      47             -0.08574287040061915               
6       10             -0.08586392318766323               
7       47             -0.08587820844021105               
11      17             -0.08625285676669017               
3       5              -0.08675430145483115               
24      27             -0.08678945306101626               
24      36             -0.08678945306101654               
24      35             -0.08678945306101993               
10      16             -0.08746526544200428               
22      46             -0.08767790279744017               
10      38             -0.08792051457159489               
1       25             -0.08805030536443298               
4       19             -0.08838576958656691               
30      37             -0.08843021251968816               
14      37             -0.08843021251968958               
23      37             -0.08856847933631751               
7       12             -0.08895496965433447               
31      41             -0.08896241722621712               
13      41             -0.08896241722621928               
16      29             -0.0891003567382091                
11      43             -0.09040160860178825               
19      50             -0.09047372702773099               
29      42             -0.09053602686131965               
38      45             -0.09116169697594839               
6       49             -0.09118536514307307               
1       24             -0.09137292977407951               
22      31             -0.09139554956773732               
13      22             -0.09139554956773743               
34      46             -0.09142921998641207               
8       19             -0.09145050161001914               
25      51             -0.09251669912183097               
2       33             -0.09252384613149317               
2       9              -0.09287703324160665               
16      18             -0.09310525728237135               
3       24             -0.09324733741947477               
5       25             -0.09341449085797232               
34      45             -0.09366001824740744               
42      44             -0.09366186649328578               
24      29             -0.09417031502186393               
17      47             -0.09428808455657686               
27      41             -0.09493232851437797               
36      41             -0.09493232851437808               
35      41             -0.09493232851437819               
9       47             -0.09586594276607929               
2       14             -0.09694581840760724               
2       30             -0.09694581840760774               
7       39             -0.09801362396268462               
8       46             -0.09811652601982157               
18      34             -0.09855661058935744               
6       33             -0.09857409473784651               
10      47             -0.09892572088683318               
8       28             -0.09939830365533395               
24      28             -0.10005288443434401               
48      51             -0.10083169946395837               
21      44             -0.1009489603331693                
4       5              -0.10162996607699049               
5       20             -0.10193932699333491               
18      47             -0.10260132059237545               
19      38             -0.10269507974681963               
21      45             -0.10318261748521762               
19      34             -0.10378592030835543               
21      33             -0.10393887935658208               
34      37             -0.10404263352354559               
5       42             -0.10410437163239239               
11      46             -0.10415183120327859               
7       43             -0.10479087062848921               
28      45             -0.10486116327058326               
18      24             -0.1049517418145465                
11      16             -0.10529406642384753               
31      45             -0.10606767751167878               
13      45             -0.10606767751168084               
42      45             -0.10609315900235838               
16      34             -0.10676820838053325               
28      40             -0.10727183384728872               
38      42             -0.10841260250599072               
9       39             -0.10873808879023528               
11      45             -0.10923106597669657               
40      50             -0.10947306976414256               
2       23             -0.10977086083355053               
29      41             -0.11129876505539388               
20      22             -0.11176008184670044               
37      48             -0.11197023065683065               
24      50             -0.11248583935813455               
20      28             -0.11255572104277817               
6       42             -0.11313409456274981               
11      19             -0.11356093159126573               
33      39             -0.11393280988739674               
1       10             -0.11414771911379662               
9       33             -0.11504222526112731               
1       32             -0.11576580468800712               
12      45             -0.11578374496258215               
21      43             -0.11600484904935748               
25      47             -0.11647202169373638               
3       28             -0.1165436135949025                
34      43             -0.11688132661832601               
11      18             -0.1172332828902235                
33      45             -0.11740336736780044               
1       29             -0.11762610173726254               
5       18             -0.11829643071178786               
19      48             -0.11847528471976715               
12      21             -0.11935851967226752               
2       17             -0.1197877551236852                
5       49             -0.12108111639117092               
3       11             -0.12128114880683094               
16      25             -0.12195045333445162               
7       33             -0.12222213995420353               
6       8              -0.12233907703171124               
6       45             -0.12241181067253426               
9       11             -0.12261257052854202               
18      21             -0.12287522588887229               
32      37             -0.12342698229578661               
2       45             -0.12354786141121887               
19      23             -0.12398607813189588               
24      42             -0.12453227007082007               
25      38             -0.1267690965393441                
8       13             -0.1269363725402908                
8       31             -0.12693637254029097               
22      38             -0.1272991885063629                
5       15             -0.12730797783849268               
10      21             -0.12771314159296018               
25      39             -0.12814026998440994               
22      43             -0.12824880952661832               
9       38             -0.1287596175001446                
17      43             -0.12899206811499095               
4       38             -0.12903664867636605               
19      30             -0.12904416957575776               
14      19             -0.1290441695757582                
11      37             -0.12928787907870531               
27      42             -0.12943400544509928               
36      42             -0.12943400544509964               
35      42             -0.12943400544509967               
5       29             -0.12965124446905943               
34      36             -0.12969676195699403               
27      34             -0.12969676195699545               
34      35             -0.12969676195699645               
5       17             -0.12988006309997635               
19      26             -0.1299399580218409                
8       37             -0.13001057497438653               
29      34             -0.13085219980956292               
3       49             -0.1309352315954196                
40      43             -0.13109718188131125               
16      28             -0.13114689296228133               
15      34             -0.13115648231527252               
7       38             -0.13119581193109106               
26      37             -0.13120737006969843               
48      50             -0.13192774166120422               
33      51             -0.132227969746477                 
31      42             -0.13228089062987802               
13      42             -0.13228089062987897               
32      41             -0.13254755288900932               
1       15             -0.1328406203982281                
10      24             -0.1328971868589177                
1       27             -0.13295082885743167               
1       36             -0.13295082885743198               
1       35             -0.1329508288574322                
5       35             -0.13302580572942518               
5       27             -0.1330258057294261                
5       36             -0.13302580572942635               
22      33             -0.13317683708947275               
7       49             -0.13323202610883123               
9       43             -0.13374396829458932               
33      41             -0.13391182141967806               
43      50             -0.13467934594828834               
21      47             -0.13544096944785589               
5       12             -0.1355951833711289                
12      22             -0.1356771027727609                
6       27             -0.1359679990004232                
6       36             -0.1359679990004234                
6       35             -0.13596799900042367               
6       15             -0.13644296591036942               
40      47             -0.13665232743285854               
3       46             -0.13703519431669464               
22      50             -0.137118722973332                 
19      44             -0.13715214819209995               
37      42             -0.13744031668603135               
15      39             -0.13759586273500737               
20      48             -0.13764785708478824               
29      39             -0.13795432042971478               
5       10             -0.13905135324330242               
6       29             -0.13910279382929744               
27      39             -0.13930554791933586               
36      39             -0.13930554791933608               
35      39             -0.1393055479193362                
20      39             -0.13933369048477584               
4       24             -0.13941254725532826               
42      46             -0.13966633863118816               
7       11             -0.13969605630121246               
27      51             -0.13981425345090215               
36      51             -0.13981425345090248               
35      51             -0.13981425345090262               
11      25             -0.13997912136746823               
18      39             -0.14019794604338157               
25      34             -0.14111432235775112               
22      51             -0.14132931739289445               
16      26             -0.14179987934545432               
12      49             -0.14192098327945601               
1       3              -0.14217597930711762               
27      50             -0.1425797604295452                
36      50             -0.1425797604295455                
35      50             -0.14257976042954562               
23      44             -0.14259785443109704               
3       44             -0.1429537488807168                
10      39             -0.1430876096823157                
11      15             -0.14323802463470064               
30      32             -0.1433754598051899                
14      32             -0.14337545980519018               
15      51             -0.14385340595711715               
9       34             -0.14401852136455506               
17      42             -0.1443382056142767                
11      29             -0.14441759985532962               
5       37             -0.14450803622761837               
11      27             -0.1449953570789087                
11      36             -0.14499535707890887               
11      35             -0.14499535707890915               
33      49             -0.14536115668907856               
14      44             -0.1454001727735448                
30      44             -0.1454001727735467                
6       32             -0.14605661456427282               
7       34             -0.1463496601753993                
39      46             -0.14638584166150082               
48      49             -0.14658693726441868               
17      39             -0.14743792771914171               
10      49             -0.14776532256286873               
43      51             -0.14785197964241042               
9       49             -0.14862209009070107               
11      28             -0.14868550872016506               
39      43             -0.1491043280605342                
23      32             -0.14951268173448587               
5       40             -0.15001648452663968               
1       47             -0.15013328308787438               
5       33             -0.15076077038650587               
3       34             -0.15120458203142012               
28      44             -0.15166491068749227               
5       43             -0.1516738857887573                
1       17             -0.1516886203428438                
13      21             -0.15205710708432857               
21      31             -0.15205710708432985               
16      22             -0.15218668058297466               
8       16             -0.15255942511226436               
15      42             -0.15304452120949394               
1       41             -0.1535363279583054                
9       24             -0.15375913329211072               
29      51             -0.15392223147699055               
4       47             -0.15393182017060553               
29      50             -0.15463575607672447               
16      23             -0.1546541093172875                
15      50             -0.15471044188057514               
6       17             -0.15514850803460623               
25      41             -0.15527614115396288               
7       21             -0.15586845529509424               
14      16             -0.15623954802772289               
16      30             -0.1562395480277233                
31      48             -0.15681635050441475               
13      48             -0.1568163505044162                
10      42             -0.15685198456107416               
13      23             -0.1568933648980885                
23      31             -0.15689336489808903               
31      44             -0.15722395336569064               
13      44             -0.15722395336569256               
13      19             -0.15732532486396575               
19      31             -0.1573253248639662                
31      49             -0.1573840166403519                
13      49             -0.15738401664035223               
3       43             -0.15760291873725457               
20      46             -0.15817925963343732               
18      49             -0.15829462525903915               
14      31             -0.15994700280048732               
13      30             -0.1599470028004877                
13      14             -0.1599470028004878                
30      31             -0.15994700280049043               
39      44             -0.16046734290285947               
44      48             -0.1604806671498434                
7       24             -0.16096146069083378               
40      49             -0.16132555090135897               
17      51             -0.16162804461659533               
9       21             -0.16278745058263208               
27      43             -0.16288776343232705               
35      43             -0.1628877634323274                
36      43             -0.1628877634323275                
46      49             -0.16340574121512813               
28      34             -0.16404891044065129               
4       48             -0.16430109277370128               
6       48             -0.16448576982929405               
18      51             -0.16484659480899427               
12      39             -0.16531816834092672               
6       11             -0.16543305355571275               
10      50             -0.16557873659517114               
12      51             -0.1656580384616138                
6       26             -0.166004687573515                 
9       51             -0.16633409957817868               
6       20             -0.16644313138368733               
6       34             -0.16662086300346562               
29      43             -0.1671157638807286                
33      47             -0.1675126424670237                
13      26             -0.16755651831481136               
26      31             -0.16755651831481364               
32      48             -0.1678966416767112                
7       51             -0.16870340496432318               
37      40             -0.16871363618187188               
23      40             -0.168793007870303                 
41      49             -0.1689682603406723                
24      44             -0.16914347887235748               
2       48             -0.16936463650748362               
47      49             -0.16947795934392523               
17      21             -0.17001244993201983               
9       50             -0.17077869293650788               
26      44             -0.17083025377131186               
30      40             -0.17083557574534325               
14      40             -0.17083557574534514               
38      44             -0.1710275677481609                
7       50             -0.1711215562269378                
20      43             -0.17134542562275978               
18      50             -0.17190189737906053               
17      50             -0.17282200008673865               
10      51             -0.17287939899787327               
6       25             -0.17322610351693338               
32      50             -0.17336421263343627               
16      48             -0.17349352036606375               
15      43             -0.17381116104569364               
1       18             -0.17392324654435415               
2       18             -0.1741289247499111                
24      37             -0.17440855831868385               
26      32             -0.17507635930284368               
18      43             -0.1760643314259807                
8       32             -0.17692463732354638               
4       16             -0.17727472076786727               
3       38             -0.17777112374852216               
5       50             -0.17810388043712427               
21      29             -0.17836620253655458               
23      45             -0.1797985209612216                
34      49             -0.17983016487107656               
1       50             -0.17985794753457102               
16      24             -0.18039992930112336               
1       2              -0.18071333968703207               
7       42             -0.18218291572312256               
14      20             -0.18295453567327777               
20      30             -0.18295453567327888               
14      45             -0.1831536247666387                
30      45             -0.18315362476664082               
20      23             -0.1841122755365035                
17      49             -0.1841283081936462                
4       37             -0.18494814115021505               
8       38             -0.1870385237173117                
4       26             -0.18759881378208362               
37      39             -0.1876956485666421                
3       45             -0.18780783038343338               
4       20             -0.18791516303524816               
1       22             -0.18805127957725404               
37      41             -0.18888349431791615               
28      41             -0.189092245053306                 
20      38             -0.18935198509301604               
28      38             -0.1893573420363143                
2       29             -0.1901059343578162                
6       41             -0.19066688832100187               
12      47             -0.19116281030297372               
2       35             -0.19144189987826196               
2       27             -0.191441899878262                 
2       36             -0.1914418998782622                
4       41             -0.19288807509888428               
26      50             -0.19304899091999608               
2       15             -0.1934951279824243                
4       14             -0.19412098895214275               
4       30             -0.19412098895214297               
8       44             -0.1942864998982893                
12      16             -0.1953975210348683                
40      48             -0.1955522630603248                
20      37             -0.1958315998994374                
4       23             -0.19587141477727693               
8       40             -0.19688810968153145               
28      42             -0.1970945489817557                
15      21             -0.19813569487441526               
20      26             -0.1985898108850095                
22      40             -0.19921446037531107               
5       46             -0.19964740358030236               
6       19             -0.2008462127579681                
45      48             -0.20155591565894582               
28      47             -0.20229184038827314               
29      49             -0.2023200749078004                
8       20             -0.20244586233312212               
11      49             -0.20259492400215495               
21      27             -0.20290236010777693               
21      36             -0.20290236010777712               
21      35             -0.20290236010777843               
3       12             -0.2029371198791819                
43      47             -0.20309942005227916               
1       20             -0.203937664629172                 
8       33             -0.2044581629248097                
26      40             -0.20487243689651466               
25      49             -0.20559040925603056               
3       33             -0.20590869940637255               
26      38             -0.20661416795500287               
5       44             -0.20662117573990965               
16      33             -0.2073985073705138                
41      50             -0.20756596235157204               
6       23             -0.2081794277465215                
40      42             -0.20835019031966273               
15      49             -0.209292195246848                 
28      49             -0.20932061733387086               
26      45             -0.20975504455274413               
4       46             -0.2100594200382208                
2       22             -0.21007507417389998               
38      48             -0.2101191038292642                
23      38             -0.21066065259161795               
25      43             -0.21160518055866678               
6       14             -0.2129745929306927                
6       30             -0.21297459293069287               
2       37             -0.21314526539599674               
33      46             -0.21356788079966774               
8       50             -0.21361618391366607               
2       13             -0.21445865775850567               
2       31             -0.21445865775850614               
40      46             -0.2158145606533614                
26      51             -0.21582320954533574               
21      46             -0.21617523318844994               
24      32             -0.21654299799845964               
14      38             -0.2172086885837243                
30      38             -0.21720868858372505               
5       19             -0.21873646604691385               
12      48             -0.21970865829771527               
27      49             -0.21998013166954203               
36      49             -0.21998013166954228               
35      49             -0.21998013166954236               
6       44             -0.220105108826188                 
16      39             -0.220514330357094                 
2       46             -0.2208342325806024                
8       51             -0.22150280099169894               
1       28             -0.221692621611321                 
28      50             -0.22170730329047503               
21      25             -0.22177152872664627               
12      30             -0.22322284091086                  
12      14             -0.22322284091086123               
19      22             -0.2242658738487179                
12      23             -0.22485612531022459               
33      48             -0.22645199516948677               
34      38             -0.22649587475471988               
8       45             -0.22666079476648893               
14      33             -0.22690205400352284               
30      33             -0.22690205400352365               
12      46             -0.2271061420705432                
12      26             -0.22723458145098166               
11      13             -0.22760394540281595               
11      31             -0.22760394540281614               
23      33             -0.22874593748444458               
5       32             -0.2292679984293852                
8       12             -0.23050698969362476               
3       22             -0.23063376432226174               
38      41             -0.23184118689123426               
26      33             -0.2342988992276061                
4       50             -0.23512494652686666               
20      31             -0.23651795188356087               
13      20             -0.23651795188356098               
5       51             -0.23721912913077725               
40      41             -0.2380532244251369                
20      45             -0.23915606976650805               
13      34             -0.24009651149915312               
31      34             -0.2400965114991539                
3       40             -0.24214171750763197               
8       49             -0.24421740724062335               
11      12             -0.2449083305383861                
13      24             -0.24500516152106694               
24      31             -0.24500516152106738               
41      45             -0.2456669060661233                
14      49             -0.2466890554519924                
30      49             -0.24668905545199257               
23      49             -0.24710841017739574               
6       28             -0.2478118223560456                
23      51             -0.2479242494235707                
1       37             -0.2479577535514317                
4       22             -0.24838651757458055               
23      50             -0.24892537594729747               
14      50             -0.24909591069214426               
30      50             -0.2490959106921448                
30      51             -0.24918759310828298               
14      51             -0.24918759310828306               
11      38             -0.2497756908488743                
24      51             -0.25138497321184444               
6       47             -0.25184938735925666               
4       12             -0.2531434500657598                
38      47             -0.25322507256890414               
39      50             -0.2539332008237552                
20      40             -0.2570466286463332                
28      51             -0.2572584086735782                
3       51             -0.2593054619395283                
19      47             -0.2606850713506806                
21      40             -0.2610588486522711                
4       33             -0.2614798388210325                
31      51             -0.26368817209003287               
13      51             -0.26368817209003487               
31      47             -0.26377539467916833               
13      47             -0.2637753946791688                
19      40             -0.26429768443761803               
26      49             -0.2661830781880581                
12      44             -0.26659620208044                  
41      44             -0.27097476795437436               
19      45             -0.276566541776343                 
13      50             -0.27860801193528995               
31      50             -0.27860801193529083               
33      44             -0.2830033300610727                
4       43             -0.2840978512767557                
11      33             -0.2848590935773363                
37      43             -0.28578701556237707               
19      39             -0.2858884930023027                
32      51             -0.2892632359974061                
12      34             -0.2952042724969517                
39      51             -0.2981630047640953                
11      32             -0.2988429390346253                
33      34             -0.3034548298275571                
4       42             -0.3075197317425946                
41      51             -0.310922193880952                 
5       16             -0.31530532360256214               
32      34             -0.31540532426822127               
2       32             -0.3261972445215427                
32      39             -0.33085926915341013               
21      28             -0.343771863350786                 
24      40             -0.35172735417508527               
