#======================================================================
# PARAMETERS USED FOR THIS COMPUTATION: 
#      Sequence type: RNA
#      Total number of sequences in alignment data: 4
#      Length of sequences in alignment data: 50
#      Effective number of sequences: 1.0
#      Value of sequence identity: 0.8
#      Value of relative pseudocount: 0.5
# The First and Second columns represent sites and the
# Third column is MFDCA Frobenius norm, average product corrected (APC) DCA score
#======================================================================
29      32             1.1158169669358426                 
18      25             1.005554797261851                  
18      34             1.0055547972618486                 
25      34             1.0055547972618486                 
25      27             1.0055547972618484                 
34      36             1.0055547972618482                 
27      30             1.005554797261848                  
18      27             1.005554797261848                  
27      36             1.0055547972618477                 
27      34             1.0055547972618475                 
30      36             1.0055547972618473                 
30      34             1.0055547972618468                 
18      36             1.0055547972618464                 
25      30             1.0055547972618464                 
25      36             1.0055547972618464                 
18      30             1.0055547972618455                 
25      29             0.8566478231280402                 
29      36             0.8566478231280393                 
29      30             0.8566478231280392                 
27      29             0.8566478231280386                 
18      29             0.8566478231280386                 
29      34             0.8566478231280379                 
17      28             0.02395689079044333                
17      33             0.023956890790442914               
17      31             0.02395689079044258                
17      37             0.023956890790442553               
3       5              0.023956890790442553               
16      28             0.02395689079044247                
16      33             0.023956890790442137               
16      37             0.02395689079044208                
16      31             0.023956890790441915               
15      28             0.023956890790441193               
2       4              0.023956890790441193               
9       10             0.023956890790441138               
1       2              0.02395689079044111                
15      16             0.023956890790441027               
15      33             0.023956890790440943               
6       8              0.023956890790440832               
15      31             0.02395689079044072                
15      37             0.02395689079044072                
3       4              0.02395689079044072                
49      50             0.023956890790440444               
42      49             0.02395689079044036                
35      49             0.02395689079044036                
42      47             0.023956890790440333               
39      49             0.023956890790440305               
38      47             0.023956890790440305               
40      49             0.023956890790440277               
42      50             0.023956890790440277               
39      47             0.023956890790440277               
43      44             0.023956890790440277               
35      44             0.023956890790440277               
35      47             0.023956890790440277               
40      45             0.02395689079044025                
40      47             0.02395689079044025                
41      47             0.02395689079044025                
41      49             0.02395689079044025                
42      46             0.02395689079044025                
35      45             0.02395689079044025                
38      46             0.02395689079044025                
38      49             0.02395689079044025                
43      47             0.02395689079044025                
43      49             0.02395689079044025                
35      46             0.02395689079044025                
35      50             0.02395689079044025                
21      24             0.02395689079044025                
14      33             0.023956890790440222               
42      48             0.023956890790440222               
41      50             0.023956890790440222               
42      44             0.023956890790440222               
38      45             0.023956890790440222               
38      48             0.023956890790440222               
35      48             0.023956890790440222               
43      50             0.023956890790440222               
14      28             0.023956890790440194               
41      45             0.023956890790440194               
39      45             0.023956890790440194               
40      46             0.023956890790440194               
40      50             0.023956890790440194               
39      44             0.023956890790440194               
39      50             0.023956890790440194               
43      45             0.023956890790440194               
43      48             0.023956890790440194               
38      50             0.023956890790440194               
10      15             0.023956890790440194               
40      48             0.023956890790440166               
41      48             0.023956890790440166               
42      45             0.023956890790440166               
39      48             0.023956890790440166               
40      44             0.023956890790440166               
41      46             0.023956890790440166               
39      46             0.023956890790440166               
38      44             0.023956890790440166               
43      46             0.023956890790440166               
14      37             0.02395689079044014                
41      44             0.02395689079044014                
7       8              0.02395689079044014                
21      22             0.02395689079044014                
10      33             0.02395689079044011                
10      28             0.023956890790440083               
5       12             0.023956890790440083               
21      23             0.023956890790440083               
14      31             0.023956890790440055               
40      43             0.023956890790440055               
42      43             0.023956890790440055               
35      39             0.023956890790440055               
38      43             0.023956890790440055               
35      38             0.023956890790440055               
35      43             0.023956890790440055               
40      42             0.023956890790440027               
38      40             0.023956890790440027               
38      41             0.023956890790440027               
39      43             0.023956890790440027               
35      41             0.023956890790440027               
35      42             0.023956890790440027               
9       15             0.023956890790440027               
10      31             0.02395689079044                   
10      37             0.02395689079044                   
39      40             0.02395689079044                   
39      41             0.02395689079044                   
41      43             0.02395689079044                   
38      39             0.02395689079044                   
38      42             0.02395689079044                   
35      40             0.02395689079044                   
5       11             0.02395689079044                   
14      15             0.02395689079044                   
21      26             0.02395689079044                   
40      41             0.023956890790439972               
41      42             0.023956890790439944               
39      42             0.023956890790439944               
1       12             0.023956890790439916               
10      16             0.023956890790439805               
6       9              0.023956890790439778               
9       31             0.02395689079043975                
1       5              0.02395689079043975                
9       28             0.023956890790439722               
2       12             0.023956890790439722               
9       33             0.023956890790439694               
6       10             0.023956890790439694               
4       11             0.023956890790439667               
4       12             0.023956890790439667               
8       12             0.02395689079043964                
9       16             0.02395689079043964                
12      13             0.023956890790439583               
8       11             0.023956890790439583               
6       7              0.023956890790439556               
9       37             0.023956890790439528               
1       3              0.023956890790439528               
4       6              0.023956890790439528               
7       12             0.023956890790439528               
9       12             0.023956890790439528               
7       11             0.0239568907904395                 
2       3              0.0239568907904395                 
5       13             0.023956890790439472               
2       8              0.023956890790439472               
12      14             0.023956890790439445               
19      28             0.023956890790439417               
37      44             0.02395689079043939                
37      47             0.02395689079043939                
37      45             0.02395689079043936                
28      44             0.02395689079043936                
20      28             0.02395689079043936                
28      45             0.023956890790439334               
37      49             0.023956890790439334               
23      24             0.023956890790439334               
37      48             0.023956890790439306               
33      47             0.023956890790439306               
28      47             0.023956890790439306               
28      48             0.023956890790439278               
28      46             0.023956890790439278               
28      49             0.023956890790439278               
31      44             0.023956890790439278               
31      47             0.023956890790439278               
31      49             0.023956890790439278               
37      46             0.023956890790439278               
37      50             0.023956890790439278               
19      33             0.023956890790439278               
1       11             0.023956890790439278               
24      26             0.023956890790439278               
33      44             0.02395689079043925                
33      49             0.02395689079043925                
20      33             0.02395689079043925                
33      45             0.023956890790439223               
31      45             0.023956890790439223               
31      48             0.023956890790439223               
33      50             0.023956890790439223               
28      50             0.023956890790439223               
31      50             0.023956890790439223               
1       4              0.023956890790439223               
2       11             0.023956890790439223               
9       11             0.023956890790439223               
33      48             0.023956890790439195               
33      46             0.023956890790439195               
31      46             0.023956890790439195               
19      31             0.023956890790439195               
6       12             0.023956890790439195               
23      26             0.023956890790439195               
20      21             0.023956890790439167               
5       14             0.02395689079043914                
2       13             0.02395689079043914                
10      12             0.02395689079043914                
28      39             0.02395689079043911                
37      39             0.02395689079043911                
28      43             0.02395689079043911                
20      31             0.02395689079043911                
28      41             0.023956890790439084               
37      41             0.023956890790439084               
31      43             0.023956890790439084               
37      38             0.023956890790439084               
37      43             0.023956890790439084               
23      28             0.023956890790439084               
4       13             0.023956890790439084               
3       9              0.023956890790439084               
37      40             0.023956890790439056               
31      39             0.023956890790439056               
33      43             0.023956890790439056               
11      12             0.023956890790439056               
20      22             0.023956890790439056               
20      24             0.023956890790439056               
2       21             0.023956890790439056               
28      40             0.023956890790439028               
31      40             0.023956890790439028               
33      39             0.023956890790439028               
37      42             0.023956890790439028               
28      38             0.023956890790439028               
28      35             0.023956890790439028               
8       13             0.023956890790439028               
3       10             0.023956890790439028               
16      24             0.023956890790439028               
33      40             0.023956890790439                  
33      38             0.023956890790439                  
31      38             0.023956890790439                  
33      35             0.023956890790439                  
19      37             0.023956890790439                  
26      28             0.023956890790439                  
24      28             0.023956890790439                  
14      16             0.023956890790439                  
44      47             0.023956890790439                  
20      26             0.023956890790439                  
20      23             0.023956890790439                  
28      42             0.023956890790438973               
31      41             0.023956890790438973               
31      35             0.023956890790438973               
20      37             0.023956890790438973               
44      45             0.023956890790438973               
46      47             0.023956890790438973               
16      17             0.023956890790438973               
2       17             0.023956890790438973               
33      41             0.023956890790438945               
33      42             0.023956890790438945               
31      42             0.023956890790438945               
6       31             0.023956890790438945               
44      48             0.023956890790438945               
47      48             0.023956890790438945               
7       13             0.023956890790438945               
44      46             0.023956890790438945               
44      49             0.023956890790438945               
46      49             0.023956890790438945               
47      49             0.023956890790438945               
26      33             0.023956890790438917               
26      31             0.023956890790438917               
45      47             0.023956890790438917               
3       11             0.023956890790438917               
2       14             0.023956890790438917               
16      20             0.023956890790438917               
4       21             0.023956890790438917               
2       24             0.023956890790438917               
1       13             0.02395689079043889                
45      46             0.02395689079043889                
45      49             0.02395689079043889                
46      48             0.02395689079043889                
48      49             0.02395689079043889                
48      50             0.02395689079043889                
44      50             0.02395689079043889                
46      50             0.02395689079043889                
47      50             0.02395689079043889                
16      22             0.02395689079043889                
16      23             0.02395689079043889                
2       23             0.02395689079043889                
16      21             0.02395689079043889                
6       37             0.02395689079043886                
5       21             0.02395689079043886                
26      37             0.023956890790438834               
23      33             0.023956890790438834               
45      48             0.023956890790438834               
45      50             0.023956890790438834               
4       5              0.023956890790438806               
6       11             0.023956890790438806               
5       23             0.023956890790438806               
24      33             0.02395689079043878                
7       14             0.02395689079043878                
5       22             0.02395689079043878                
4       22             0.02395689079043878                
6       33             0.02395689079043875                
4       14             0.02395689079043875                
2       7              0.02395689079043875                
5       24             0.02395689079043875                
10      13             0.023956890790438723               
5       7              0.023956890790438723               
1       21             0.023956890790438723               
2       22             0.023956890790438723               
24      37             0.023956890790438695               
6       13             0.023956890790438695               
4       7              0.023956890790438695               
16      19             0.023956890790438695               
1       14             0.023956890790438667               
10      11             0.023956890790438667               
4       20             0.023956890790438667               
16      26             0.023956890790438667               
5       17             0.023956890790438667               
4       17             0.023956890790438667               
23      31             0.02395689079043864                
23      37             0.02395689079043864                
24      31             0.02395689079043864                
5       20             0.02395689079043864                
11      13             0.023956890790438612               
1       23             0.023956890790438612               
2       26             0.023956890790438612               
1       24             0.023956890790438612               
2       20             0.023956890790438612               
19      21             0.023956890790438612               
9       13             0.023956890790438584               
22      46             0.023956890790438584               
22      49             0.023956890790438584               
11      14             0.023956890790438556               
22      50             0.023956890790438556               
22      47             0.02395689079043853                
4       8              0.0239568907904385                 
22      45             0.0239568907904385                 
22      48             0.0239568907904385                 
22      44             0.0239568907904385                 
7       20             0.0239568907904385                 
4       24             0.0239568907904385                 
19      22             0.0239568907904385                 
19      24             0.0239568907904385                 
6       28             0.023956890790438473               
8       14             0.023956890790438473               
1       22             0.023956890790438473               
19      23             0.023956890790438473               
1       17             0.023956890790438473               
7       21             0.023956890790438445               
6       15             0.023956890790438445               
1       20             0.023956890790438418               
8       17             0.023956890790438418               
7       17             0.023956890790438418               
12      15             0.023956890790438418               
5       8              0.02395689079043839                
22      38             0.02395689079043839                
19      20             0.02395689079043839                
10      14             0.023956890790438362               
3       8              0.023956890790438362               
5       26             0.023956890790438362               
5       19             0.023956890790438334               
22      40             0.023956890790438334               
22      41             0.023956890790438334               
22      42             0.023956890790438334               
22      43             0.023956890790438334               
19      26             0.023956890790438334               
4       23             0.023956890790438334               
7       24             0.023956890790438334               
17      21             0.023956890790438334               
11      28             0.023956890790438307               
22      39             0.023956890790438307               
8       21             0.023956890790438307               
15      21             0.023956890790438307               
3       12             0.02395689079043828                
3       6              0.02395689079043828                
4       26             0.02395689079043828                
7       23             0.02395689079043828                
11      15             0.02395689079043828                
9       14             0.02395689079043825                
1       7              0.02395689079043825                
22      35             0.02395689079043825                
13      21             0.02395689079043825                
11      31             0.023956890790438223               
11      37             0.023956890790438223               
12      28             0.023956890790438223               
13      14             0.023956890790438223               
5       44             0.023956890790438223               
5       47             0.023956890790438223               
5       50             0.023956890790438223               
13      23             0.023956890790438223               
14      21             0.023956890790438223               
7       9              0.023956890790438223               
8       23             0.023956890790438223               
7       22             0.023956890790438223               
17      23             0.023956890790438223               
11      33             0.023956890790438196               
5       46             0.023956890790438196               
13      22             0.023956890790438196               
1       6              0.023956890790438196               
17      22             0.023956890790438196               
5       45             0.023956890790438168               
5       48             0.023956890790438168               
6       14             0.023956890790438168               
4       19             0.023956890790438168               
2       19             0.023956890790438168               
8       22             0.023956890790438168               
8       24             0.023956890790438168               
17      24             0.023956890790438168               
12      31             0.02395689079043814                
12      37             0.02395689079043814                
5       49             0.02395689079043814                
1       26             0.02395689079043814                
3       15             0.02395689079043814                
3       31             0.023956890790438112               
12      33             0.023956890790438112               
2       47             0.023956890790438112               
2       49             0.023956890790438112               
2       50             0.023956890790438112               
8       19             0.023956890790438112               
13      20             0.023956890790438085               
14      17             0.023956890790438085               
2       45             0.023956890790438085               
2       48             0.023956890790438085               
2       44             0.023956890790438085               
2       46             0.023956890790438085               
8       10             0.023956890790438085               
7       26             0.023956890790438085               
13      24             0.023956890790438057               
8       9              0.023956890790438057               
6       16             0.023956890790438057               
6       17             0.023956890790438057               
17      20             0.023956890790438057               
3       14             0.02395689079043803                
5       40             0.02395689079043803                
5       39             0.02395689079043803                
4       48             0.02395689079043803                
4       44             0.02395689079043803                
13      26             0.02395689079043803                
14      22             0.02395689079043803                
7       19             0.02395689079043803                
13      17             0.02395689079043803                
12      16             0.02395689079043803                
8       20             0.02395689079043803                
5       43             0.023956890790438                  
4       46             0.023956890790438                  
4       50             0.023956890790438                  
14      23             0.023956890790438                  
2       9              0.023956890790438                  
17      26             0.023956890790438                  
5       42             0.023956890790437974               
4       47             0.023956890790437974               
4       49             0.023956890790437974               
1       19             0.023956890790437974               
15      35             0.023956890790437974               
10      17             0.023956890790437974               
9       17             0.023956890790437974               
3       37             0.023956890790437946               
21      28             0.023956890790437946               
5       41             0.023956890790437946               
4       45             0.023956890790437946               
1       48             0.023956890790437946               
2       43             0.023956890790437946               
14      20             0.023956890790437946               
8       26             0.023956890790437946               
17      19             0.023956890790437946               
15      17             0.023956890790437946               
3       13             0.023956890790437918               
13      19             0.023956890790437918               
1       44             0.023956890790437918               
1       46             0.023956890790437918               
1       47             0.023956890790437918               
1       49             0.023956890790437918               
1       50             0.023956890790437918               
2       41             0.023956890790437918               
2       42             0.023956890790437918               
5       6              0.023956890790437918               
10      20             0.023956890790437918               
10      24             0.023956890790437918               
6       21             0.023956890790437918               
15      22             0.023956890790437918               
15      23             0.023956890790437918               
15      24             0.023956890790437918               
14      24             0.02395689079043789                
11      17             0.02395689079043789                
15      20             0.02395689079043789                
13      37             0.023956890790437863               
3       33             0.023956890790437863               
3       28             0.023956890790437863               
5       38             0.023956890790437863               
1       45             0.023956890790437863               
2       40             0.023956890790437863               
2       38             0.023956890790437863               
9       21             0.023956890790437863               
1       42             0.023956890790437835               
1       39             0.023956890790437835               
2       39             0.023956890790437835               
3       7              0.023956890790437835               
4       40             0.023956890790437807               
1       43             0.023956890790437807               
11      20             0.023956890790437807               
6       22             0.023956890790437807               
10      21             0.023956890790437807               
21      33             0.02395689079043778                
13      45             0.02395689079043778                
4       41             0.02395689079043778                
4       42             0.02395689079043778                
4       39             0.02395689079043778                
7       46             0.02395689079043778                
7       10             0.02395689079043778                
10      23             0.02395689079043778                
12      17             0.02395689079043778                
13      31             0.02395689079043775                
13      47             0.02395689079043775                
13      49             0.02395689079043775                
1       40             0.02395689079043775                
1       41             0.02395689079043775                
4       43             0.02395689079043775                
7       48             0.02395689079043775                
2       35             0.02395689079043775                
7       44             0.02395689079043775                
7       47             0.02395689079043775                
7       50             0.02395689079043775                
3       24             0.02395689079043775                
3       21             0.02395689079043775                
12      20             0.02395689079043775                
10      22             0.02395689079043775                
6       24             0.02395689079043775                
22      31             0.023956890790437724               
21      31             0.023956890790437724               
13      48             0.023956890790437724               
4       38             0.023956890790437724               
3       22             0.023956890790437724               
3       23             0.023956890790437724               
15      19             0.023956890790437724               
13      44             0.023956890790437696               
13      46             0.023956890790437696               
13      50             0.023956890790437696               
8       48             0.023956890790437696               
8       44             0.023956890790437696               
7       49             0.023956890790437696               
11      16             0.023956890790437696               
3       26             0.023956890790437696               
3       17             0.023956890790437696               
9       22             0.023956890790437696               
15      26             0.023956890790437696               
13      28             0.023956890790437668               
14      19             0.023956890790437668               
7       45             0.023956890790437668               
8       46             0.023956890790437668               
8       50             0.023956890790437668               
10      26             0.023956890790437668               
12      23             0.023956890790437668               
9       23             0.023956890790437668               
12      21             0.023956890790437668               
13      33             0.02395689079043764                
1       38             0.02395689079043764                
8       47             0.02395689079043764                
1       8              0.02395689079043764                
11      24             0.02395689079043764                
6       20             0.02395689079043764                
12      24             0.02395689079043764                
6       23             0.02395689079043764                
22      33             0.023956890790437613               
13      39             0.023956890790437613               
21      37             0.023956890790437613               
8       45             0.023956890790437613               
8       49             0.023956890790437613               
20      35             0.023956890790437613               
22      37             0.023956890790437585               
7       40             0.023956890790437585               
7       42             0.023956890790437585               
7       39             0.023956890790437585               
14      26             0.023956890790437585               
11      21             0.023956890790437585               
6       26             0.023956890790437585               
9       24             0.023956890790437585               
22      28             0.023956890790437557               
13      40             0.023956890790437557               
13      41             0.023956890790437557               
10      19             0.023956890790437557               
6       19             0.023956890790437557               
11      22             0.023956890790437557               
12      22             0.023956890790437557               
8       42             0.02395689079043753                
11      19             0.02395689079043753                
3       16             0.02395689079043753                
3       20             0.02395689079043753                
4       10             0.02395689079043753                
11      23             0.02395689079043753                
9       26             0.02395689079043753                
22      26             0.02395689079043753                
22      24             0.02395689079043753                
13      38             0.0239568907904375                 
13      43             0.0239568907904375                 
8       40             0.0239568907904375                 
8       41             0.0239568907904375                 
7       43             0.0239568907904375                 
9       20             0.0239568907904375                 
13      42             0.023956890790437474               
14      35             0.023956890790437474               
15      45             0.023956890790437474               
15      44             0.023956890790437474               
15      46             0.023956890790437474               
15      49             0.023956890790437474               
22      23             0.023956890790437474               
7       41             0.023956890790437446               
8       39             0.023956890790437446               
7       38             0.023956890790437446               
26      44             0.023956890790437446               
12      26             0.023956890790437446               
15      48             0.023956890790437446               
15      47             0.023956890790437446               
15      50             0.023956890790437446               
8       38             0.02395689079043742                
8       43             0.02395689079043742                
23      35             0.02395689079043742                
26      46             0.02395689079043739                
12      19             0.02395689079043739                
14      47             0.023956890790437363               
14      49             0.023956890790437363               
1       35             0.023956890790437363               
19      35             0.023956890790437363               
26      48             0.023956890790437363               
26      47             0.023956890790437363               
26      50             0.023956890790437363               
11      26             0.023956890790437363               
20      44             0.023956890790437363               
20      46             0.023956890790437363               
2       10             0.023956890790437363               
8       37             0.023956890790437335               
14      44             0.023956890790437335               
14      46             0.023956890790437335               
14      50             0.023956890790437335               
10      46             0.023956890790437335               
26      45             0.023956890790437335               
26      49             0.023956890790437335               
10      35             0.023956890790437307               
10      48             0.023956890790437307               
6       46             0.023956890790437307               
20      48             0.023956890790437307               
20      47             0.023956890790437307               
20      49             0.023956890790437307               
20      50             0.023956890790437307               
15      40             0.023956890790437307               
15      41             0.023956890790437307               
8       31             0.02395689079043728                
7       37             0.02395689079043728                
14      45             0.02395689079043728                
14      48             0.02395689079043728                
19      44             0.02395689079043728                
10      44             0.02395689079043728                
10      50             0.02395689079043728                
6       47             0.02395689079043728                
6       50             0.02395689079043728                
24      35             0.02395689079043728                
4       9              0.02395689079043728                
14      39             0.023956890790437252               
3       50             0.023956890790437252               
6       48             0.023956890790437252               
10      47             0.023956890790437252               
20      45             0.023956890790437252               
15      42             0.023956890790437252               
15      43             0.023956890790437252               
11      35             0.023956890790437224               
3       46             0.023956890790437224               
3       47             0.023956890790437224               
3       49             0.023956890790437224               
11      44             0.023956890790437224               
11      46             0.023956890790437224               
11      50             0.023956890790437224               
26      35             0.023956890790437224               
9       35             0.023956890790437224               
10      49             0.023956890790437224               
6       44             0.023956890790437224               
6       49             0.023956890790437224               
15      39             0.023956890790437224               
2       6              0.023956890790437224               
13      35             0.023956890790437196               
11      45             0.023956890790437196               
11      48             0.023956890790437196               
11      47             0.023956890790437196               
11      49             0.023956890790437196               
3       19             0.023956890790437196               
19      45             0.023956890790437196               
19      48             0.023956890790437196               
19      46             0.023956890790437196               
19      49             0.023956890790437196               
26      42             0.023956890790437196               
10      45             0.023956890790437196               
14      41             0.02395689079043717                
3       45             0.02395689079043717                
3       48             0.02395689079043717                
3       44             0.02395689079043717                
19      47             0.02395689079043717                
19      50             0.02395689079043717                
26      40             0.02395689079043717                
26      41             0.02395689079043717                
26      38             0.02395689079043717                
12      35             0.02395689079043717                
6       45             0.02395689079043717                
9       48             0.02395689079043717                
9       50             0.02395689079043717                
23      44             0.02395689079043717                
7       31             0.02395689079043714                
14      38             0.02395689079043714                
14      43             0.02395689079043714                
10      40             0.02395689079043714                
10      42             0.02395689079043714                
20      40             0.02395689079043714                
9       45             0.02395689079043714                
9       44             0.02395689079043714                
9       46             0.02395689079043714                
9       19             0.02395689079043714                
23      46             0.02395689079043714                
8       33             0.023956890790437113               
14      40             0.023956890790437113               
14      42             0.023956890790437113               
26      39             0.023956890790437113               
26      43             0.023956890790437113               
6       43             0.023956890790437113               
20      42             0.023956890790437113               
20      38             0.023956890790437113               
9       47             0.023956890790437113               
9       49             0.023956890790437113               
13      15             0.023956890790437113               
23      47             0.023956890790437113               
23      50             0.023956890790437113               
15      38             0.023956890790437113               
10      41             0.023956890790437085               
6       40             0.023956890790437085               
6       42             0.023956890790437085               
20      43             0.023956890790437085               
12      48             0.023956890790437085               
12      44             0.023956890790437085               
23      48             0.023956890790437085               
23      49             0.023956890790437085               
3       40             0.023956890790437058               
3       39             0.023956890790437058               
19      40             0.023956890790437058               
8       35             0.023956890790437058               
10      43             0.023956890790437058               
16      35             0.023956890790437058               
6       39             0.023956890790437058               
12      46             0.023956890790437058               
12      47             0.023956890790437058               
12      50             0.023956890790437058               
7       33             0.02395689079043703                
3       38             0.02395689079043703                
3       43             0.02395689079043703                
11      40             0.02395689079043703                
10      39             0.02395689079043703                
10      38             0.02395689079043703                
6       41             0.02395689079043703                
20      39             0.02395689079043703                
5       10             0.02395689079043703                
8       15             0.02395689079043703                
3       41             0.023956890790437002               
3       42             0.023956890790437002               
11      39             0.023956890790437002               
19      42             0.023956890790437002               
19      39             0.023956890790437002               
19      38             0.023956890790437002               
6       38             0.023956890790437002               
12      49             0.023956890790437002               
17      35             0.023956890790437002               
11      42             0.023956890790436974               
11      43             0.023956890790436974               
19      41             0.023956890790436974               
4       35             0.023956890790436974               
19      43             0.023956890790436974               
7       35             0.023956890790436974               
9       40             0.023956890790436974               
9       42             0.023956890790436974               
20      41             0.023956890790436974               
23      45             0.023956890790436974               
12      45             0.023956890790436947               
24      44             0.023956890790436947               
24      46             0.023956890790436947               
24      47             0.023956890790436947               
12      40             0.02395689079043692                
9       39             0.02395689079043692                
9       41             0.02395689079043692                
9       43             0.02395689079043692                
23      40             0.02395689079043692                
23      42             0.02395689079043692                
23      38             0.02395689079043692                
24      50             0.02395689079043692                
12      42             0.02395689079043689                
24      45             0.02395689079043689                
24      48             0.02395689079043689                
24      49             0.02395689079043689                
8       28             0.023956890790436863               
11      38             0.023956890790436863               
9       38             0.023956890790436863               
7       28             0.023956890790436836               
5       35             0.023956890790436836               
12      41             0.023956890790436836               
23      41             0.023956890790436836               
23      43             0.023956890790436836               
24      38             0.023956890790436836               
11      41             0.023956890790436808               
12      39             0.023956890790436808               
12      38             0.023956890790436808               
12      43             0.023956890790436808               
23      39             0.023956890790436808               
7       15             0.02395689079043678                
5       37             0.023956890790436752               
16      45             0.023956890790436752               
24      40             0.023956890790436752               
24      43             0.023956890790436752               
4       37             0.023956890790436725               
13      16             0.023956890790436725               
16      46             0.023956890790436725               
24      41             0.023956890790436725               
24      42             0.023956890790436725               
21      35             0.023956890790436725               
5       31             0.023956890790436697               
16      48             0.023956890790436697               
16      44             0.023956890790436697               
16      50             0.023956890790436697               
24      39             0.023956890790436697               
1       10             0.023956890790436697               
16      47             0.02395689079043664                
16      49             0.02395689079043664                
2       5              0.02395689079043664                
4       31             0.023956890790436614               
3       35             0.023956890790436614               
6       35             0.023956890790436614               
21      46             0.023956890790436614               
35      37             0.023956890790436586               
2       37             0.023956890790436558               
16      39             0.023956890790436558               
21      44             0.023956890790436558               
21      47             0.02395689079043653                
21      50             0.02395689079043653                
4       33             0.023956890790436502               
16      40             0.023956890790436502               
16      42             0.023956890790436502               
5       9              0.023956890790436502               
1       9              0.023956890790436502               
21      48             0.023956890790436502               
21      49             0.023956890790436502               
16      41             0.023956890790436475               
16      38             0.023956890790436475               
16      43             0.023956890790436475               
21      45             0.023956890790436475               
8       16             0.023956890790436447               
2       31             0.02395689079043642                
21      42             0.02395689079043639                
2       33             0.023956890790436336               
21      39             0.023956890790436336               
2       28             0.023956890790436308               
21      40             0.023956890790436308               
21      38             0.023956890790436308               
21      43             0.023956890790436308               
21      41             0.02395689079043628                
17      45             0.02395689079043628                
4       28             0.023956890790436225               
17      47             0.023956890790436225               
17      49             0.023956890790436225               
2       15             0.023956890790436225               
17      44             0.023956890790436197               
17      46             0.023956890790436197               
17      50             0.023956890790436197               
5       33             0.02395689079043617                
7       16             0.02395689079043617                
17      48             0.02395689079043617                
1       37             0.023956890790436114               
1       31             0.02395689079043603                
1       33             0.02395689079043603                
17      41             0.02395689079043603                
17      42             0.02395689079043603                
4       15             0.02395689079043603                
17      40             0.023956890790436003               
17      38             0.023956890790436003               
17      43             0.023956890790436003               
5       28             0.023956890790435975               
17      39             0.023956890790435975               
1       28             0.023956890790435892               
2       16             0.02395689079043578                
31      37             0.023956890790435753               
28      37             0.023956890790435698               
28      31             0.02395689079043567                
31      33             0.023956890790435642               
33      37             0.023956890790435642               
28      33             0.02395689079043553                
4       16             0.023956890790435476               
5       15             0.02395689079043542                
1       15             0.02395689079043517                
1       16             0.02395689079043492                
5       16             0.023956890790434865               
23      32             -0.02183564132867119               
16      32             -0.021835641328671274              
21      32             -0.021835641328671274              
17      32             -0.02183564132867133               
20      32             -0.02183564132867155               
12      32             -0.02183564132867158               
24      32             -0.02183564132867158               
1       32             -0.021835641328671745              
11      32             -0.0218356413286718                
9       32             -0.0218356413286718                
10      32             -0.02183564132867183               
19      32             -0.021835641328671884              
3       32             -0.02183564132867205               
15      32             -0.02183564132867219               
6       32             -0.021835641328672384              
7       32             -0.02183564132867241               
26      32             -0.021835641328672495              
14      32             -0.021835641328672606              
8       32             -0.021835641328672634              
32      47             -0.02183564132867269               
32      45             -0.021835641328672717              
32      44             -0.021835641328672717              
32      46             -0.021835641328672717              
32      48             -0.021835641328672772              
32      49             -0.021835641328672772              
32      50             -0.021835641328672772              
13      32             -0.0218356413286728                
2       32             -0.0218356413286728                
32      35             -0.021835641328672828              
32      38             -0.021835641328672856              
32      43             -0.021835641328672856              
32      37             -0.021835641328672883              
32      42             -0.021835641328672883              
32      39             -0.021835641328672883              
32      40             -0.02183564132867291               
32      41             -0.02183564132867291               
32      33             -0.02183564132867294               
22      32             -0.021835641328672994              
4       32             -0.02183564132867305               
5       32             -0.021835641328673577              
28      32             -0.021835641328673744              
31      32             -0.021835641328673744              
18      32             -0.03875735916729564               
25      32             -0.03875735916729603               
32      34             -0.038757359167296696              
32      36             -0.03875735916729686               
27      32             -0.038757359167296945              
30      32             -0.03875735916729697               
21      36             -0.13698571446295837               
16      27             -0.13698571446295843               
21      30             -0.13698571446295849               
17      36             -0.1369857144629586                
17      30             -0.1369857144629587                
16      34             -0.13698571446295876               
17      27             -0.13698571446295882               
23      36             -0.13698571446295882               
24      36             -0.13698571446295885               
23      30             -0.1369857144629589                
24      30             -0.1369857144629589                
16      36             -0.13698571446295893               
16      30             -0.13698571446295899               
20      36             -0.13698571446295899               
20      30             -0.13698571446295904               
12      36             -0.13698571446295907               
12      30             -0.13698571446295915               
21      25             -0.1369857144629592                
9       36             -0.13698571446295926               
10      36             -0.13698571446295932               
15      36             -0.13698571446295937               
10      30             -0.1369857144629594                
15      30             -0.1369857144629594                
9       30             -0.13698571446295943               
11      36             -0.13698571446295948               
1       34             -0.13698571446295948               
11      30             -0.1369857144629596                
1       36             -0.1369857144629596                
6       34             -0.13698571446295962               
15      27             -0.13698571446295962               
3       34             -0.13698571446295968               
21      27             -0.13698571446295968               
24      25             -0.13698571446295968               
1       30             -0.1369857144629597                
19      36             -0.1369857144629597                
12      27             -0.1369857144629597                
26      36             -0.1369857144629597                
19      27             -0.13698571446295976               
19      30             -0.13698571446295976               
23      25             -0.13698571446295976               
26      30             -0.1369857144629598                
17      34             -0.13698571446295982               
18      21             -0.13698571446295982               
13      34             -0.13698571446295987               
6       36             -0.13698571446295993               
12      34             -0.13698571446295993               
21      34             -0.13698571446295993               
1       27             -0.13698571446295996               
14      34             -0.13698571446295998               
3       36             -0.13698571446295998               
4       34             -0.13698571446295998               
7       34             -0.13698571446295998               
14      27             -0.13698571446296004               
3       30             -0.13698571446296004               
6       30             -0.13698571446296004               
20      27             -0.13698571446296004               
1       25             -0.13698571446296004               
20      25             -0.13698571446296004               
19      34             -0.1369857144629601                
23      27             -0.1369857144629601                
18      22             -0.1369857144629601                
7       36             -0.13698571446296012               
1       18             -0.13698571446296012               
3       27             -0.13698571446296015               
24      27             -0.13698571446296015               
6       18             -0.13698571446296015               
18      20             -0.13698571446296015               
18      23             -0.13698571446296015               
18      24             -0.13698571446296015               
7       30             -0.1369857144629602                
22      36             -0.1369857144629602                
22      30             -0.13698571446296026               
16      25             -0.13698571446296026               
9       18             -0.13698571446296026               
9       25             -0.13698571446296026               
12      25             -0.1369857144629603                
8       36             -0.13698571446296032               
7       18             -0.13698571446296032               
7       25             -0.13698571446296032               
12      18             -0.13698571446296032               
6       25             -0.13698571446296032               
20      34             -0.13698571446296035               
16      18             -0.13698571446296035               
8       30             -0.13698571446296037               
6       27             -0.13698571446296037               
18      26             -0.13698571446296037               
15      34             -0.13698571446296037               
13      27             -0.1369857144629604                
14      36             -0.13698571446296043               
9       27             -0.13698571446296043               
2       36             -0.13698571446296043               
2       34             -0.13698571446296043               
10      18             -0.13698571446296043               
8       34             -0.13698571446296046               
23      34             -0.13698571446296046               
2       30             -0.13698571446296048               
9       34             -0.13698571446296048               
10      25             -0.13698571446296048               
5       34             -0.13698571446296054               
3       18             -0.13698571446296054               
3       25             -0.13698571446296054               
24      34             -0.13698571446296054               
19      25             -0.13698571446296057               
8       25             -0.13698571446296057               
14      30             -0.1369857144629606                
8       18             -0.1369857144629606                
25      26             -0.1369857144629606                
11      18             -0.13698571446296068               
18      19             -0.13698571446296068               
7       27             -0.1369857144629607                
10      27             -0.1369857144629607                
13      36             -0.13698571446296076               
11      27             -0.13698571446296076               
11      25             -0.13698571446296076               
4       25             -0.13698571446296076               
4       36             -0.1369857144629608                
4       18             -0.1369857144629608                
13      30             -0.13698571446296082               
4       30             -0.13698571446296082               
10      34             -0.13698571446296084               
2       27             -0.13698571446296087               
25      47             -0.13698571446296087               
5       25             -0.13698571446296087               
2       25             -0.1369857144629609                
25      49             -0.13698571446296093               
25      44             -0.13698571446296093               
25      46             -0.13698571446296093               
25      50             -0.13698571446296093               
25      45             -0.13698571446296098               
25      48             -0.13698571446296098               
2       18             -0.13698571446296098               
17      25             -0.13698571446296098               
4       27             -0.13698571446296104               
5       18             -0.13698571446296104               
22      34             -0.13698571446296104               
15      25             -0.13698571446296107               
11      34             -0.1369857144629611                
26      34             -0.1369857144629611                
15      18             -0.13698571446296112               
13      25             -0.13698571446296115               
17      18             -0.13698571446296115               
8       27             -0.13698571446296118               
25      43             -0.1369857144629612                
13      18             -0.13698571446296126               
14      25             -0.13698571446296126               
25      39             -0.13698571446296126               
25      40             -0.13698571446296126               
25      41             -0.13698571446296126               
25      38             -0.13698571446296126               
25      42             -0.1369857144629613                
26      27             -0.13698571446296132               
22      27             -0.13698571446296137               
22      25             -0.13698571446296137               
14      18             -0.13698571446296143               
5       36             -0.13698571446296143               
5       30             -0.13698571446296146               
25      35             -0.13698571446296148               
18      28             -0.1369857144629616                
18      33             -0.13698571446296162               
18      31             -0.13698571446296165               
18      37             -0.13698571446296165               
34      47             -0.1369857144629618                
34      49             -0.1369857144629618                
34      45             -0.13698571446296182               
34      48             -0.13698571446296182               
34      46             -0.13698571446296182               
34      50             -0.13698571446296182               
34      44             -0.13698571446296184               
36      47             -0.1369857144629619                
36      49             -0.1369857144629619                
36      45             -0.13698571446296193               
36      46             -0.13698571446296193               
36      50             -0.13698571446296193               
5       27             -0.13698571446296193               
36      44             -0.13698571446296193               
18      44             -0.13698571446296193               
18      47             -0.13698571446296193               
18      49             -0.13698571446296193               
36      48             -0.13698571446296195               
18      46             -0.13698571446296195               
18      50             -0.13698571446296195               
18      45             -0.13698571446296198               
18      48             -0.13698571446296198               
30      46             -0.13698571446296207               
30      47             -0.13698571446296207               
34      38             -0.1369857144629621                
34      39             -0.1369857144629621                
34      43             -0.1369857144629621                
27      44             -0.1369857144629621                
27      46             -0.1369857144629621                
27      47             -0.1369857144629621                
27      50             -0.1369857144629621                
30      44             -0.1369857144629621                
30      49             -0.1369857144629621                
27      49             -0.1369857144629621                
30      50             -0.1369857144629621                
18      35             -0.1369857144629621                
34      41             -0.13698571446296215               
34      40             -0.13698571446296215               
34      42             -0.13698571446296215               
27      48             -0.13698571446296215               
30      45             -0.13698571446296215               
27      45             -0.13698571446296215               
30      48             -0.13698571446296215               
36      39             -0.1369857144629622                
36      38             -0.1369857144629622                
36      43             -0.1369857144629622                
25      37             -0.13698571446296223               
18      43             -0.13698571446296223               
36      41             -0.13698571446296226               
36      40             -0.13698571446296226               
36      42             -0.13698571446296226               
18      40             -0.13698571446296226               
18      41             -0.13698571446296226               
18      42             -0.13698571446296226               
18      38             -0.13698571446296226               
25      31             -0.13698571446296232               
18      39             -0.13698571446296232               
27      39             -0.13698571446296234               
25      33             -0.13698571446296237               
30      42             -0.13698571446296237               
27      43             -0.13698571446296237               
30      38             -0.13698571446296237               
30      39             -0.13698571446296237               
30      43             -0.13698571446296237               
27      38             -0.13698571446296237               
30      40             -0.1369857144629624                
30      41             -0.1369857144629624                
27      40             -0.13698571446296243               
27      41             -0.13698571446296243               
27      42             -0.13698571446296243               
34      35             -0.13698571446296243               
25      28             -0.1369857144629625                
30      35             -0.1369857144629627                
27      35             -0.1369857144629627                
28      34             -0.13698571446296348               
31      34             -0.13698571446296348               
35      36             -0.13698571446296348               
33      34             -0.13698571446296354               
34      37             -0.13698571446296365               
36      37             -0.13698571446296376               
27      37             -0.13698571446296387               
30      31             -0.13698571446296387               
30      37             -0.13698571446296387               
27      31             -0.13698571446296393               
30      33             -0.13698571446296404               
27      33             -0.1369857144629641                
27      28             -0.1369857144629641                
31      36             -0.1369857144629648                
28      30             -0.13698571446296484               
28      36             -0.13698571446296487               
33      36             -0.13698571446296487               
21      29             -0.14777603274907725               
1       29             -0.14777603274907744               
6       29             -0.14777603274907747               
16      29             -0.14777603274907752               
23      29             -0.14777603274907752               
24      29             -0.14777603274907752               
3       29             -0.14777603274907758               
20      29             -0.1477760327490776                
7       29             -0.14777603274907763               
12      29             -0.1477760327490777                
9       29             -0.1477760327490777                
10      29             -0.14777603274907777               
8       29             -0.1477760327490778                
17      29             -0.1477760327490778                
4       29             -0.14777603274907786               
22      29             -0.14777603274907786               
26      29             -0.1477760327490779                
2       29             -0.14777603274907797               
19      29             -0.14777603274907802               
15      29             -0.14777603274907802               
11      29             -0.14777603274907808               
5       29             -0.14777603274907816               
13      29             -0.1477760327490782                
14      29             -0.14777603274907847               
29      44             -0.14777603274907863               
29      50             -0.14777603274907863               
29      46             -0.14777603274907866               
29      45             -0.1477760327490787                
29      48             -0.1477760327490787                
29      47             -0.1477760327490787                
29      49             -0.1477760327490787                
29      38             -0.14777603274907888               
29      40             -0.1477760327490789                
29      42             -0.1477760327490789                
29      39             -0.1477760327490789                
29      43             -0.1477760327490789                
29      35             -0.1477760327490789                
29      41             -0.14777603274907894               
29      31             -0.14777603274908013               
29      33             -0.14777603274908016               
29      37             -0.14777603274908016               
28      29             -0.1477760327490803                
