#======================================================================
# PARAMETERS USED FOR THIS COMPUTATION: 
#      Sequence type: RNA
#      Total number of sequences in alignment data: 1
#      Length of sequences in alignment data: 40
#      Effective number of sequences: 1.0
#      Value of sequence identity: 0.8
#      Value of relative pseudocount: 0.5
# The First and Second columns represent sites and the
# Third column is MFDCA Frobenius norm, average product corrected (APC) DCA score
#======================================================================
6       21             5.523359547510154e-15              
6       22             5.3013149425851225e-15             
6       11             4.85722573273506e-15               
5       21             4.6074255521944e-15                
5       22             4.551914400963142e-15              
6       12             4.3298697960381105e-15             
8       21             3.969047313034935e-15              
8       22             3.858025010572419e-15              
5       12             3.7192471324942744e-15             
9       21             3.3584246494910985e-15             
9       22             3.3029134982598407e-15             
10      21             3.219646771412954e-15              
8       11             3.164135620181696e-15              
10      22             3.1363800445660672e-15             
5       11             3.1363800445660672e-15             
8       12             3.0253577421035516e-15             
7       21             2.8033131371785203e-15             
9       11             2.6645352591003757e-15             
7       22             2.55351295663786e-15               
6       7              2.55351295663786e-15               
10      11             2.1649348980190553e-15             
2       22             2.1371793224034263e-15             
7       11             2.1094237467877974e-15             
2       21             2.0816681711721685e-15             
10      12             1.970645868709653e-15              
9       12             1.8318679906315083e-15             
3       21             1.8041124150158794e-15             
3       22             1.7763568394002505e-15             
18      35             1.7208456881689926e-15             
7       12             1.7208456881689926e-15             
1       22             1.6930901125533637e-15             
18      25             1.6653345369377348e-15             
18      27             1.6653345369377348e-15             
18      26             1.6653345369377348e-15             
18      36             1.6375789613221059e-15             
18      32             1.6375789613221059e-15             
18      38             1.6375789613221059e-15             
1       21             1.6375789613221059e-15             
18      33             1.582067810090848e-15              
18      39             1.582067810090848e-15              
18      34             1.5265566588595902e-15             
18      40             1.5265566588595902e-15             
18      37             1.5265566588595902e-15             
18      31             1.4988010832439613e-15             
18      28             1.4988010832439613e-15             
18      30             1.4988010832439613e-15             
4       13             1.4988010832439613e-15             
18      29             1.4710455076283324e-15             
4       21             1.4710455076283324e-15             
18      24             1.4432899320127035e-15             
12      13             1.4155343563970746e-15             
18      23             1.3877787807814457e-15             
20      27             1.3877787807814457e-15             
20      36             1.3877787807814457e-15             
20      28             1.3600232051658168e-15             
20      35             1.3600232051658168e-15             
20      38             1.3600232051658168e-15             
4       22             1.3600232051658168e-15             
3       13             1.3322676295501878e-15             
20      29             1.304512053934559e-15              
20      26             1.304512053934559e-15              
5       8              1.304512053934559e-15              
20      37             1.27675647831893e-15               
20      39             1.27675647831893e-15               
20      32             1.2490009027033011e-15             
20      25             1.2212453270876722e-15             
20      34             1.2212453270876722e-15             
20      40             1.2212453270876722e-15             
7       13             1.1934897514720433e-15             
20      24             1.1657341758564144e-15             
20      31             1.1379786002407855e-15             
20      30             1.1379786002407855e-15             
20      33             1.1379786002407855e-15             
17      38             1.1379786002407855e-15             
17      27             1.1102230246251565e-15             
17      36             1.1102230246251565e-15             
4       14             1.1102230246251565e-15             
20      23             1.0824674490095276e-15             
17      37             1.0824674490095276e-15             
17      35             1.0824674490095276e-15             
17      26             1.0547118733938987e-15             
17      29             1.0269562977782698e-15             
17      32             9.992007221626409e-16              
3       11             9.992007221626409e-16              
17      33             9.71445146547012e-16               
17      39             9.71445146547012e-16               
1       16             9.71445146547012e-16               
17      31             9.43689570931383e-16               
17      40             9.43689570931383e-16               
2       16             9.43689570931383e-16               
17      25             9.159339953157541e-16              
17      28             9.159339953157541e-16              
17      34             9.159339953157541e-16              
19      38             9.159339953157541e-16              
17      30             8.881784197001252e-16              
19      35             8.881784197001252e-16              
19      36             8.881784197001252e-16              
19      39             8.604228440844963e-16              
19      32             8.604228440844963e-16              
13      16             8.604228440844963e-16              
17      24             8.326672684688674e-16              
19      27             8.326672684688674e-16              
19      37             8.326672684688674e-16              
15      38             8.326672684688674e-16              
19      26             8.326672684688674e-16              
4       12             8.326672684688674e-16              
2       13             8.326672684688674e-16              
14      38             8.049116928532385e-16              
15      32             8.049116928532385e-16              
17      23             7.771561172376096e-16              
14      37             7.771561172376096e-16              
14      39             7.771561172376096e-16              
15      29             7.771561172376096e-16              
19      28             7.771561172376096e-16              
19      29             7.771561172376096e-16              
19      30             7.771561172376096e-16              
15      36             7.771561172376096e-16              
15      26             7.771561172376096e-16              
14      35             7.494005416219807e-16              
14      36             7.494005416219807e-16              
15      28             7.494005416219807e-16              
19      40             7.494005416219807e-16              
13      17             7.494005416219807e-16              
15      27             7.494005416219807e-16              
15      39             7.494005416219807e-16              
15      35             7.494005416219807e-16              
13      19             7.494005416219807e-16              
4       19             7.494005416219807e-16              
15      40             7.216449660063518e-16              
15      37             7.216449660063518e-16              
14      28             6.938893903907228e-16              
14      33             6.938893903907228e-16              
14      40             6.938893903907228e-16              
14      27             6.938893903907228e-16              
19      24             6.938893903907228e-16              
19      31             6.938893903907228e-16              
14      26             6.938893903907228e-16              
14      32             6.938893903907228e-16              
15      30             6.938893903907228e-16              
19      33             6.938893903907228e-16              
19      34             6.938893903907228e-16              
11      13             6.938893903907228e-16              
8       9              6.938893903907228e-16              
8       10             6.938893903907228e-16              
14      34             6.661338147750939e-16              
15      23             6.661338147750939e-16              
19      23             6.661338147750939e-16              
15      25             6.661338147750939e-16              
19      25             6.661338147750939e-16              
15      33             6.661338147750939e-16              
15      34             6.661338147750939e-16              
6       16             6.661338147750939e-16              
14      29             6.38378239159465e-16               
2       11             6.38378239159465e-16               
6       8              6.38378239159465e-16               
14      30             6.106226635438361e-16              
4       16             6.106226635438361e-16              
4       32             6.106226635438361e-16              
4       38             6.106226635438361e-16              
1       17             5.828670879282072e-16              
1       2              5.828670879282072e-16              
3       16             5.828670879282072e-16              
4       35             5.828670879282072e-16              
14      23             5.551115123125783e-16              
14      31             5.551115123125783e-16              
15      31             5.551115123125783e-16              
2       12             5.551115123125783e-16              
1       13             5.551115123125783e-16              
4       37             5.551115123125783e-16              
4       39             5.551115123125783e-16              
4       36             5.551115123125783e-16              
14      24             5.273559366969494e-16              
15      24             5.273559366969494e-16              
3       12             5.273559366969494e-16              
4       26             5.273559366969494e-16              
12      19             4.996003610813204e-16              
14      25             4.996003610813204e-16              
13      18             4.996003610813204e-16              
3       14             4.996003610813204e-16              
4       25             4.996003610813204e-16              
1       26             4.996003610813204e-16              
4       29             4.996003610813204e-16              
4       30             4.996003610813204e-16              
4       27             4.996003610813204e-16              
2       17             4.718447854656915e-16              
3       19             4.718447854656915e-16              
4       11             4.718447854656915e-16              
1       40             4.718447854656915e-16              
1       37             4.718447854656915e-16              
1       35             4.718447854656915e-16              
1       36             4.718447854656915e-16              
1       32             4.718447854656915e-16              
1       38             4.718447854656915e-16              
4       33             4.718447854656915e-16              
8       13             4.718447854656915e-16              
4       17             4.440892098500626e-16              
7       19             4.440892098500626e-16              
1       39             4.440892098500626e-16              
4       40             4.440892098500626e-16              
5       7              4.440892098500626e-16              
12      16             4.163336342344337e-16              
4       31             4.163336342344337e-16              
4       34             4.163336342344337e-16              
1       15             3.885780586188048e-16              
1       25             3.885780586188048e-16              
4       28             3.885780586188048e-16              
3       32             3.885780586188048e-16              
3       38             3.885780586188048e-16              
1       19             3.608224830031759e-16              
1       24             3.608224830031759e-16              
4       23             3.608224830031759e-16              
1       27             3.608224830031759e-16              
4       24             3.608224830031759e-16              
3       39             3.608224830031759e-16              
3       35             3.608224830031759e-16              
3       36             3.608224830031759e-16              
13      20             3.3306690738754696e-16             
3       18             3.3306690738754696e-16             
2       19             3.3306690738754696e-16             
13      15             3.3306690738754696e-16             
1       29             3.3306690738754696e-16             
1       30             3.3306690738754696e-16             
1       33             3.3306690738754696e-16             
1       34             3.3306690738754696e-16             
3       28             3.3306690738754696e-16             
3       27             3.3306690738754696e-16             
3       37             3.3306690738754696e-16             
2       15             3.0531133177191805e-16             
3       17             3.0531133177191805e-16             
3       15             3.0531133177191805e-16             
1       31             3.0531133177191805e-16             
2       35             3.0531133177191805e-16             
3       29             3.0531133177191805e-16             
3       40             3.0531133177191805e-16             
4       18             2.7755575615628914e-16             
13      14             2.7755575615628914e-16             
1       28             2.7755575615628914e-16             
2       39             2.7755575615628914e-16             
7       16             2.7755575615628914e-16             
3       26             2.7755575615628914e-16             
5       16             2.7755575615628914e-16             
12      17             2.498001805406602e-16              
2       28             2.498001805406602e-16              
2       27             2.498001805406602e-16              
2       26             2.498001805406602e-16              
2       32             2.498001805406602e-16              
2       38             2.498001805406602e-16              
3       30             2.498001805406602e-16              
3       33             2.498001805406602e-16              
3       34             2.498001805406602e-16              
4       20             2.220446049250313e-16              
2       36             2.220446049250313e-16              
3       24             2.220446049250313e-16              
6       13             2.220446049250313e-16              
1       18             1.942890293094024e-16              
1       11             1.942890293094024e-16              
2       37             1.942890293094024e-16              
3       31             1.942890293094024e-16              
3       25             1.942890293094024e-16              
2       18             1.6653345369377348e-16             
1       12             1.6653345369377348e-16             
4       15             1.6653345369377348e-16             
1       23             1.6653345369377348e-16             
3       23             1.6653345369377348e-16             
8       16             1.6653345369377348e-16             
7       36             1.6653345369377348e-16             
7       38             1.6653345369377348e-16             
1       9              1.6653345369377348e-16             
5       13             1.6653345369377348e-16             
2       29             1.3877787807814457e-16             
2       30             1.3877787807814457e-16             
2       33             1.3877787807814457e-16             
2       34             1.3877787807814457e-16             
2       40             1.3877787807814457e-16             
16      38             1.3877787807814457e-16             
7       35             1.3877787807814457e-16             
3       20             1.1102230246251565e-16             
2       25             1.1102230246251565e-16             
16      35             1.1102230246251565e-16             
16      36             1.1102230246251565e-16             
16      32             1.1102230246251565e-16             
7       37             1.1102230246251565e-16             
7       39             1.1102230246251565e-16             
7       26             1.1102230246251565e-16             
12      20             8.326672684688674e-17              
1       14             8.326672684688674e-17              
7       18             8.326672684688674e-17              
7       17             8.326672684688674e-17              
32      35             8.326672684688674e-17              
7       28             8.326672684688674e-17              
7       29             8.326672684688674e-17              
7       32             8.326672684688674e-17              
3       9              8.326672684688674e-17              
12      18             5.551115123125783e-17              
12      14             5.551115123125783e-17              
2       24             5.551115123125783e-17              
2       31             5.551115123125783e-17              
7       15             5.551115123125783e-17              
16      37             5.551115123125783e-17              
16      39             5.551115123125783e-17              
16      26             5.551115123125783e-17              
7       24             5.551115123125783e-17              
26      36             5.551115123125783e-17              
26      32             5.551115123125783e-17              
26      38             5.551115123125783e-17              
7       27             5.551115123125783e-17              
16      29             2.7755575615628914e-17             
6       15             2.7755575615628914e-17             
32      36             2.7755575615628914e-17             
32      38             2.7755575615628914e-17             
7       30             2.7755575615628914e-17             
7       33             2.7755575615628914e-17             
7       34             2.7755575615628914e-17             
10      13             2.7755575615628914e-17             
16      40             0.0                                
25      38             0.0                                
5       19             0.0                                
26      40             0.0                                
7       23             0.0                                
26      39             0.0                                
35      36             0.0                                
7       40             0.0                                
9       13             0.0                                
7       9              0.0                                
1       20             -2.7755575615628914e-17            
11      19             -2.7755575615628914e-17            
7       14             -2.7755575615628914e-17            
16      24             -2.7755575615628914e-17            
16      28             -2.7755575615628914e-17            
16      30             -2.7755575615628914e-17            
16      34             -2.7755575615628914e-17            
28      36             -2.7755575615628914e-17            
30      38             -2.7755575615628914e-17            
32      34             -2.7755575615628914e-17            
27      35             -2.7755575615628914e-17            
26      37             -2.7755575615628914e-17            
27      38             -2.7755575615628914e-17            
32      39             -2.7755575615628914e-17            
35      38             -2.7755575615628914e-17            
7       25             -2.7755575615628914e-17            
2       9              -2.7755575615628914e-17            
2       20             -5.551115123125783e-17             
12      15             -5.551115123125783e-17             
2       23             -5.551115123125783e-17             
10      14             -5.551115123125783e-17             
16      25             -5.551115123125783e-17             
16      27             -5.551115123125783e-17             
25      26             -5.551115123125783e-17             
29      35             -5.551115123125783e-17             
29      36             -5.551115123125783e-17             
33      36             -5.551115123125783e-17             
26      30             -5.551115123125783e-17             
26      33             -5.551115123125783e-17             
26      34             -5.551115123125783e-17             
29      38             -5.551115123125783e-17             
27      36             -5.551115123125783e-17             
27      32             -5.551115123125783e-17             
7       31             -5.551115123125783e-17             
26      35             -5.551115123125783e-17             
5       26             -5.551115123125783e-17             
5       32             -5.551115123125783e-17             
2       14             -8.326672684688674e-17             
24      32             -8.326672684688674e-17             
24      38             -8.326672684688674e-17             
27      34             -8.326672684688674e-17             
27      40             -8.326672684688674e-17             
28      39             -8.326672684688674e-17             
31      38             -8.326672684688674e-17             
25      36             -8.326672684688674e-17             
25      32             -8.326672684688674e-17             
27      37             -8.326672684688674e-17             
27      39             -8.326672684688674e-17             
28      35             -8.326672684688674e-17             
28      32             -8.326672684688674e-17             
28      38             -8.326672684688674e-17             
29      32             -8.326672684688674e-17             
32      33             -8.326672684688674e-17             
33      38             -8.326672684688674e-17             
32      37             -8.326672684688674e-17             
5       35             -8.326672684688674e-17             
5       38             -8.326672684688674e-17             
8       19             -1.1102230246251565e-16            
16      33             -1.1102230246251565e-16            
25      33             -1.1102230246251565e-16            
25      34             -1.1102230246251565e-16            
25      40             -1.1102230246251565e-16            
30      33             -1.1102230246251565e-16            
24      35             -1.1102230246251565e-16            
25      37             -1.1102230246251565e-16            
31      36             -1.1102230246251565e-16            
29      37             -1.1102230246251565e-16            
30      37             -1.1102230246251565e-16            
25      35             -1.1102230246251565e-16            
30      36             -1.1102230246251565e-16            
33      35             -1.1102230246251565e-16            
34      36             -1.1102230246251565e-16            
26      28             -1.1102230246251565e-16            
26      29             -1.1102230246251565e-16            
30      32             -1.1102230246251565e-16            
32      40             -1.1102230246251565e-16            
34      38             -1.1102230246251565e-16            
35      37             -1.1102230246251565e-16            
26      27             -1.1102230246251565e-16            
5       39             -1.1102230246251565e-16            
5       36             -1.1102230246251565e-16            
24      27             -1.3877787807814457e-16            
24      39             -1.3877787807814457e-16            
25      30             -1.3877787807814457e-16            
23      32             -1.3877787807814457e-16            
23      38             -1.3877787807814457e-16            
29      40             -1.3877787807814457e-16            
30      34             -1.3877787807814457e-16            
30      40             -1.3877787807814457e-16            
33      34             -1.3877787807814457e-16            
33      40             -1.3877787807814457e-16            
24      36             -1.3877787807814457e-16            
25      27             -1.3877787807814457e-16            
25      39             -1.3877787807814457e-16            
31      35             -1.3877787807814457e-16            
26      31             -1.3877787807814457e-16            
27      30             -1.3877787807814457e-16            
27      33             -1.3877787807814457e-16            
28      37             -1.3877787807814457e-16            
29      39             -1.3877787807814457e-16            
33      37             -1.3877787807814457e-16            
33      39             -1.3877787807814457e-16            
30      35             -1.3877787807814457e-16            
35      40             -1.3877787807814457e-16            
9       16             -1.3877787807814457e-16            
5       27             -1.3877787807814457e-16            
5       37             -1.3877787807814457e-16            
7       20             -1.6653345369377348e-16            
6       17             -1.6653345369377348e-16            
16      31             -1.6653345369377348e-16            
23      35             -1.6653345369377348e-16            
23      36             -1.6653345369377348e-16            
24      37             -1.6653345369377348e-16            
31      37             -1.6653345369377348e-16            
31      39             -1.6653345369377348e-16            
28      29             -1.6653345369377348e-16            
28      30             -1.6653345369377348e-16            
28      40             -1.6653345369377348e-16            
29      34             -1.6653345369377348e-16            
24      26             -1.6653345369377348e-16            
27      29             -1.6653345369377348e-16            
30      39             -1.6653345369377348e-16            
34      39             -1.6653345369377348e-16            
34      35             -1.6653345369377348e-16            
35      39             -1.6653345369377348e-16            
5       29             -1.6653345369377348e-16            
5       40             -1.6653345369377348e-16            
9       10             -1.6653345369377348e-16            
23      27             -1.942890293094024e-16             
23      37             -1.942890293094024e-16             
23      39             -1.942890293094024e-16             
24      28             -1.942890293094024e-16             
24      30             -1.942890293094024e-16             
24      34             -1.942890293094024e-16             
31      40             -1.942890293094024e-16             
5       17             -1.942890293094024e-16             
23      26             -1.942890293094024e-16             
28      34             -1.942890293094024e-16             
29      33             -1.942890293094024e-16             
27      28             -1.942890293094024e-16             
5       28             -1.942890293094024e-16             
5       30             -1.942890293094024e-16             
5       34             -1.942890293094024e-16             
11      16             -2.220446049250313e-16             
23      34             -2.220446049250313e-16             
9       14             -2.220446049250313e-16             
24      33             -2.220446049250313e-16             
24      40             -2.220446049250313e-16             
28      31             -2.220446049250313e-16             
31      34             -2.220446049250313e-16             
25      29             -2.220446049250313e-16             
27      31             -2.220446049250313e-16             
6       19             -2.220446049250313e-16             
28      33             -2.220446049250313e-16             
29      30             -2.220446049250313e-16             
31      32             -2.220446049250313e-16             
34      37             -2.220446049250313e-16             
10      16             -2.220446049250313e-16             
5       25             -2.220446049250313e-16             
5       33             -2.220446049250313e-16             
16      23             -2.498001805406602e-16             
23      28             -2.498001805406602e-16             
23      30             -2.498001805406602e-16             
23      33             -2.498001805406602e-16             
24      29             -2.498001805406602e-16             
29      31             -2.498001805406602e-16             
30      31             -2.498001805406602e-16             
8       15             -2.498001805406602e-16             
34      40             -2.498001805406602e-16             
5       15             -2.498001805406602e-16             
23      40             -2.7755575615628914e-16            
25      31             -2.7755575615628914e-16            
25      28             -2.7755575615628914e-16            
10      19             -2.7755575615628914e-16            
5       24             -2.7755575615628914e-16            
5       31             -2.7755575615628914e-16            
6       18             -3.0531133177191805e-16            
8       17             -3.0531133177191805e-16            
21      38             -3.0531133177191805e-16            
24      31             -3.0531133177191805e-16            
23      29             -3.0531133177191805e-16            
24      25             -3.0531133177191805e-16            
13      39             -3.0531133177191805e-16            
13      36             -3.0531133177191805e-16            
6       27             -3.0531133177191805e-16            
8       26             -3.0531133177191805e-16            
6       26             -3.0531133177191805e-16            
6       38             -3.0531133177191805e-16            
3       10             -3.0531133177191805e-16            
8       18             -3.3306690738754696e-16            
23      31             -3.3306690738754696e-16            
21      36             -3.3306690738754696e-16            
11      39             -3.3306690738754696e-16            
11      35             -3.3306690738754696e-16            
11      36             -3.3306690738754696e-16            
11      32             -3.3306690738754696e-16            
13      35             -3.3306690738754696e-16            
13      32             -3.3306690738754696e-16            
13      38             -3.3306690738754696e-16            
6       37             -3.3306690738754696e-16            
15      21             -3.608224830031759e-16             
22      36             -3.608224830031759e-16             
22      32             -3.608224830031759e-16             
22      38             -3.608224830031759e-16             
21      35             -3.608224830031759e-16             
21      32             -3.608224830031759e-16             
23      25             -3.608224830031759e-16             
11      38             -3.608224830031759e-16             
31      33             -3.608224830031759e-16             
13      37             -3.608224830031759e-16             
8       28             -3.608224830031759e-16             
6       25             -3.608224830031759e-16             
8       37             -3.608224830031759e-16             
13      26             -3.608224830031759e-16             
8       35             -3.608224830031759e-16             
8       36             -3.608224830031759e-16             
6       36             -3.608224830031759e-16             
15      22             -3.885780586188048e-16             
21      39             -3.885780586188048e-16             
8       14             -3.885780586188048e-16             
11      40             -3.885780586188048e-16             
23      24             -3.885780586188048e-16             
13      33             -3.885780586188048e-16             
6       28             -3.885780586188048e-16             
8       32             -3.885780586188048e-16             
8       38             -3.885780586188048e-16             
6       35             -3.885780586188048e-16             
6       32             -3.885780586188048e-16             
21      34             -4.163336342344337e-16             
21      40             -4.163336342344337e-16             
22      37             -4.163336342344337e-16             
22      39             -4.163336342344337e-16             
21      37             -4.163336342344337e-16             
22      35             -4.163336342344337e-16             
5       18             -4.163336342344337e-16             
6       14             -4.163336342344337e-16             
11      37             -4.163336342344337e-16             
11      26             -4.163336342344337e-16             
13      29             -4.163336342344337e-16             
13      40             -4.163336342344337e-16             
6       24             -4.163336342344337e-16             
8       25             -4.163336342344337e-16             
13      27             -4.163336342344337e-16             
6       29             -4.163336342344337e-16             
8       27             -4.163336342344337e-16             
8       39             -4.163336342344337e-16             
6       39             -4.163336342344337e-16             
10      28             -4.163336342344337e-16             
10      39             -4.163336342344337e-16             
10      35             -4.163336342344337e-16             
10      36             -4.163336342344337e-16             
5       20             -4.440892098500626e-16             
11      33             -4.440892098500626e-16             
11      27             -4.440892098500626e-16             
10      17             -4.440892098500626e-16             
13      28             -4.440892098500626e-16             
8       29             -4.440892098500626e-16             
8       40             -4.440892098500626e-16             
6       40             -4.440892098500626e-16             
10      37             -4.440892098500626e-16             
10      38             -4.440892098500626e-16             
11      17             -4.718447854656915e-16             
22      34             -4.718447854656915e-16             
22      40             -4.718447854656915e-16             
21      30             -4.718447854656915e-16             
21      33             -4.718447854656915e-16             
21      27             -4.718447854656915e-16             
5       14             -4.718447854656915e-16             
13      25             -4.718447854656915e-16             
13      30             -4.718447854656915e-16             
13      34             -4.718447854656915e-16             
8       30             -4.718447854656915e-16             
8       33             -4.718447854656915e-16             
6       33             -4.718447854656915e-16             
10      27             -4.718447854656915e-16             
10      26             -4.718447854656915e-16             
22      30             -4.996003610813204e-16             
11      24             -4.996003610813204e-16             
11      31             -4.996003610813204e-16             
21      28             -4.996003610813204e-16             
11      28             -4.996003610813204e-16             
11      34             -4.996003610813204e-16             
22      26             -4.996003610813204e-16             
21      26             -4.996003610813204e-16             
13      24             -4.996003610813204e-16             
8       31             -4.996003610813204e-16             
10      32             -4.996003610813204e-16             
5       10             -4.996003610813204e-16             
22      28             -5.273559366969494e-16             
22      33             -5.273559366969494e-16             
11      29             -5.273559366969494e-16             
11      30             -5.273559366969494e-16             
9       17             -5.273559366969494e-16             
8       24             -5.273559366969494e-16             
8       34             -5.273559366969494e-16             
5       23             -5.273559366969494e-16             
6       30             -5.273559366969494e-16             
6       34             -5.273559366969494e-16             
10      24             -5.273559366969494e-16             
10      25             -5.273559366969494e-16             
10      30             -5.273559366969494e-16             
10      40             -5.273559366969494e-16             
9       35             -5.273559366969494e-16             
9       38             -5.273559366969494e-16             
8       20             -5.551115123125783e-16             
21      31             -5.551115123125783e-16             
21      25             -5.551115123125783e-16             
21      29             -5.551115123125783e-16             
11      25             -5.551115123125783e-16             
13      31             -5.551115123125783e-16             
9       37             -5.551115123125783e-16             
9       39             -5.551115123125783e-16             
1       10             -5.551115123125783e-16             
9       26             -5.551115123125783e-16             
11      20             -5.828670879282072e-16             
22      27             -5.828670879282072e-16             
9       19             -5.828670879282072e-16             
36      40             -5.828670879282072e-16             
8       23             -5.828670879282072e-16             
36      39             -5.828670879282072e-16             
6       23             -5.828670879282072e-16             
38      39             -5.828670879282072e-16             
36      38             -5.828670879282072e-16             
10      33             -5.828670879282072e-16             
10      34             -5.828670879282072e-16             
9       36             -5.828670879282072e-16             
9       32             -5.828670879282072e-16             
11      18             -6.106226635438361e-16             
21      23             -6.106226635438361e-16             
22      31             -6.106226635438361e-16             
21      24             -6.106226635438361e-16             
13      23             -6.106226635438361e-16             
36      37             -6.106226635438361e-16             
6       31             -6.106226635438361e-16             
9       28             -6.106226635438361e-16             
9       30             -6.106226635438361e-16             
9       40             -6.106226635438361e-16             
10      29             -6.106226635438361e-16             
9       27             -6.106226635438361e-16             
5       9              -6.106226635438361e-16             
22      23             -6.38378239159465e-16              
6       20             -6.38378239159465e-16              
22      25             -6.38378239159465e-16              
22      29             -6.38378239159465e-16              
10      15             -6.38378239159465e-16              
37      39             -6.38378239159465e-16              
37      38             -6.38378239159465e-16              
9       24             -6.38378239159465e-16              
9       25             -6.38378239159465e-16              
9       34             -6.38378239159465e-16              
7       10             -6.38378239159465e-16              
11      14             -6.661338147750939e-16             
22      24             -6.661338147750939e-16             
11      23             -6.661338147750939e-16             
10      23             -6.661338147750939e-16             
10      31             -6.661338147750939e-16             
9       29             -6.661338147750939e-16             
9       33             -6.661338147750939e-16             
38      40             -6.938893903907228e-16             
14      21             -7.216449660063518e-16             
10      20             -7.216449660063518e-16             
39      40             -7.216449660063518e-16             
14      22             -7.494005416219807e-16             
9       20             -7.494005416219807e-16             
9       18             -7.494005416219807e-16             
9       15             -7.494005416219807e-16             
37      40             -7.494005416219807e-16             
9       31             -7.494005416219807e-16             
4       10             -7.771561172376096e-16             
11      15             -8.049116928532385e-16             
10      18             -8.049116928532385e-16             
2       10             -8.049116928532385e-16             
9       23             -8.326672684688674e-16             
12      32             -8.881784197001252e-16             
12      36             -9.159339953157541e-16             
12      38             -9.43689570931383e-16              
1       8              -9.43689570931383e-16              
12      39             -9.71445146547012e-16              
2       8              -9.71445146547012e-16              
12      37             -9.992007221626409e-16             
12      35             -9.992007221626409e-16             
2       4              -9.992007221626409e-16             
4       9              -9.992007221626409e-16             
12      26             -1.0269562977782698e-15            
1       4              -1.0269562977782698e-15            
11      21             -1.0547118733938987e-15            
12      29             -1.0547118733938987e-15            
12      33             -1.0547118733938987e-15            
12      40             -1.0547118733938987e-15            
12      34             -1.0824674490095276e-15            
12      27             -1.0824674490095276e-15            
12      28             -1.1102230246251565e-15            
12      24             -1.1379786002407855e-15            
12      23             -1.1657341758564144e-15            
16      19             -1.1657341758564144e-15            
11      22             -1.1934897514720433e-15            
12      31             -1.1934897514720433e-15            
12      30             -1.1934897514720433e-15            
12      25             -1.2212453270876722e-15            
16      21             -1.3600232051658168e-15            
7       8              -1.3600232051658168e-15            
1       3              -1.3877787807814457e-15            
14      16             -1.4155343563970746e-15            
15      16             -1.4155343563970746e-15            
16      18             -1.4710455076283324e-15            
21      22             -1.4710455076283324e-15            
16      17             -1.4710455076283324e-15            
16      22             -1.4710455076283324e-15            
15      17             -1.582067810090848e-15             
5       6              -1.582067810090848e-15             
15      19             -1.609823385706477e-15             
13      22             -1.6375789613221059e-15            
6       10             -1.6653345369377348e-15            
16      20             -1.6930901125533637e-15            
13      21             -1.7208456881689926e-15            
4       7              -1.7208456881689926e-15            
14      19             -1.7763568394002505e-15            
14      15             -1.8041124150158794e-15            
14      17             -1.8318679906315083e-15            
15      18             -1.8318679906315083e-15            
2       7              -1.8318679906315083e-15            
3       5              -1.8596235662471372e-15            
14      18             -1.887379141862766e-15             
20      21             -1.887379141862766e-15             
17      19             -1.942890293094024e-15             
20      22             -1.970645868709653e-15             
12      22             -1.970645868709653e-15             
12      21             -1.9984014443252818e-15            
2       3              -1.9984014443252818e-15            
11      12             -2.0261570199409107e-15            
14      20             -2.0816681711721685e-15            
15      20             -2.0816681711721685e-15            
19      21             -2.0816681711721685e-15            
19      22             -2.1094237467877974e-15            
4       6              -2.1094237467877974e-15            
3       6              -2.1371793224034263e-15            
1       7              -2.3592239273284576e-15            
2       5              -2.3869795029440866e-15            
17      18             -2.4147350785597155e-15            
6       9              -2.4702462297909733e-15            
17      20             -2.4980018054066022e-15            
3       7              -2.525757381022231e-15             
4       8              -2.581268532253489e-15             
4       5              -2.6645352591003757e-15            
18      19             -2.7478019859472624e-15            
19      20             -2.886579864025407e-15             
3       4              -2.9698465908722937e-15            
3       8              -2.9698465908722937e-15            
1       5              -2.9698465908722937e-15            
18      20             -3.247402347028583e-15             
2       6              -3.7192471324942744e-15            
1       6              -3.747002708109903e-15             
18      21             -4.884981308350689e-15             
18      22             -4.912736883966318e-15             
17      21             -4.9682480351975755e-15            
17      22             -5.134781488891349e-15             
