#======================================================================
# PARAMETERS USED FOR THIS COMPUTATION: 
#      Sequence type: RNA
#      Total number of sequences in alignment data: 2
#      Length of sequences in alignment data: 37
#      Effective number of sequences: 2.0
#      Value of sequence identity: 0.8
#      Value of relative pseudocount: 0.5
# The First and Second columns represent sites and the
# Third column is MFDCA Frobenius norm, average product corrected (APC) DCA score
#======================================================================
13      22             0.2527944657465536                 
1       22             0.2527944657465533                 
15      22             0.2527944657465533                 
12      22             0.25279446574655323                
10      22             0.25279446574655295                
12      24             0.2527944657465529                 
9       22             0.2527944657465528                 
12      25             0.2527944657465528                 
8       22             0.25279446574655273                
12      30             0.25279446574655273                
12      28             0.2527944657465527                 
12      27             0.2527944657465526                 
12      37             0.2527944657465526                 
10      24             0.2527944657465525                 
10      25             0.2527944657465525                 
10      27             0.25279446574655245                
10      37             0.25279446574655245                
9       25             0.25279446574655245                
10      28             0.2527944657465524                 
10      30             0.25279446574655234                
9       24             0.25279446574655234                
9       28             0.25279446574655234                
9       27             0.2527944657465523                 
9       30             0.2527944657465523                 
8       30             0.25279446574655223                
9       37             0.2527944657465522                 
8       27             0.2527944657465521                 
8       24             0.25279446574655207                
8       25             0.25279446574655207                
8       28             0.25279446574655207                
1       24             0.25279446574655207                
1       25             0.25279446574655207                
15      24             0.25279446574655207                
13      15             0.25279446574655207                
8       37             0.252794465746552                  
1       37             0.25279446574655196                
1       28             0.25279446574655196                
15      37             0.25279446574655196                
15      25             0.25279446574655196                
1       27             0.25279446574655184                
15      27             0.25279446574655184                
15      30             0.25279446574655184                
15      28             0.25279446574655184                
1       30             0.25279446574655173                
13      24             0.2527944657465516                 
13      25             0.2527944657465516                 
13      27             0.2527944657465514                 
13      37             0.2527944657465514                 
13      28             0.2527944657465514                 
13      30             0.2527944657465513                 
1       13             0.25279446574655073                
1       8              0.2527944657465507                 
10      15             0.2527944657465507                 
12      13             0.2527944657465507                 
9       13             0.25279446574655057                
8       13             0.2527944657465505                 
12      15             0.2527944657465505                 
9       10             0.2527944657465503                 
10      12             0.2527944657465503                 
10      13             0.2527944657465503                 
9       15             0.2527944657465503                 
1       12             0.2527944657465501                 
8       15             0.2527944657465501                 
9       12             0.25279446574655                   
8       12             0.25279446574654985                
8       10             0.2527944657465498                 
1       10             0.2527944657465498                 
24      25             0.25279446574654946                
25      28             0.25279446574654946                
27      30             0.2527944657465494                 
27      37             0.2527944657465494                 
27      28             0.2527944657465494                 
1       15             0.2527944657465494                 
24      37             0.25279446574654935                
25      30             0.25279446574654935                
25      37             0.25279446574654935                
28      37             0.25279446574654935                
24      28             0.25279446574654935                
30      37             0.2527944657465493                 
8       9              0.2527944657465493                 
24      27             0.25279446574654924                
24      30             0.25279446574654924                
25      27             0.25279446574654924                
28      30             0.25279446574654924                
1       9              0.25279446574654924                
22      25             0.2527944657465491                 
22      27             0.2527944657465489                 
22      37             0.2527944657465489                 
22      24             0.2527944657465489                 
22      28             0.2527944657465489                 
22      30             0.2527944657465488                 
11      19             0.08729174978353765                
2       3              0.08729174978353749                
11      18             0.08729174978353743                
11      20             0.08729174978353738                
11      17             0.08729174978353729                
17      19             0.08729174978353721                
14      17             0.08729174978353718                
17      20             0.08729174978353715                
4       7              0.08729174978353701                
17      18             0.08729174978353701                
34      35             0.08729174978353693                
34      36             0.08729174978353693                
35      36             0.08729174978353693                
14      19             0.08729174978353693                
11      16             0.08729174978353688                
11      14             0.08729174978353688                
14      18             0.08729174978353685                
14      16             0.08729174978353679                
14      20             0.08729174978353679                
16      19             0.08729174978353674                
4       5              0.08729174978353668                
16      17             0.08729174978353654                
16      20             0.08729174978353652                
18      19             0.08729174978353652                
19      20             0.08729174978353646                
16      18             0.08729174978353627                
18      20             0.08729174978353624                
4       6              0.08729174978353621                
3       4              0.08729174978353599                
26      29             0.08729174978353588                
23      29             0.08729174978353588                
23      31             0.08729174978353588                
23      33             0.08729174978353588                
23      36             0.08729174978353585                
26      31             0.08729174978353582                
26      33             0.08729174978353582                
29      33             0.08729174978353582                
31      32             0.08729174978353582                
32      33             0.08729174978353582                
33      35             0.0872917497835358                 
23      34             0.0872917497835358                 
23      35             0.0872917497835358                 
11      21             0.0872917497835358                 
26      32             0.08729174978353577                
29      31             0.08729174978353577                
31      33             0.08729174978353577                
23      26             0.08729174978353577                
26      35             0.08729174978353574                
26      36             0.08729174978353574                
29      35             0.08729174978353574                
29      36             0.08729174978353574                
32      36             0.08729174978353574                
23      32             0.08729174978353571                
5       6              0.08729174978353568                
26      34             0.08729174978353568                
31      36             0.08729174978353568                
32      35             0.08729174978353568                
33      36             0.08729174978353568                
29      32             0.08729174978353565                
21      33             0.08729174978353563                
29      34             0.08729174978353563                
31      35             0.08729174978353563                
32      34             0.08729174978353563                
33      34             0.08729174978353563                
21      23             0.0872917497835356                 
21      29             0.08729174978353557                
21      31             0.08729174978353557                
31      34             0.08729174978353557                
21      36             0.08729174978353554                
21      32             0.08729174978353552                
21      34             0.08729174978353549                
21      35             0.08729174978353549                
21      26             0.08729174978353546                
5       7              0.08729174978353521                
14      21             0.08729174978353518                
2       5              0.08729174978353507                
6       7              0.08729174978353507                
3       6              0.08729174978353504                
2       4              0.08729174978353499                
3       5              0.08729174978353474                
20      21             0.0872917497835346                 
2       6              0.08729174978353454                
17      21             0.08729174978353452                
3       7              0.08729174978353446                
16      21             0.08729174978353438                
18      21             0.08729174978353366                
2       7              0.08729174978353352                
7       19             0.08729174978353296                
7       17             0.08729174978353293                
7       14             0.08729174978353291                
4       11             0.08729174978353288                
5       14             0.0872917497835328                 
5       19             0.0872917497835328                 
19      21             0.08729174978353277                
7       20             0.08729174978353274                
7       18             0.08729174978353266                
2       14             0.08729174978353266                
5       16             0.08729174978353266                
7       16             0.0872917497835326                 
5       18             0.0872917497835326                 
2       19             0.0872917497835326                 
5       20             0.08729174978353255                
5       17             0.08729174978353249                
2       17             0.08729174978353241                
6       14             0.08729174978353232                
2       20             0.08729174978353227                
6       19             0.08729174978353227                
3       17             0.08729174978353224                
2       18             0.08729174978353219                
3       19             0.08729174978353216                
3       20             0.08729174978353213                
6       18             0.08729174978353207                
6       20             0.08729174978353207                
6       17             0.08729174978353207                
2       16             0.08729174978353202                
3       18             0.08729174978353202                
3       16             0.0872917497835318                 
6       16             0.0872917497835318                 
4       17             0.08729174978353163                
3       14             0.0872917497835316                 
7       11             0.08729174978353157                
4       14             0.08729174978353149                
4       19             0.08729174978353149                
4       16             0.08729174978353146                
4       18             0.08729174978353135                
7       29             0.08729174978353132                
7       33             0.08729174978353132                
7       23             0.0872917497835313                 
7       31             0.08729174978353127                
4       20             0.08729174978353124                
7       32             0.08729174978353121                
7       35             0.08729174978353119                
7       36             0.08729174978353119                
7       26             0.08729174978353116                
7       34             0.08729174978353113                
5       31             0.0872917497835311                 
5       33             0.0872917497835311                 
2       11             0.0872917497835311                 
5       26             0.08729174978353105                
5       32             0.08729174978353105                
6       11             0.08729174978353105                
5       29             0.08729174978353099                
5       23             0.08729174978353099                
5       34             0.08729174978353096                
5       35             0.08729174978353096                
5       36             0.08729174978353091                
2       31             0.08729174978353085                
2       32             0.08729174978353085                
2       33             0.08729174978353085                
2       23             0.08729174978353083                
2       35             0.08729174978353077                
2       29             0.08729174978353074                
2       34             0.08729174978353071                
2       36             0.08729174978353071                
3       11             0.08729174978353071                
2       26             0.08729174978353069                
6       26             0.08729174978353069                
18      31             0.08729174978353066                
6       31             0.08729174978353063                
18      26             0.0872917497835306                 
18      33             0.0872917497835306                 
3       23             0.08729174978353058                
4       21             0.08729174978353058                
18      35             0.08729174978353058                
6       23             0.08729174978353058                
18      23             0.08729174978353058                
3       32             0.08729174978353052                
3       33             0.08729174978353052                
6       29             0.08729174978353052                
6       32             0.08729174978353052                
18      36             0.08729174978353052                
18      32             0.08729174978353049                
3       26             0.08729174978353046                
3       29             0.08729174978353046                
3       31             0.08729174978353046                
3       34             0.08729174978353044                
18      29             0.08729174978353044                
11      26             0.08729174978353044                
11      31             0.08729174978353044                
6       33             0.08729174978353041                
18      34             0.08729174978353041                
3       35             0.08729174978353038                
6       35             0.08729174978353038                
6       36             0.08729174978353038                
11      23             0.08729174978353038                
3       36             0.08729174978353033                
6       34             0.08729174978353033                
16      31             0.08729174978353033                
11      32             0.08729174978353033                
11      33             0.08729174978353033                
16      23             0.0872917497835303                 
19      26             0.0872917497835303                 
16      33             0.08729174978353027                
11      36             0.08729174978353027                
11      29             0.08729174978353027                
16      32             0.08729174978353021                
11      35             0.08729174978353021                
19      23             0.08729174978353019                
16      26             0.08729174978353016                
16      35             0.08729174978353013                
16      29             0.0872917497835301                 
11      34             0.0872917497835301                 
16      34             0.08729174978353008                
16      36             0.08729174978353008                
19      29             0.08729174978353008                
19      31             0.08729174978353008                
19      32             0.08729174978353008                
17      31             0.08729174978353002                
5       11             0.08729174978353002                
19      33             0.08729174978353002                
19      34             0.08729174978352999                
19      36             0.08729174978352999                
17      26             0.08729174978352996                
17      36             0.08729174978352994                
19      35             0.08729174978352994                
4       26             0.08729174978352991                
4       31             0.08729174978352991                
4       32             0.08729174978352991                
4       23             0.08729174978352991                
17      29             0.08729174978352991                
17      32             0.08729174978352991                
17      33             0.08729174978352991                
7       21             0.08729174978352988                
17      35             0.08729174978352988                
17      23             0.08729174978352988                
4       36             0.08729174978352983                
17      34             0.08729174978352983                
4       33             0.0872917497835298                 
6       21             0.08729174978352977                
4       29             0.08729174978352974                
14      23             0.08729174978352974                
4       34             0.08729174978352972                
4       35             0.08729174978352972                
20      23             0.08729174978352972                
14      31             0.08729174978352969                
14      26             0.08729174978352963                
14      29             0.08729174978352963                
14      32             0.08729174978352963                
20      26             0.0872917497835296                 
14      36             0.0872917497835296                 
14      33             0.08729174978352958                
20      31             0.08729174978352955                
14      34             0.08729174978352955                
20      32             0.0872917497835295                 
20      33             0.0872917497835295                 
20      36             0.08729174978352947                
20      29             0.08729174978352944                
14      35             0.08729174978352944                
20      34             0.08729174978352941                
20      35             0.08729174978352941                
3       21             0.0872917497835291                 
5       21             0.087291749783529                  
2       21             0.08729174978352874                
4       9              -0.13957952563340845               
4       10             -0.13957952563340886               
4       8              -0.13957952563340892               
1       3              -0.13957952563340925               
1       4              -0.13957952563340958               
6       9              -0.1395795256334098                
2       9              -0.13957952563340992               
1       6              -0.13957952563340992               
2       8              -0.13957952563340997               
1       7              -0.13957952563340997               
3       8              -0.13957952563341003               
6       10             -0.13957952563341003               
4       13             -0.13957952563341003               
4       12             -0.13957952563341014               
2       10             -0.13957952563341017               
3       9              -0.13957952563341017               
3       10             -0.1395795256334102                
5       9              -0.13957952563341036               
11      13             -0.13957952563341036               
2       12             -0.1395795256334104                
7       9              -0.1395795256334104                
4       15             -0.1395795256334104                
11      15             -0.13957952563341042               
7       10             -0.13957952563341058               
6       8              -0.13957952563341058               
4       25             -0.13957952563341064               
4       28             -0.13957952563341064               
4       27             -0.13957952563341067               
4       24             -0.13957952563341067               
4       30             -0.1395795256334107                
5       10             -0.13957952563341072               
4       37             -0.13957952563341075               
1       5              -0.13957952563341078               
24      26             -0.13957952563341078               
24      32             -0.13957952563341078               
25      26             -0.13957952563341078               
25      29             -0.13957952563341078               
25      31             -0.13957952563341078               
25      32             -0.13957952563341078               
25      33             -0.13957952563341078               
27      29             -0.13957952563341078               
27      31             -0.13957952563341078               
27      32             -0.13957952563341078               
28      29             -0.13957952563341078               
28      31             -0.13957952563341078               
28      33             -0.13957952563341078               
8       19             -0.13957952563341078               
20      22             -0.1395795256334108                
24      29             -0.1395795256334108                
24      31             -0.1395795256334108                
27      33             -0.1395795256334108                
28      32             -0.1395795256334108                
30      32             -0.1395795256334108                
2       22             -0.13957952563341083               
28      35             -0.13957952563341083               
24      33             -0.13957952563341083               
30      31             -0.13957952563341083               
30      33             -0.13957952563341083               
4       22             -0.13957952563341086               
24      35             -0.13957952563341086               
28      36             -0.13957952563341086               
8       17             -0.13957952563341086               
24      34             -0.1395795256334109                
24      36             -0.1395795256334109                
25      34             -0.1395795256334109                
25      35             -0.1395795256334109                
25      36             -0.1395795256334109                
28      34             -0.1395795256334109                
5       8              -0.13957952563341092               
14      15             -0.13957952563341092               
27      34             -0.13957952563341094               
27      35             -0.13957952563341094               
27      36             -0.13957952563341094               
30      36             -0.13957952563341094               
22      23             -0.13957952563341094               
22      31             -0.13957952563341097               
22      26             -0.139579525633411                 
22      29             -0.139579525633411                 
22      32             -0.139579525633411                 
30      35             -0.139579525633411                 
30      34             -0.13957952563341103               
22      33             -0.13957952563341106               
22      36             -0.13957952563341108               
8       14             -0.13957952563341108               
3       12             -0.1395795256334111                
22      34             -0.1395795256334111                
22      35             -0.1395795256334111                
2       13             -0.1395795256334111                
8       18             -0.1395795256334111                
8       20             -0.1395795256334111                
2       15             -0.13957952563341117               
12      19             -0.13957952563341117               
13      19             -0.13957952563341117               
19      22             -0.1395795256334112                
3       22             -0.13957952563341122               
8       16             -0.13957952563341122               
12      14             -0.13957952563341122               
12      17             -0.13957952563341128               
13      17             -0.13957952563341128               
6       15             -0.1395795256334113                
9       14             -0.1395795256334113                
9       19             -0.1395795256334113                
15      17             -0.1395795256334113                
15      19             -0.1395795256334113                
11      12             -0.13957952563341133               
3       15             -0.1395795256334114                
6       13             -0.1395795256334114                
10      19             -0.1395795256334114                
9       17             -0.1395795256334114                
1       19             -0.13957952563341142               
6       24             -0.13957952563341144               
6       25             -0.13957952563341144               
6       28             -0.13957952563341144               
10      17             -0.13957952563341147               
35      37             -0.1395795256334115                
12      20             -0.1395795256334115                
10      14             -0.1395795256334115                
7       8              -0.13957952563341153               
6       27             -0.13957952563341153               
6       30             -0.13957952563341153               
36      37             -0.13957952563341153               
3       13             -0.13957952563341153               
12      16             -0.13957952563341153               
13      16             -0.13957952563341153               
13      20             -0.13957952563341153               
13      14             -0.13957952563341153               
1       2              -0.13957952563341156               
34      37             -0.13957952563341156               
9       20             -0.13957952563341156               
1       17             -0.13957952563341156               
11      22             -0.13957952563341156               
1       14             -0.13957952563341156               
6       12             -0.13957952563341158               
12      18             -0.13957952563341158               
26      30             -0.1395795256334116                
31      37             -0.1395795256334116                
26      28             -0.1395795256334116                
23      28             -0.1395795256334116                
9       18             -0.1395795256334116                
15      20             -0.1395795256334116                
3       28             -0.13957952563341164               
6       37             -0.13957952563341164               
7       13             -0.13957952563341164               
32      37             -0.13957952563341164               
20      24             -0.13957952563341164               
20      28             -0.13957952563341164               
23      24             -0.13957952563341164               
23      25             -0.13957952563341164               
3       30             -0.13957952563341167               
3       24             -0.13957952563341167               
3       25             -0.13957952563341167               
26      27             -0.13957952563341167               
26      37             -0.13957952563341167               
20      27             -0.13957952563341167               
20      30             -0.13957952563341167               
23      30             -0.13957952563341167               
23      37             -0.13957952563341167               
17      25             -0.13957952563341167               
17      28             -0.13957952563341167               
13      18             -0.13957952563341167               
2       25             -0.1395795256334117                
29      30             -0.1395795256334117                
33      37             -0.1395795256334117                
20      37             -0.1395795256334117                
23      27             -0.1395795256334117                
20      25             -0.1395795256334117                
10      20             -0.1395795256334117                
9       16             -0.1395795256334117                
2       24             -0.13957952563341172               
3       27             -0.13957952563341172               
29      37             -0.13957952563341172               
17      30             -0.13957952563341172               
17      37             -0.13957952563341172               
17      24             -0.13957952563341172               
1       20             -0.13957952563341172               
15      18             -0.13957952563341172               
2       30             -0.13957952563341175               
2       37             -0.13957952563341175               
2       28             -0.13957952563341175               
3       37             -0.13957952563341175               
19      24             -0.13957952563341175               
2       27             -0.13957952563341178               
6       22             -0.13957952563341178               
10      16             -0.13957952563341178               
17      27             -0.13957952563341178               
19      27             -0.13957952563341178               
15      16             -0.13957952563341178               
19      25             -0.13957952563341178               
19      28             -0.13957952563341178               
19      37             -0.1395795256334118                
1       11             -0.1395795256334118                
7       15             -0.13957952563341183               
10      18             -0.13957952563341183               
1       18             -0.13957952563341183               
19      30             -0.13957952563341183               
11      30             -0.13957952563341183               
11      24             -0.13957952563341183               
11      28             -0.13957952563341183               
1       16             -0.13957952563341186               
5       12             -0.1395795256334119                
17      22             -0.1395795256334119                
8       23             -0.1395795256334119                
11      27             -0.1395795256334119                
11      37             -0.1395795256334119                
11      25             -0.1395795256334119                
21      25             -0.13957952563341192               
5       15             -0.13957952563341194               
8       31             -0.13957952563341194               
21      24             -0.13957952563341197               
21      28             -0.13957952563341197               
21      27             -0.139579525633412                 
21      30             -0.139579525633412                 
8       26             -0.139579525633412                 
8       32             -0.139579525633412                 
8       33             -0.139579525633412                 
13      23             -0.139579525633412                 
21      37             -0.13957952563341203               
18      22             -0.13957952563341203               
8       29             -0.13957952563341203               
5       13             -0.13957952563341205               
8       35             -0.13957952563341205               
8       36             -0.13957952563341208               
13      26             -0.13957952563341208               
8       34             -0.1395795256334121                
14      28             -0.1395795256334121                
13      29             -0.1395795256334121                
13      31             -0.1395795256334121                
13      32             -0.1395795256334121                
13      33             -0.1395795256334121                
7       37             -0.13957952563341217               
14      24             -0.13957952563341217               
14      25             -0.13957952563341217               
7       30             -0.1395795256334122                
5       25             -0.1395795256334122                
14      22             -0.1395795256334122                
13      35             -0.1395795256334122                
7       24             -0.13957952563341222               
7       25             -0.13957952563341222               
7       28             -0.13957952563341222               
14      27             -0.13957952563341222               
14      30             -0.13957952563341222               
14      37             -0.13957952563341222               
5       24             -0.13957952563341225               
5       28             -0.13957952563341225               
13      34             -0.13957952563341225               
5       22             -0.13957952563341228               
7       27             -0.13957952563341228               
5       30             -0.13957952563341228               
5       37             -0.13957952563341228               
18      25             -0.13957952563341228               
13      36             -0.13957952563341228               
5       27             -0.1395795256334123                
15      23             -0.1395795256334123                
18      24             -0.13957952563341233               
15      26             -0.13957952563341233               
18      28             -0.13957952563341236               
18      27             -0.1395795256334124                
18      30             -0.1395795256334124                
18      37             -0.1395795256334124                
10      23             -0.1395795256334124                
9       23             -0.1395795256334124                
15      31             -0.1395795256334124                
15      33             -0.1395795256334124                
7       12             -0.13957952563341242               
9       26             -0.13957952563341242               
15      29             -0.13957952563341242               
15      32             -0.13957952563341242               
9       29             -0.13957952563341244               
9       31             -0.13957952563341244               
9       32             -0.13957952563341244               
9       33             -0.13957952563341247               
15      34             -0.1395795256334125                
15      35             -0.1395795256334125                
15      36             -0.1395795256334125                
10      31             -0.13957952563341253               
10      26             -0.13957952563341255               
10      29             -0.13957952563341255               
10      33             -0.13957952563341255               
9       35             -0.13957952563341255               
16      25             -0.13957952563341258               
10      32             -0.13957952563341258               
16      24             -0.1395795256334126                
16      28             -0.1395795256334126                
9       36             -0.1395795256334126                
16      27             -0.13957952563341264               
9       34             -0.13957952563341264               
1       26             -0.13957952563341264               
1       31             -0.13957952563341264               
1       32             -0.13957952563341264               
1       23             -0.13957952563341264               
16      30             -0.13957952563341267               
16      37             -0.13957952563341267               
10      34             -0.13957952563341267               
10      35             -0.13957952563341267               
10      36             -0.13957952563341267               
1       29             -0.13957952563341267               
1       33             -0.13957952563341267               
12      26             -0.1395795256334127                
12      23             -0.1395795256334127                
12      31             -0.13957952563341272               
12      32             -0.13957952563341275               
12      33             -0.13957952563341275               
12      29             -0.13957952563341278               
1       36             -0.13957952563341283               
1       34             -0.13957952563341286               
1       35             -0.13957952563341286               
7       22             -0.1395795256334129                
16      22             -0.1395795256334129                
12      35             -0.1395795256334129                
12      36             -0.1395795256334129                
12      34             -0.13957952563341292               
21      22             -0.1395795256334131                
1       21             -0.13957952563341314               
10      11             -0.13957952563341317               
13      21             -0.1395795256334137                
12      21             -0.13957952563341375               
9       11             -0.1395795256334138                
15      21             -0.13957952563341408               
8       11             -0.13957952563341425               
10      21             -0.13957952563341483               
9       21             -0.1395795256334153                
8       21             -0.13957952563341558               
