3	32	9.312041997909545898e-01
4	33	9.272239208221435547e-01
2	32	9.174183607101440430e-01
3	33	9.099692106246948242e-01
4	32	8.972448706626892090e-01
4	31	8.971223831176757812e-01
5	32	8.957678079605102539e-01
2	33	8.930640816688537598e-01
5	30	8.896580338478088379e-01
3	31	8.573731184005737305e-01
6	29	8.558572530746459961e-01
1	33	8.512287735939025879e-01
6	31	8.499367237091064453e-01
5	31	8.471351861953735352e-01
3	34	8.418905735015869141e-01
1	32	8.261294960975646973e-01
7	30	8.247513771057128906e-01
6	30	8.166474103927612305e-01
4	30	7.994270324707031250e-01
2	31	7.728515267372131348e-01
1	34	7.455047369003295898e-01
2	34	7.401049137115478516e-01
3	30	6.692951917648315430e-01
5	29	6.647280454635620117e-01
4	29	4.983393847942352295e-01
1	28	3.711839020252227783e-01
2	27	2.310812175273895264e-01
1	29	2.114496231079101562e-01
2	28	1.715557575225830078e-01
5	28	1.694741249084472656e-01
1	27	1.515055298805236816e-01
3	26	1.464205086231231689e-01
3	27	1.333768367767333984e-01
2	26	8.586141467094421387e-02
