23	48	7.565551400184631348e-01
24	48	7.300125360488891602e-01
22	49	7.207600474357604980e-01
23	49	7.165497541427612305e-01
22	50	6.923909783363342285e-01
25	49	6.846558451652526855e-01
21	51	6.834732890129089355e-01
21	50	6.819083094596862793e-01
24	49	6.751883029937744141e-01
24	50	6.717319488525390625e-01
25	50	6.588133573532104492e-01
23	50	6.555806994438171387e-01
20	52	6.548229455947875977e-01
20	51	6.453582048416137695e-01
24	51	6.413052678108215332e-01
23	51	6.339747905731201172e-01
22	51	6.131891608238220215e-01
21	52	6.002256870269775391e-01
23	52	5.983575582504272461e-01
19	53	5.892453789710998535e-01
22	52	5.836430788040161133e-01
19	52	5.806251168251037598e-01
20	53	5.731990933418273926e-01
21	53	5.436829924583435059e-01
22	53	5.288842320442199707e-01
19	54	5.228732824325561523e-01
18	54	5.137365460395812988e-01
18	53	5.128304958343505859e-01
20	54	5.068947076797485352e-01
17	54	5.058724880218505859e-01
12	58	4.927694201469421387e-01
16	55	4.865127503871917725e-01
11	59	4.846233427524566650e-01
21	54	4.782236814498901367e-01
15	56	4.684454202651977539e-01
17	55	4.663214087486267090e-01
18	55	4.657473564147949219e-01
15	57	4.633180499076843262e-01
14	57	4.630861878395080566e-01
19	55	4.628121852874755859e-01
16	56	4.603587687015533447e-01
13	58	4.570420384407043457e-01
13	57	4.462887048721313477e-01
12	59	4.459688961505889893e-01
11	60	4.438712298870086670e-01
20	55	4.296211004257202148e-01
14	58	4.293115139007568359e-01
16	54	4.273936450481414795e-01
15	55	4.273825585842132568e-01
17	56	4.239171743392944336e-01
16	57	4.210641086101531982e-01
13	59	4.162486791610717773e-01
14	56	4.060694873332977295e-01
12	60	4.044836163520812988e-01
17	53	4.037673771381378174e-01
10	60	4.022180736064910889e-01
15	58	4.014015793800354004e-01
18	56	4.013444781303405762e-01
16	58	3.921041786670684814e-01
17	57	3.825695514678955078e-01
10	61	3.779794573783874512e-01
14	59	3.673287332057952881e-01
15	59	3.651610612869262695e-01
18	52	3.529489338397979736e-01
14	60	3.483540117740631104e-01
11	61	3.464691936969757080e-01
19	56	3.394375741481781006e-01
13	60	3.357133567333221436e-01
9	61	3.337124586105346680e-01
13	61	3.130242526531219482e-01
