4	33	9.699501991271972656e-01
4	31	9.696397185325622559e-01
5	30	9.688118100166320801e-01
5	32	9.661234617233276367e-01
3	32	9.660619497299194336e-01
5	31	9.657367467880249023e-01
4	32	9.654177427291870117e-01
6	30	9.652251005172729492e-01
6	29	9.619507193565368652e-01
6	31	9.611229300498962402e-01
7	30	9.572164416313171387e-01
3	33	9.482586979866027832e-01
2	33	9.355213642120361328e-01
2	32	9.346978664398193359e-01
4	30	9.313642978668212891e-01
3	31	9.203818440437316895e-01
5	29	8.999429345130920410e-01
1	33	8.931238651275634766e-01
3	34	8.911222815513610840e-01
1	34	8.251250982284545898e-01
1	32	8.150100111961364746e-01
2	34	8.118305206298828125e-01
3	30	8.046807050704956055e-01
2	31	7.859264016151428223e-01
4	29	7.795320749282836914e-01
5	28	7.105923891067504883e-01
2	27	3.593355119228363037e-01
3	26	3.359712958335876465e-01
1	28	3.135984241962432861e-01
3	27	2.822591662406921387e-01
2	28	2.746115624904632568e-01
1	29	2.483392357826232910e-01
1	27	1.674900054931640625e-01
2	26	1.541339755058288574e-01
