17	44	8.912650942802429199e-01
16	45	8.808025121688842773e-01
18	43	8.781175613403320312e-01
17	42	8.700760006904602051e-01
16	44	8.673598766326904297e-01
19	42	8.655017614364624023e-01
17	43	8.617591857910156250e-01
18	41	8.601796030998229980e-01
18	42	8.596717119216918945e-01
16	43	8.417271375656127930e-01
15	44	8.309800028800964355e-01
15	45	8.240611553192138672e-01
15	43	7.861390113830566406e-01
16	42	7.484483122825622559e-01
15	46	7.367374300956726074e-01
14	45	7.250609993934631348e-01
17	41	6.737578511238098145e-01
14	44	6.732397079467773438e-01
15	42	6.146377325057983398e-01
14	46	5.497726798057556152e-01
14	43	5.289766192436218262e-01
16	41	4.574441909790039062e-01
17	40	4.011064767837524414e-01
13	44	3.981911838054656982e-01
14	47	3.799477815628051758e-01
13	45	3.612647950649261475e-01
13	40	2.915636003017425537e-01
12	41	2.881489694118499756e-01
13	46	2.761588692665100098e-01
13	41	2.387703359127044678e-01
13	47	2.350096702575683594e-01
14	40	2.078739702701568604e-01
12	42	2.064017951488494873e-01
12	45	2.053052484989166260e-01
13	48	2.014248669147491455e-01
14	39	1.955225169658660889e-01
12	40	1.890948116779327393e-01
11	42	1.728231012821197510e-01
12	47	1.655074656009674072e-01
12	46	1.600551605224609375e-01
15	39	1.547252535820007324e-01
12	48	1.540124416351318359e-01
13	39	1.528348326683044434e-01
11	41	1.370133161544799805e-01
13	42	1.301305294036865234e-01
15	38	1.276134252548217773e-01
11	43	1.264318823814392090e-01
14	41	1.122876405715942383e-01
