4	33	8.420425653457641602e-01
2	32	8.308678865432739258e-01
3	32	8.165855407714843750e-01
3	33	7.840248346328735352e-01
5	32	7.790920734405517578e-01
2	33	7.435417175292968750e-01
5	30	7.427216768264770508e-01
4	32	7.323281764984130859e-01
1	33	7.188410758972167969e-01
4	31	7.170715928077697754e-01
3	34	7.021936178207397461e-01
3	31	6.950906515121459961e-01
6	31	6.910607814788818359e-01
5	31	6.687560081481933594e-01
6	30	6.625565886497497559e-01
7	30	6.117560267448425293e-01
1	32	6.088173389434814453e-01
1	34	5.906675457954406738e-01
6	29	5.904770493507385254e-01
2	31	5.825679302215576172e-01
4	30	5.785067081451416016e-01
2	34	5.233427882194519043e-01
3	30	5.215861201286315918e-01
5	29	4.110937714576721191e-01
1	28	2.520161271095275879e-01
4	29	2.202920019626617432e-01
1	29	1.358098089694976807e-01
2	27	1.168363094329833984e-01
2	28	1.146950125694274902e-01
1	27	8.715820312500000000e-02
5	28	8.598756790161132812e-02
3	27	8.560213446617126465e-02
4	34	6.404790282249450684e-02
7	31	6.233075261116027832e-02
