34	58	2.843544483184814453e-01
34	59	2.492532134056091309e-01
33	59	2.371141910552978516e-01
35	59	2.358330041170120239e-01
35	60	2.100446373224258423e-01
33	60	2.079079151153564453e-01
32	60	1.967221200466156006e-01
7	73	1.935021877288818359e-01
6	73	1.912602782249450684e-01
34	60	1.797778457403182983e-01
6	74	1.680518239736557007e-01
32	61	1.591862291097640991e-01
7	72	1.571438908576965332e-01
7	74	1.504414975643157959e-01
34	61	1.468355655670166016e-01
36	60	1.447927802801132202e-01
6	72	1.408961713314056396e-01
31	61	1.394047737121582031e-01
33	61	1.320652961730957031e-01
8	73	1.309667676687240601e-01
8	74	1.291441619396209717e-01
6	71	1.267047971487045288e-01
31	62	1.255845725536346436e-01
30	62	1.252102404832839966e-01
33	58	1.243053376674652100e-01
8	60	1.221117675304412842e-01
8	59	1.213192045688629150e-01
8	58	1.170541048049926758e-01
9	73	1.150924712419509888e-01
8	61	1.147491782903671265e-01
35	61	1.136901974678039551e-01
8	57	1.115869134664535522e-01
7	71	1.111764758825302124e-01
32	62	1.078129410743713379e-01
8	72	1.076460927724838257e-01
8	56	1.060784161090850830e-01
9	74	1.058954894542694092e-01
33	62	1.049280017614364624e-01
30	63	1.040687561035156250e-01
7	61	1.006866544485092163e-01
9	58	1.002321541309356689e-01
8	55	1.000684052705764771e-01
9	57	9.996119141578674316e-02
6	70	9.970343112945556641e-02
32	59	9.890946745872497559e-02
7	60	9.863458573818206787e-02
9	59	9.835556149482727051e-02
9	56	9.795188903808593750e-02
7	75	9.789052605628967285e-02
8	62	9.771066904067993164e-02
7	62	9.617459774017333984e-02
34	62	9.571585059165954590e-02
9	55	9.424866735935211182e-02
8	54	9.409797191619873047e-02
9	60	9.357485175132751465e-02
7	59	9.341387450695037842e-02
29	63	9.263084828853607178e-02
29	64	9.118737280368804932e-02
33	57	9.088926017284393311e-02
31	63	9.040230512619018555e-02
8	53	8.956092596054077148e-02
9	54	8.903910219669342041e-02
7	58	8.865259587764739990e-02
31	60	8.759841322898864746e-02
8	52	8.568970859050750732e-02
7	63	8.553616702556610107e-02
6	75	8.545807003974914551e-02
9	61	8.416542410850524902e-02
7	57	8.398197591304779053e-02
9	53	8.396573364734649658e-02
30	61	8.383971452713012695e-02
28	65	8.181761205196380615e-02
10	57	8.177818357944488525e-02
8	51	8.168588578701019287e-02
32	58	8.156767487525939941e-02
10	58	8.123430609703063965e-02
10	56	8.056540787220001221e-02
9	52	8.040983974933624268e-02
30	64	8.008579909801483154e-02
32	63	8.006231486797332764e-02
7	56	7.984694838523864746e-02
8	75	7.978369295597076416e-02
