4	66	8.472175598144531250e-01
2	65	8.385285139083862305e-01
3	66	8.100334405899047852e-01
1	66	8.013906478881835938e-01
1	65	7.780299782752990723e-01
3	65	7.741186022758483887e-01
2	66	7.685116529464721680e-01
4	65	7.667875885963439941e-01
3	67	7.081899642944335938e-01
5	65	7.080279588699340820e-01
4	64	6.833041906356811523e-01
5	63	6.774712204933166504e-01
1	67	6.745641827583312988e-01
3	64	6.690319776535034180e-01
5	64	6.468204259872436523e-01
2	64	6.460800170898437500e-01
2	67	5.755818486213684082e-01
6	63	5.750392079353332520e-01
6	64	5.175566077232360840e-01
4	63	5.123280882835388184e-01
3	63	5.022719502449035645e-01
6	62	4.230379462242126465e-01
5	62	3.476029634475708008e-01
32	65	3.383372724056243896e-01
7	62	3.022395372390747070e-01
33	64	2.960698008537292480e-01
32	64	2.564825713634490967e-01
6	61	2.352718710899353027e-01
4	62	2.303151786327362061e-01
7	63	2.000908553600311279e-01
34	63	1.935565471649169922e-01
1	61	1.869180500507354736e-01
31	64	1.766481995582580566e-01
31	63	1.657608747482299805e-01
33	63	1.609443724155426025e-01
31	66	1.587817072868347168e-01
7	61	1.576348841190338135e-01
32	63	1.499253809452056885e-01
31	65	1.444173753261566162e-01
1	62	1.370581090450286865e-01
7	60	1.365279853343963623e-01
8	60	1.343210339546203613e-01
32	62	1.139672398567199707e-01
5	61	1.114630401134490967e-01
34	62	1.083157956600189209e-01
30	63	1.082000732421875000e-01
35	62	1.068520247936248779e-01
8	62	1.053959131240844727e-01
2	60	1.042891740798950195e-01
6	60	1.015547811985015869e-01
8	61	1.004291176795959473e-01
2	61	9.704595804214477539e-02
7	59	9.449225664138793945e-02
8	59	9.124782681465148926e-02
30	64	9.067809581756591797e-02
33	62	9.051433205604553223e-02
30	66	8.811682462692260742e-02
31	62	8.761405944824218750e-02
8	58	8.698153495788574219e-02
9	61	8.643177151679992676e-02
9	62	8.506813645362854004e-02
11	34	8.364352583885192871e-02
9	60	8.343976736068725586e-02
1	60	8.220130205154418945e-02
30	67	8.206182718276977539e-02
12	35	8.015719056129455566e-02
9	59	8.000972867012023926e-02
