29	54	3.016954064369201660e-01
2	78	3.002417981624603271e-01
29	53	2.966116964817047119e-01
1	79	2.956590056419372559e-01
2	77	2.795079052448272705e-01
30	54	2.753521203994750977e-01
2	79	2.701342701911926270e-01
1	80	2.676512598991394043e-01
29	55	2.601792216300964355e-01
28	55	2.542760372161865234e-01
1	78	2.475081980228424072e-01
25	59	2.470581382513046265e-01
28	54	2.450937479734420776e-01
28	56	2.445710003376007080e-01
27	57	2.322470694780349731e-01
24	61	2.222780734300613403e-01
26	58	2.205903083086013794e-01
28	53	2.199549078941345215e-01
2	80	2.191571146249771118e-01
24	60	2.183203250169754028e-01
27	56	2.122167944908142090e-01
25	60	2.085304409265518188e-01
23	61	2.036356925964355469e-01
23	62	1.992171257734298706e-01
27	55	1.983254998922348022e-01
19	69	1.947254091501235962e-01
26	59	1.936270147562026978e-01
19	70	1.908642500638961792e-01
27	54	1.877504140138626099e-01
3	76	1.852466911077499390e-01
3	77	1.819375157356262207e-01
18	71	1.814405173063278198e-01
3	79	1.810633391141891479e-01
18	70	1.806451082229614258e-01
30	55	1.801777929067611694e-01
3	78	1.774570196866989136e-01
27	58	1.751840561628341675e-01
29	56	1.694948226213455200e-01
28	57	1.680896729230880737e-01
22	63	1.602035909891128540e-01
25	58	1.601451933383941650e-01
26	57	1.590211987495422363e-01
24	59	1.573554873466491699e-01
4	76	1.562901735305786133e-01
26	55	1.559007614850997925e-01
4	75	1.512874960899353027e-01
26	56	1.510829329490661621e-01
20	69	1.506352424621582031e-01
22	62	1.497457623481750488e-01
17	71	1.441305726766586304e-01
28	52	1.425364911556243896e-01
27	53	1.422327458858489990e-01
20	68	1.408202499151229858e-01
9	65	1.406925767660140991e-01
26	54	1.396223455667495728e-01
5	75	1.392496377229690552e-01
17	72	1.390364766120910645e-01
20	70	1.386145651340484619e-01
24	62	1.358116418123245239e-01
19	71	1.346433460712432861e-01
21	64	1.320139765739440918e-01
22	64	1.303803771734237671e-01
25	61	1.295211315155029297e-01
23	60	1.278387159109115601e-01
23	63	1.273634731769561768e-01
21	65	1.266449838876724243e-01
25	57	1.259334832429885864e-01
9	64	1.230850070714950562e-01
6	76	1.225656867027282715e-01
26	60	1.215421706438064575e-01
5	77	1.215417534112930298e-01
18	69	1.215370446443557739e-01
4	77	1.211957186460494995e-01
5	76	1.206735670566558838e-01
25	56	1.203460395336151123e-01
25	55	1.198239922523498535e-01
19	68	1.194349080324172974e-01
18	68	1.188661009073257446e-01
20	66	1.176577061414718628e-01
10	66	1.173286139965057373e-01
