14	52	7.480679750442504883e-01
13	52	6.983084678649902344e-01
13	51	6.740604043006896973e-01
14	51	6.576269865036010742e-01
14	53	6.145930290222167969e-01
11	54	5.926116704940795898e-01
13	53	5.612353682518005371e-01
17	41	5.525493621826171875e-01
12	54	5.472077727317810059e-01
12	55	5.402463674545288086e-01
11	55	5.379678010940551758e-01
13	50	5.196036696434020996e-01
15	52	5.138425827026367188e-01
16	42	4.918000996112823486e-01
16	41	4.860679805278778076e-01
17	42	4.823971092700958252e-01
14	54	4.777328372001647949e-01
13	54	4.762494564056396484e-01
15	53	4.644927978515625000e-01
13	55	4.533544778823852539e-01
15	54	4.451729953289031982e-01
15	42	4.262163341045379639e-01
14	55	4.247305691242218018e-01
12	56	4.086744189262390137e-01
13	56	3.877353072166442871e-01
15	43	3.854923844337463379e-01
10	55	3.849489092826843262e-01
14	50	3.798010349273681641e-01
16	43	3.790680170059204102e-01
15	55	3.618422746658325195e-01
15	41	3.565967679023742676e-01
14	43	3.415009975433349609e-01
6	65	3.368549942970275879e-01
16	40	3.367376625537872314e-01
17	43	3.339590728282928467e-01
13	49	3.320573270320892334e-01
7	65	3.265072405338287354e-01
10	54	3.254334926605224609e-01
11	56	3.189144730567932129e-01
12	53	3.136995434761047363e-01
16	53	3.046070933341979980e-01
18	42	3.017167448997497559e-01
7	64	2.995661497116088867e-01
6	64	2.875064015388488770e-01
10	43	2.792618274688720703e-01
9	43	2.792088985443115234e-01
14	42	2.787484526634216309e-01
16	54	2.770418524742126465e-01
6	66	2.764076590538024902e-01
10	42	2.737364768981933594e-01
7	66	2.673987150192260742e-01
13	43	2.672951519489288330e-01
9	42	2.651839256286621094e-01
11	43	2.648406624794006348e-01
12	43	2.629288434982299805e-01
14	56	2.559256553649902344e-01
18	43	2.494757026433944702e-01
16	44	2.490606456995010376e-01
14	44	2.482019811868667603e-01
15	44	2.447853237390518188e-01
10	44	2.444187849760055542e-01
11	44	2.438532561063766479e-01
13	42	2.422301322221755981e-01
14	41	2.337210923433303833e-01
9	44	2.319355905055999756e-01
12	44	2.317395508289337158e-01
11	42	2.317093461751937866e-01
10	41	2.295398712158203125e-01
15	51	2.269104123115539551e-01
8	43	2.267622947692871094e-01
19	43	2.251335829496383667e-01
12	42	2.225693464279174805e-01
13	44	2.216701060533523560e-01
8	42	2.189768105745315552e-01
8	65	2.177490592002868652e-01
