1	31	1.792937666177749634e-01
3	29	1.540602445602416992e-01
4	28	1.302596777677536011e-01
4	29	1.105216890573501587e-01
2	30	1.085534691810607910e-01
1	32	1.081289201974868774e-01
2	31	1.070355325937271118e-01
3	30	9.421025216579437256e-02
4	32	8.351400494575500488e-02
5	29	8.087147772312164307e-02
6	30	7.897530496120452881e-02
3	33	7.694137096405029297e-02
2	34	7.624284923076629639e-02
1	34	7.599128782749176025e-02
4	30	7.320664823055267334e-02
1	33	7.287406921386718750e-02
2	32	7.042536139488220215e-02
1	35	6.804132461547851562e-02
3	31	6.776185333728790283e-02
2	26	6.676371395587921143e-02
5	31	6.625132262706756592e-02
3	32	6.592221558094024658e-02
2	33	6.132930517196655273e-02
3	28	5.974386632442474365e-02
5	30	5.925299227237701416e-02
1	27	5.801013112068176270e-02
4	31	5.798114836215972900e-02
2	27	5.541300773620605469e-02
3	34	5.300495028495788574e-02
1	28	5.298052728176116943e-02
2	35	5.244673788547515869e-02
3	27	5.049814283847808838e-02
2	29	5.022297799587249756e-02
4	33	4.991459846496582031e-02
3	35	4.955068230628967285e-02
2	36	4.909922182559967041e-02
3	36	4.904399812221527100e-02
4	36	4.759658873081207275e-02
2	28	4.700268805027008057e-02
4	37	4.624016582965850830e-02
3	37	4.618847370147705078e-02
4	35	4.604814946651458740e-02
1	30	4.540912806987762451e-02
4	34	4.486256837844848633e-02
