4	31	9.458179473876953125e-01
3	30	9.429358243942260742e-01
4	29	9.413065910339355469e-01
5	28	9.373388290405273438e-01
5	30	9.369044303894042969e-01
4	30	9.301309585571289062e-01
3	31	9.262374639511108398e-01
2	30	9.256829023361206055e-01
5	29	9.253742694854736328e-01
2	31	9.176006317138671875e-01
3	29	8.963550329208374023e-01
1	31	8.906093835830688477e-01
6	29	8.885158300399780273e-01
4	28	8.793159723281860352e-01
3	32	8.753707408905029297e-01
1	30	8.388789892196655273e-01
1	32	8.174616098403930664e-01
2	32	8.160480260848999023e-01
2	29	7.888075709342956543e-01
3	28	7.797975540161132812e-01
4	27	7.302007675170898438e-01
1	26	3.895035386085510254e-01
2	25	3.827321529388427734e-01
2	26	2.847564220428466797e-01
1	27	2.532024681568145752e-01
1	25	2.256004214286804199e-01
4	32	7.252523303031921387e-02
3	27	7.224196195602416992e-02
6	30	6.750327348709106445e-02
5	31	6.654429435729980469e-02
3	26	6.528952717781066895e-02
2	28	6.470999121665954590e-02
