10	60	9.259675145149230957e-01
10	61	9.181888103485107422e-01
11	59	9.160085916519165039e-01
4	67	9.159631729125976562e-01
11	60	9.159221649169921875e-01
9	62	9.133209586143493652e-01
12	59	9.125222563743591309e-01
11	58	9.082645773887634277e-01
3	66	9.063664674758911133e-01
10	59	9.025568962097167969e-01
9	61	8.943124413490295410e-01
3	67	8.927472829818725586e-01
2	66	8.925045728683471680e-01
9	60	8.793082237243652344e-01
12	57	8.772699236869812012e-01
8	63	8.757734298706054688e-01
2	67	8.730430603027343750e-01
4	65	8.702735900878906250e-01
5	66	8.697056770324707031e-01
12	58	8.660922050476074219e-01
4	66	8.646088838577270508e-01
13	58	8.537639379501342773e-01
1	67	8.526831865310668945e-01
3	68	8.324918150901794434e-01
1	66	8.318197131156921387e-01
6	65	8.245546221733093262e-01
8	61	8.230764865875244141e-01
10	58	8.197903633117675781e-01
5	64	8.185076713562011719e-01
8	62	8.146833181381225586e-01
7	64	8.106588721275329590e-01
3	65	7.965091466903686523e-01
9	59	7.879610657691955566e-01
5	65	7.820690274238586426e-01
13	57	7.783716917037963867e-01
1	68	7.628452777862548828e-01
7	63	7.473264932632446289e-01
8	60	7.434605360031127930e-01
6	63	7.402927279472351074e-01
6	64	7.372732162475585938e-01
9	58	7.303102612495422363e-01
2	68	7.176607847213745117e-01
4	64	7.162839174270629883e-01
7	62	7.124267816543579102e-01
2	65	7.105243802070617676e-01
13	56	6.935032010078430176e-01
14	57	6.696123480796813965e-01
11	57	6.672025322914123535e-01
10	57	6.257429718971252441e-01
8	59	6.204597949981689453e-01
7	61	6.146026849746704102e-01
3	64	6.091536879539489746e-01
5	63	6.042359471321105957e-01
12	56	5.999089479446411133e-01
6	62	5.704935789108276367e-01
4	63	5.083326697349548340e-01
7	60	4.787626862525939941e-01
7	57	4.740601480007171631e-01
13	55	4.665791988372802734e-01
15	56	4.458084106445312500e-01
14	56	4.432478249073028564e-01
14	55	3.575133085250854492e-01
8	56	3.533166944980621338e-01
11	56	3.455246090888977051e-01
7	56	3.267122507095336914e-01
6	61	2.904182672500610352e-01
5	62	2.820768952369689941e-01
8	55	2.740942835807800293e-01
