3	110	9.691500663757324219e-01
2	110	9.665736556053161621e-01
2	111	9.664994478225708008e-01
4	111	9.656067490577697754e-01
3	111	9.653221964836120605e-01
4	110	9.633396863937377930e-01
5	110	9.482990503311157227e-01
4	109	9.417542219161987305e-01
3	109	9.390972256660461426e-01
1	111	9.388611316680908203e-01
6	109	9.298704266548156738e-01
5	109	9.296923279762268066e-01
2	112	9.190374612808227539e-01
6	108	9.157326221466064453e-01
1	112	9.081997275352478027e-01
1	110	9.055896997451782227e-01
4	108	9.008249044418334961e-01
2	109	9.003391861915588379e-01
3	112	8.988958597183227539e-01
5	108	8.978512287139892578e-01
6	107	8.908272385597229004e-01
7	108	8.889453411102294922e-01
7	107	8.848115205764770508e-01
3	108	8.739647865295410156e-01
5	107	8.624367713928222656e-01
7	106	8.583339452743530273e-01
7	105	8.536995649337768555e-01
6	106	8.532382249832153320e-01
4	107	8.520251512527465820e-01
8	107	8.292499780654907227e-01
8	106	8.076524138450622559e-01
8	105	8.071376085281372070e-01
6	105	8.008755445480346680e-01
7	104	7.887897491455078125e-01
8	104	7.825663685798645020e-01
5	106	7.740754485130310059e-01
9	106	7.200453877449035645e-01
9	105	6.737737655639648438e-01
9	104	6.565471887588500977e-01
23	58	6.348420977592468262e-01
23	59	6.344698667526245117e-01
22	59	6.302098035812377930e-01
24	58	6.272804737091064453e-01
8	103	6.270266771316528320e-01
22	60	6.257973909378051758e-01
21	60	6.201757192611694336e-01
25	57	6.177778244018554688e-01
24	57	6.166281700134277344e-01
21	61	6.107685565948486328e-01
23	60	5.986114740371704102e-01
24	61	5.979331135749816895e-01
23	62	5.969483852386474609e-01
20	61	5.961954593658447266e-01
24	59	5.908994078636169434e-01
23	61	5.903451442718505859e-01
22	61	5.873111486434936523e-01
20	62	5.819112658500671387e-01
25	56	5.814048051834106445e-01
24	60	5.807697772979736328e-01
26	56	5.792674422264099121e-01
22	62	5.752979516983032227e-01
22	63	5.717808604240417480e-01
25	60	5.708303451538085938e-01
19	62	5.695878267288208008e-01
21	62	5.694745779037475586e-01
25	58	5.624203681945800781e-01
25	59	5.550650954246520996e-01
26	57	5.527014732360839844e-01
19	63	5.445330142974853516e-01
20	63	5.436717867851257324e-01
18	63	5.420440435409545898e-01
21	63	5.372189283370971680e-01
26	55	5.357871055603027344e-01
9	103	5.304677486419677734e-01
10	105	5.273558497428894043e-01
26	59	5.261439085006713867e-01
21	64	5.249778032302856445e-01
27	55	5.246372818946838379e-01
27	56	5.243449211120605469e-01
26	58	5.222032070159912109e-01
28	53	5.219537019729614258e-01
10	104	5.186346769332885742e-01
27	57	5.158289074897766113e-01
27	54	5.153279304504394531e-01
29	53	5.095396637916564941e-01
18	64	5.078563690185546875e-01
17	64	5.050158500671386719e-01
28	56	5.048216581344604492e-01
19	64	5.014946460723876953e-01
27	58	4.970134794712066650e-01
28	55	4.967247247695922852e-01
28	54	4.948706626892089844e-01
28	57	4.875135421752929688e-01
20	64	4.769771099090576172e-01
30	54	4.759027957916259766e-01
17	65	4.730973243713378906e-01
29	54	4.689157605171203613e-01
29	55	4.646059870719909668e-01
29	56	4.563202559947967529e-01
20	65	4.550497531890869141e-01
18	65	4.550215303897857666e-01
10	103	4.471935629844665527e-01
16	65	4.412182867527008057e-01
16	66	4.349897503852844238e-01
9	102	4.139144718647003174e-01
17	66	4.128788113594055176e-01
15	67	4.104050099849700928e-01
30	55	4.082906842231750488e-01
19	65	4.037618339061737061e-01
15	66	3.849307894706726074e-01
19	66	3.779324889183044434e-01
14	67	3.744871020317077637e-01
