4	54	7.991430759429931641e-01
2	53	7.719347476959228516e-01
3	54	7.173352241516113281e-01
1	54	7.134261131286621094e-01
3	53	7.084346413612365723e-01
5	53	7.020806670188903809e-01
1	53	6.763889193534851074e-01
4	53	6.688581109046936035e-01
2	54	6.687294244766235352e-01
3	55	6.282393336296081543e-01
5	51	6.279989480972290039e-01
4	52	6.273094415664672852e-01
6	52	6.034511327743530273e-01
5	52	5.717446208000183105e-01
1	55	5.625312924385070801e-01
3	52	5.597396492958068848e-01
6	51	5.522410273551940918e-01
2	52	5.158119201660156250e-01
7	51	4.593531191349029541e-01
4	51	4.479157924652099609e-01
2	55	4.455300569534301758e-01
3	51	3.204940557479858398e-01
5	50	3.025409281253814697e-01
6	50	2.905856966972351074e-01
7	50	2.770570516586303711e-01
8	50	2.024168968200683594e-01
4	50	1.727026104927062988e-01
6	49	1.612481772899627686e-01
7	49	1.345473229885101318e-01
8	49	1.325287222862243652e-01
1	49	1.322416365146636963e-01
9	49	1.130845844745635986e-01
5	49	9.614390134811401367e-02
7	48	9.408980607986450195e-02
1	50	9.067189693450927734e-02
8	48	8.624780178070068359e-02
2	48	8.568942546844482422e-02
2	49	8.166712522506713867e-02
1	48	8.080485463142395020e-02
6	48	7.938289642333984375e-02
9	48	7.716196775436401367e-02
3	48	7.284161448478698730e-02
9	50	7.004633545875549316e-02
10	48	6.966871023178100586e-02
8	51	6.875872611999511719e-02
9	47	6.687611341476440430e-02
7	47	6.573009490966796875e-02
8	47	6.453922390937805176e-02
7	52	6.321913003921508789e-02
4	49	6.309705972671508789e-02
4	55	6.196138262748718262e-02
10	49	6.135198473930358887e-02
10	47	6.133481860160827637e-02
5	48	5.992278456687927246e-02
5	54	5.826181173324584961e-02
