20	43	5.624592304229736328e-02
19	42	5.529367923736572266e-02
21	44	5.524936318397521973e-02
18	41	5.412814021110534668e-02
19	43	5.386048555374145508e-02
15	38	5.385863780975341797e-02
14	37	5.385428667068481445e-02
20	44	5.371546745300292969e-02
17	40	5.350014567375183105e-02
16	39	5.346965789794921875e-02
13	36	5.299532413482666016e-02
22	45	5.295377969741821289e-02
18	42	5.260071158409118652e-02
21	45	5.213287472724914551e-02
19	44	5.191108584403991699e-02
1	24	5.172941088676452637e-02
18	43	5.161848664283752441e-02
1	25	5.130091309547424316e-02
17	41	5.121049284934997559e-02
12	35	5.105617642402648926e-02
20	45	5.091881752014160156e-02
16	40	5.031588673591613770e-02
23	46	5.028644204139709473e-02
14	38	5.023571848869323730e-02
15	39	5.023244023323059082e-02
18	44	5.020484328269958496e-02
17	42	5.018979310989379883e-02
22	46	5.014592409133911133e-02
1	26	4.984879493713378906e-02
13	37	4.980531334877014160e-02
21	46	4.968175292015075684e-02
19	45	4.965960979461669922e-02
17	43	4.957786202430725098e-02
20	46	4.897144436836242676e-02
11	34	4.857352375984191895e-02
17	44	4.856422543525695801e-02
16	41	4.849830269813537598e-02
18	45	4.847800731658935547e-02
12	36	4.833757877349853516e-02
22	47	4.825970530509948730e-02
21	47	4.814365506172180176e-02
19	46	4.813554883003234863e-02
1	27	4.808273911476135254e-02
23	47	4.801964759826660156e-02
16	42	4.794844985008239746e-02
24	47	4.773637652397155762e-02
20	47	4.773414134979248047e-02
15	40	4.752758145332336426e-02
16	43	4.750281572341918945e-02
18	46	4.730102419853210449e-02
17	45	4.729279875755310059e-02
14	39	4.724046587944030762e-02
19	47	4.715713858604431152e-02
13	38	4.714256525039672852e-02
1	37	4.692476987838745117e-02
1	36	4.689425230026245117e-02
1	38	4.685008525848388672e-02
16	44	4.677423834800720215e-02
